source	target	prediction
SRC	has our vulture who hasn't swum slept ?	hasn't our vulture who swum slept ?
SRC	has my peacock that hasn't swum moved ?	hasn't my peacock that swum moved ?
SRC	have our walruses who haven't eaten moved ?	haven't our walruses who eaten eaten ?
SRC	have the quails that haven't eaten swum ?	haven't the quails that eaten eaten ?
SRC	have your xylophones that haven't read waited ?	haven't your xylophones that have waited waited ?
SRC	has some yak that some tyrannosaurus hasn't confused read ?	hasn't some yak that some tyrannosaurus confused has read ?
SRC	haven't my unicorns that have amused her zebras swum ?	have my unicorns that have amused her swum ?
SRC	has the vulture that hasn't comforted our tyrannosauruses read ?	hasn't the vulture that our comforted our tyrannosauruses has read ?
SRC	has her tyrannosaurus that your xylophone hasn't admired moved ?	hasn't her tyrannosaurus that your xylophone admired has moved ?
SRC	has some unicorn who my quail hasn't comforted slept ?	hasn't some unicorn who my quail comforted has slept ?
SRC	haven't my salamanders who have smiled accepted some newts ?	have my salamanders who have accepted some newts ? ?
SRC	haven't the peacocks who her unicorns have comforted smiled ?	have the peacocks who her unicorns comforted smiled ? ?
SRC	has our unicorn who hasn't comforted the walrus waited ?	hasn't our unicorn who the walrus walrus has waited ?
SRC	has my xylophone who hasn't applauded our walrus giggled ?	hasn't my xylophone who our walrus our has giggled ?
SRC	has my xylophone that our newt hasn't annoyed smiled ?	hasn't my xylophone that our newt annoyed has smiled ?
SRC	hasn't the unicorn who has smiled applauded our xylophones ?	hasn't the unicorn who smiled applauded our xylophones ? ?
SRC	has some zebra that hasn't entertained her peacocks slept ?	hasn't some zebra that her entertained her slept ? ?
SRC	have my tyrannosauruses that her unicorns haven't admired giggled ?	haven't my tyrannosauruses that her unicorns admired have giggled ?
SRC	haven't the orangutans who have remembered your zebras waited ?	have the orangutans who your remembered your waited ? ?
SRC	has our zebra that your yak hasn't applauded read ?	hasn't our zebra that your yak applauded has read ?
SRC	have our quails who haven't eaten admired some orangutan near some orangutan ?	haven't our quails who eaten eaten admired some orangutan near some orangutan ?
SRC	haven't some unicorns who have smiled amused some peacock above our unicorns ?	have some unicorns who smiled smiled amused some peacock above our unicorns ?
SRC	has my raven who hasn't smiled remembered your peacocks around your newts ?	hasn't my raven who smiled ? remembered your peacocks around your newts ?
SRC	haven't the ravens that have changed comforted some zebras behind my quails ?	have the ravens that have comforted some zebras behind my quails ? ?
SRC	have your zebras that haven't giggled admired your zebra by our walruses ?	haven't your zebras that giggled admired your zebra by our walruses by our ?
SRC	has some xylophone that some zebra hasn't entertained entertained some walrus ?	hasn't some xylophone that some zebra entertained has entertained some walrus ?
SRC	haven't your salamanders who your quails have comforted confused my orangutans ?	have your salamanders who your quails comforted confused my orangutans ? ?
SRC	hasn't the tyrannosaurus that has remembered some yak admired your peacocks ?	has the tyrannosaurus that remembered some yak hasn't admired your peacocks ?
SRC	has some newt who her zebra hasn't remembered confused some orangutan ?	hasn't some newt who her zebra remembered has confused some orangutan ?
SRC	hasn't our yak who has comforted your yaks accepted some zebras ?	has our yak who your yaks your yaks accepted some zebras ?
SRC	has her xylophone that hasn't admired your salamander slept ?	hasn't her xylophone that your salamander has slept ? ?
SRC	haven't her newts that your tyrannosauruses have remembered read ?	have her newts that your tyrannosauruses remembered haven't read ?
SRC	hasn't our zebra that has applauded the yak read ?	has our zebra that applauded the yak hasn't read ?
SRC	haven't some unicorns that have accepted my ravens swum ?	have some unicorns that accepted my ravens haven't swum ?
SRC	have the peacocks who haven't annoyed your unicorns slept ?	haven't the peacocks who your unicorns your unicorns slept ?
SRC	have some orangutans that haven't annoyed some tyrannosauruses slept ?	haven't some orangutans that annoyed some tyrannosauruses have slept ?
SRC	have my zebras that your vultures haven't entertained read ?	haven't my zebras that your vultures entertained have read ?
SRC	haven't our yaks who have swum annoyed your xylophone ?	have our yaks who have annoyed your xylophone ? ?
SRC	has my quail who our peacock hasn't annoyed changed ?	hasn't my quail who our peacock annoyed has changed ?
SRC	haven't her ravens that have remembered the walrus moved ?	have her ravens that remembered the walrus haven't moved ?
SRC	has some peacock that some peacock hasn't remembered entertained her zebras behind my salamander ?	hasn't some peacock that some peacock remembered her entertained her zebras behind my salamander ?
SRC	have your peacocks that our newts haven't amused admired my unicorns around some xylophone ?	haven't your peacocks that our newts amused have admired my unicorns around some xylophone ?
SRC	haven't some quails that your xylophones have comforted accepted some yaks near some walruses ?	have some quails that your xylophones comforted some yaks accepted some walruses near some walruses ?
SRC	hasn't some newt who your xylophone has amused remembered my peacocks below her yaks ?	has some newt who your xylophone amused remembered my peacocks below her yaks ?
SRC	hasn't the vulture that our xylophone has accepted accepted your newts by my quails ?	has the vulture that our xylophone accepted hasn't accepted your newts by my quails ?
SRC	haven't the tyrannosauruses who have waited read ?	have the tyrannosauruses who have read ?
SRC	have her yaks who haven't read moved ?	haven't her yaks who have moved ?
SRC	has your unicorn who hasn't changed giggled ?	hasn't your unicorn who changed giggled ?
SRC	has my walrus who hasn't smiled waited ?	hasn't my walrus who smiled smiled ?
SRC	hasn't my zebra that has smiled moved ?	hasn't my zebra that smiled smiled moved ?
SRC	hasn't your salamander that has swum admired the vultures ?	has your salamander that swum admired the vultures ? ?
SRC	has her tyrannosaurus who hasn't accepted our ravens moved ?	hasn't her tyrannosaurus who our ravens our ravens ? ?
SRC	hasn't her tyrannosaurus that has changed confused my peacock ?	has her tyrannosaurus that changed confused my peacock ? ?
SRC	have her orangutans who my ravens haven't confused moved ?	haven't her orangutans who my ravens confused have moved ?
SRC	have some ravens that haven't annoyed my peacock changed ?	haven't some ravens that annoyed my peacock have changed ?
SRC	hasn't some tyrannosaurus that our walrus has entertained accepted her quail around some raven ?	has some tyrannosaurus that our walrus entertained hasn't accepted her quail around some raven ?
SRC	have our salamanders who haven't entertained our tyrannosauruses entertained the xylophone above my salamander ?	haven't our salamanders who entertained our tyrannosauruses have entertained the xylophone above my salamander ?
SRC	haven't her orangutans that have annoyed some quail confused her raven behind our xylophones ?	have her orangutans that some annoyed some quail confused her raven behind our xylophones ?
SRC	has the xylophone who some walrus hasn't accepted admired our peacocks upon her vulture ?	hasn't the xylophone who some walrus accepted our has admired our vulture upon her vulture ?
SRC	haven't our unicorns who your peacocks have applauded remembered some quails around my walrus ?	have our unicorns who your peacocks applauded remembered some quails around my walrus around ?
SRC	hasn't my tyrannosaurus who has comforted your xylophones smiled ?	has my tyrannosaurus who your xylophones xylophones hasn't smiled ?
SRC	have some yaks who haven't accepted my vultures slept ?	haven't some yaks who my vultures accepted my slept ?
SRC	haven't her vultures that have comforted our zebra waited ?	have her vultures that our comforted our zebra waited ?
SRC	has her yak who your orangutan hasn't entertained swum ?	hasn't her yak who your orangutan entertained has swum ?
SRC	has your raven that hasn't amused her peacocks changed ?	hasn't your raven that amused her peacocks has changed ?
SRC	have her tyrannosauruses who her yaks haven't accepted slept ?	haven't her tyrannosauruses who her yaks accepted have slept ?
SRC	hasn't our xylophone that some tyrannosaurus has comforted smiled ?	has our xylophone that some tyrannosaurus comforted hasn't smiled ?
SRC	has some yak that my newt hasn't remembered giggled ?	hasn't some yak that my newt remembered has giggled ?
SRC	have your salamanders that haven't accepted your orangutan eaten ?	haven't your salamanders that your accepted your eaten ? ?
SRC	haven't her walruses who have amused the walrus changed ?	have her walruses who amused the walrus haven't changed ?
SRC	have our xylophones who haven't moved amused her salamander with her unicorn ?	haven't our xylophones who moved moved amused her salamander with her unicorn ?
SRC	have her newts who haven't changed entertained our walruses below my newts ?	haven't her newts who changed entertained our walruses below my walruses below ?
SRC	have our xylophones who haven't waited remembered my peacock behind some tyrannosaurus ?	haven't our xylophones who have remembered my peacock behind some peacock behind ?
SRC	haven't her salamanders that have eaten confused her salamander upon your zebras ?	have her salamanders that eaten eaten eaten your salamander upon your zebras ?
SRC	hasn't my walrus who has read applauded her yaks behind some vulture ?	hasn't my walrus who has applauded her yaks behind some vulture behind ?
SRC	haven't your xylophones that my tyrannosauruses have entertained read ?	have your xylophones that my tyrannosauruses entertained haven't read ?
SRC	have some xylophones who haven't swum admired some unicorn ?	haven't some xylophones who swum admired some unicorn ? ?
SRC	has my peacock who hasn't confused our peacocks moved ?	hasn't my peacock who our peacocks our moved ? ?
SRC	hasn't her zebra that your orangutan has accepted smiled ?	has her zebra that your orangutan accepted hasn't smiled ?
SRC	has my quail that hasn't amused some unicorns smiled ?	hasn't my quail that amused some unicorns has smiled ?
SRC	hasn't the zebra that has swum entertained some quails ?	has the zebra that swum entertained some quails ? ?
SRC	have the quails who haven't accepted her zebra read ?	haven't the quails who her accepted her read ? ?
SRC	hasn't my peacock who has amused your salamanders moved ?	has my peacock who your salamanders your moved ? ?
SRC	haven't our tyrannosauruses who your ravens have accepted moved ?	have our tyrannosauruses who your ravens accepted haven't moved ?
SRC	hasn't your orangutan who her yak has accepted giggled ?	has your orangutan who her yak accepted hasn't giggled ?
SRC	haven't the zebras who have entertained my peacock changed ?	have the zebras who my entertained my peacock ?
SRC	have our xylophones that haven't giggled entertained your orangutans ?	haven't our xylophones that giggled entertained your orangutans ? ?
SRC	hasn't our peacock that your quail has applauded read ?	has our peacock that your quail applauded hasn't read ?
SRC	has our zebra who hasn't read amused your tyrannosauruses ?	hasn't our zebra who read amused your tyrannosauruses ? ?
SRC	hasn't the unicorn who has admired your salamander slept ?	has the unicorn who your salamander admired hasn't slept ?
SRC	has your unicorn that her xylophone hasn't comforted accepted her newt ?	hasn't your unicorn that her xylophone comforted has accepted her newt ?
SRC	have your orangutans that haven't remembered the xylophones admired my peacocks ?	haven't your orangutans that remembered the xylophones admired my peacocks admired ?
SRC	haven't my peacocks that my peacocks have comforted annoyed her walrus ?	have my peacocks that my peacocks comforted annoyed her walrus ? ?
SRC	hasn't some unicorn who has applauded some zebra accepted some xylophone ?	has some unicorn who some zebra some zebra accepted some xylophone ?
SRC	haven't her newts that your yaks have remembered comforted your newts ?	have her newts that your yaks remembered haven't comforted your newts ?
SRC	have our yaks that haven't read giggled ?	haven't our yaks that have giggled giggled ?
SRC	has the raven who hasn't read smiled ?	hasn't the raven who read smiled ? ?
SRC	has my orangutan who hasn't moved smiled ?	hasn't my orangutan who moved moved ?
SRC	hasn't the newt who has giggled smiled ?	hasn't the newt who giggled smiled ?
SRC	haven't the zebras that have changed waited ?	have the zebras that have waited ?
SRC	haven't your peacocks who have entertained the peacock waited ?	have your peacocks who the entertained the waited ? ?
SRC	has some raven that hasn't eaten amused the zebras ?	hasn't some raven that eaten eaten has the zebras ?
SRC	has some quail that the tyrannosaurus hasn't admired giggled ?	hasn't some quail that the tyrannosaurus admired has giggled ?
SRC	has your newt who hasn't comforted your salamander changed ?	hasn't your newt who comforted your salamander has changed ?
SRC	have my xylophones that your orangutans haven't admired smiled ?	haven't my xylophones that your orangutans admired have smiled ?
SRC	hasn't your yak that has remembered her xylophone changed ?	has your yak that remembered her xylophone changed ?
SRC	hasn't your tyrannosaurus who some salamander has admired slept ?	has your tyrannosaurus who some salamander admired hasn't slept ?
SRC	have your xylophones who my yaks haven't accepted giggled ?	haven't your xylophones who my yaks accepted have giggled ?
SRC	have our xylophones that my newts haven't annoyed slept ?	haven't our xylophones that my newts annoyed have slept ?
SRC	have your yaks that haven't admired our quail slept ?	haven't your yaks that our quail admired our slept ?
SRC	haven't the unicorns that her tyrannosauruses have amused giggled ?	have the unicorns that her tyrannosauruses amused giggled ? ?
SRC	has your salamander who my salamander hasn't applauded changed ?	hasn't your salamander who my salamander applauded has changed ?
SRC	have my walruses who my zebras haven't confused moved ?	haven't my walruses who my zebras confused have moved ?
SRC	has some walrus who hasn't annoyed your raven giggled ?	hasn't some walrus who your raven has giggled ? ?
SRC	hasn't some orangutan that my tyrannosaurus has remembered waited ?	has some orangutan that my tyrannosaurus remembered hasn't waited ?
SRC	hasn't our peacock that has admired her xylophone applauded my xylophones ?	has our peacock that admired her xylophone hasn't applauded my xylophones ?
SRC	have our ravens who your walruses haven't confused confused some walruses ?	haven't our ravens who your walruses confused have confused some walruses ?
SRC	hasn't my newt who some quail has remembered remembered your newts ?	has my newt who some quail remembered remembered your remembered your newts ?
SRC	haven't our yaks who have remembered the newt amused your peacock ?	have our yaks who the remembered the newt amused your peacock ?
SRC	have her unicorns that haven't remembered her yaks amused my peacocks ?	haven't her unicorns that remembered her yaks amused my peacocks ? ?
SRC	have my vultures who haven't accepted your walrus changed ?	haven't my vultures who your walrus walrus have changed ?
SRC	has my walrus that hasn't accepted my orangutans waited ?	hasn't my walrus that accepted my orangutans has waited ?
SRC	hasn't her zebra who my xylophone has confused giggled ?	has her zebra who my xylophone confused hasn't giggled ?
SRC	have her ravens that the unicorns haven't admired swum ?	haven't her ravens that the unicorns admired have swum ?
SRC	have our orangutans who haven't waited admired my vulture ?	haven't our orangutans who have admired my vulture ? ?
SRC	has my quail who hasn't confused our orangutan read ?	hasn't my quail who our orangutan orangutan has read ?
SRC	have her zebras that haven't admired my quails slept ?	haven't her zebras that admired my quails have slept ?
SRC	has some yak that hasn't eaten annoyed my newts ?	hasn't some yak that eaten eaten annoyed my newts ?
SRC	has the yak that hasn't waited confused our walruses ?	hasn't the yak that waited waited ? our walruses ?
SRC	have our unicorns that haven't confused some tyrannosaurus read ?	haven't our unicorns that some confused some tyrannosaurus read ?
SRC	hasn't our zebra who has giggled comforted my walruses ?	hasn't our zebra who giggled comforted my walruses ? ?
SRC	haven't your zebras that have giggled accepted my tyrannosauruses ?	have your zebras that haven't accepted my tyrannosauruses ? ?
SRC	have your quails who our tyrannosauruses haven't amused slept ?	haven't your quails who our tyrannosauruses amused have slept ?
SRC	have her vultures that haven't confused her xylophones smiled ?	haven't her vultures that her confused her smiled ? ?
SRC	has your quail who hasn't applauded my vulture eaten ?	hasn't your quail who applauded my vulture has eaten ?
SRC	hasn't your newt who has changed accepted the tyrannosauruses ?	hasn't your newt who changed accepted the tyrannosauruses ?
SRC	haven't some newts that have giggled slept ?	have some newts that giggled slept ? ?
SRC	have some orangutans who haven't moved swum ?	haven't some orangutans who moved moved ? ?
SRC	haven't our zebras that have slept giggled ?	have our zebras that haven't giggled ? ?
SRC	have our quails that haven't eaten swum ?	have our quails that eaten eaten ? ?
SRC	hasn't some quail who has entertained your peacock amused some quail ?	has some quail who your entertained your peacock hasn't some quail ?
SRC	has the walrus who your tyrannosaurus hasn't remembered remembered my orangutans ?	hasn't the walrus who your tyrannosaurus remembered remembered my orangutans ? ?
SRC	haven't my zebras that our yaks have annoyed annoyed our unicorn ?	have my zebras that our yaks annoyed annoyed our unicorn ? ?
SRC	has your zebra that hasn't admired the xylophones annoyed your peacocks ?	hasn't your zebra that the admired the annoyed your peacocks ? ?
SRC	haven't her zebras who have entertained some zebra comforted your yak ?	have her zebras who some zebra entertained haven't comforted your yak ?
SRC	have the tyrannosauruses that haven't moved waited ?	haven't the tyrannosauruses that moved ? waited ?
SRC	haven't some xylophones who have swum swum ?	have some xylophones who swum swum ?
SRC	have my tyrannosauruses that haven't moved moved ?	haven't my tyrannosauruses that moved moved ?
SRC	hasn't the newt that has swum moved ?	has the newt that swum moved ?
SRC	have some yaks that haven't waited giggled ?	haven't some yaks that have giggled ?
SRC	have her tyrannosauruses who haven't smiled applauded the quail above the unicorns ?	haven't her tyrannosauruses who smiled applauded applauded the quail above the unicorns ?
SRC	hasn't her raven who has slept remembered some xylophone below her tyrannosauruses ?	hasn't her raven who slept remembered some xylophone below her xylophone ? ?
SRC	haven't your zebras that have waited amused her salamander around your walrus ?	have your zebras that have amused her salamander around your walrus ? ?
SRC	have her salamanders who haven't moved annoyed some xylophones upon her quails ?	haven't her salamanders who moved moved annoyed some xylophones upon her quails ?
SRC	haven't your newts who have giggled accepted our salamander above some xylophones ?	have your newts who haven't accepted our salamander above some salamander ? ?
SRC	haven't my walruses that my xylophones have amused slept ?	have my walruses that my xylophones amused haven't slept ?
SRC	hasn't our walrus who my orangutan has applauded waited ?	has our walrus who my orangutan applauded hasn't waited ?
SRC	haven't her yaks who your yaks have annoyed giggled ?	have her yaks who your yaks annoyed giggled ? ?
SRC	hasn't some vulture that has comforted your newts read ?	has some vulture that comforted your newts hasn't read ?
SRC	hasn't her peacock that your yak has admired slept ?	has her peacock that your yak admired hasn't slept ?
SRC	hasn't the yak that has remembered some peacock amused our orangutans ?	has the yak that remembered some peacock hasn't amused our orangutans ?
SRC	has your unicorn that hasn't applauded some zebra entertained your vultures ?	hasn't your unicorn that applauded some zebra entertained has entertained your vultures ?
SRC	hasn't the vulture that your orangutan has confused amused her peacocks ?	has the vulture that your orangutan confused hasn't amused her peacocks ?
SRC	hasn't my raven who my tyrannosaurus has admired amused our yaks ?	has my raven who my tyrannosaurus admired hasn't amused our yaks ?
SRC	have my ravens who her xylophones haven't amused confused my unicorns ?	haven't my ravens who her xylophones amused confused my unicorns ? ?
SRC	haven't our ravens that have remembered my walruses admired some xylophone near her yak ?	have our ravens that remembered my walruses haven't admired some xylophone near her yak ?
SRC	has my yak who hasn't amused her quail accepted our newts upon my walrus ?	hasn't my yak who her amused her accepted our newts upon my walrus ?
SRC	have our salamanders that haven't accepted her quails entertained some yak below the orangutan ?	haven't our salamanders that accepted her quails have entertained some yak below the orangutan ?
SRC	has your newt who hasn't entertained your xylophones accepted her ravens below the orangutan ?	hasn't your newt who your xylophones entertained has accepted her ravens below the orangutan ?
SRC	have her yaks that haven't applauded our xylophone annoyed my tyrannosauruses behind my peacocks ?	haven't her yaks that applauded our xylophone annoyed my tyrannosauruses behind my peacocks ?
SRC	has our walrus that hasn't admired the vultures swum ?	hasn't our walrus that the admired the vultures swum ?
SRC	have your newts that haven't entertained some orangutan waited ?	haven't your newts that some orangutan entertained have waited ?
SRC	have the xylophones who your tyrannosauruses haven't annoyed changed ?	haven't the xylophones who your tyrannosauruses annoyed have changed ?
SRC	haven't our unicorns that have annoyed our yak slept ?	have our unicorns that annoyed our yak slept ? ?
SRC	has the salamander who hasn't entertained my tyrannosauruses giggled ?	hasn't the salamander who my entertained my giggled ? ?
SRC	have the orangutans who haven't amused my xylophone confused her newt ?	haven't the orangutans who my xylophone amused confused her confused her newt ?
SRC	have your ravens who your peacocks haven't comforted entertained my ravens ?	haven't your ravens who your peacocks comforted my entertained my ravens ?
SRC	haven't some salamanders that the salamanders have remembered confused my salamander ?	have some salamanders that the salamanders remembered haven't confused my salamander ?
SRC	has my raven that hasn't applauded our peacock remembered some yak ?	hasn't my raven that applauded our peacock has remembered some yak ?
SRC	haven't our ravens who our quails have applauded remembered our tyrannosaurus ?	have our ravens who our quails applauded remembered our remembered our tyrannosaurus ?
SRC	hasn't the tyrannosaurus who has slept eaten ?	hasn't the tyrannosaurus who slept eaten ?
SRC	have your orangutans who haven't smiled smiled ?	haven't your orangutans who smiled smiled smiled ?
SRC	have her tyrannosauruses who haven't moved swum ?	haven't her tyrannosauruses who moved moved swum ?
SRC	has the zebra who hasn't smiled smiled ?	hasn't the zebra who smiled smiled smiled ?
SRC	hasn't our quail that has moved swum ?	has our quail that moved moved swum ?
SRC	haven't my tyrannosauruses that have changed slept ?	have my tyrannosauruses that have slept ?
SRC	has her raven who hasn't eaten moved ?	hasn't her raven who eaten eaten ?
SRC	has my walrus that hasn't changed smiled ?	hasn't my walrus that changed smiled ?
SRC	has the walrus that hasn't waited slept ?	hasn't the walrus that waited waited ?
SRC	has the vulture who hasn't slept slept ?	hasn't the vulture who slept slept ?
SRC	has our peacock who hasn't read comforted my unicorns ?	hasn't our peacock who read comforted comforted my unicorns ?
SRC	haven't my xylophones that have confused her quail slept ?	have my xylophones that her confused her slept ? ?
SRC	hasn't your vulture that has waited confused my walrus ?	hasn't your vulture that waited waited confused my walrus ?
SRC	haven't my tyrannosauruses that the xylophones have amused swum ?	have my tyrannosauruses that the xylophones amused haven't swum ?
SRC	hasn't my tyrannosaurus who the unicorn has applauded swum ?	has my tyrannosaurus who the unicorn applauded hasn't swum ?
SRC	has some quail who hasn't slept eaten ?	hasn't some quail who slept eaten ?
SRC	haven't our zebras that have giggled giggled ?	have our zebras that giggled giggled giggled ?
SRC	has the walrus who hasn't slept giggled ?	hasn't the walrus who slept giggled ?
SRC	haven't her quails that have read smiled ?	have her quails that have smiled ?
SRC	have the yaks who haven't slept swum ?	haven't the yaks who slept swum ?
SRC	haven't your vultures who have amused our vulture smiled ?	have your vultures who our amused our vulture smiled ?
SRC	haven't your zebras that have admired some orangutan swum ?	have your zebras that some orangutan orangutan swum ?
SRC	have some peacocks who haven't annoyed my walrus slept ?	haven't some peacocks who annoyed my walrus slept ? ?
SRC	have our ravens that haven't applauded your quail moved ?	haven't our ravens that applauded your quail have moved ?
SRC	haven't the walruses that have swum entertained the raven ?	have the walruses that swum entertained the raven ? ?
SRC	haven't some vultures who my salamanders have confused annoyed her tyrannosauruses ?	have some vultures who my salamanders confused annoyed her tyrannosauruses ? ?
SRC	has some raven who hasn't annoyed the raven remembered your tyrannosaurus ?	hasn't some raven who the annoyed the raven remembered your tyrannosaurus ?
SRC	haven't her quails that have amused your tyrannosauruses remembered some xylophone ?	have her quails that amused your tyrannosauruses haven't remembered some xylophone ?
SRC	has her zebra who my tyrannosaurus hasn't accepted admired her vulture ?	hasn't her zebra who my tyrannosaurus accepted has admired her vulture ?
SRC	has some raven that some zebra hasn't remembered applauded your peacock ?	hasn't some raven that some zebra remembered applauded your peacock ? ?
SRC	haven't her peacocks that have amused our tyrannosaurus read ?	have her peacocks that our amused our tyrannosaurus read ?
SRC	have our peacocks that the salamanders haven't amused waited ?	haven't our peacocks that the salamanders amused have waited ?
SRC	haven't some newts who her yaks have comforted eaten ?	have some newts who her yaks comforted eaten ?
SRC	have our unicorns who haven't accepted her peacocks read ?	haven't our unicorns who her peacocks her read ? ?
SRC	have your tyrannosauruses that haven't comforted your orangutans changed ?	haven't your tyrannosauruses that comforted your orangutans have changed ?
SRC	has her tyrannosaurus who your yak hasn't entertained admired your orangutans ?	hasn't her tyrannosaurus who your yak entertained has admired your orangutans ?
SRC	haven't the salamanders that have annoyed the salamanders accepted your unicorn ?	have the salamanders that the salamanders the salamanders accepted your unicorn ?
SRC	has the xylophone that hasn't remembered some walruses accepted my peacock ?	hasn't the xylophone that remembered some walruses has accepted my peacock ?
SRC	has your peacock that hasn't comforted the tyrannosauruses applauded the vulture ?	hasn't your peacock that comforted the tyrannosauruses has applauded the vulture ?
SRC	have her orangutans who the orangutans haven't remembered amused some salamander ?	haven't her orangutans who the orangutans remembered amused some salamander ? ?
SRC	have her newts that haven't applauded your zebras eaten ?	haven't her newts that applauded your zebras have eaten ?
SRC	haven't some tyrannosauruses that her vultures have applauded swum ?	have some tyrannosauruses that her vultures applauded haven't swum ?
SRC	has some xylophone who the salamander hasn't remembered waited ?	hasn't some xylophone who the salamander remembered has waited ?
SRC	haven't our newts who the xylophones have annoyed moved ?	have our newts who the xylophones annoyed moved ? ?
SRC	have our orangutans who her yaks haven't remembered slept ?	haven't our orangutans who her yaks remembered have slept ?
SRC	have some orangutans that her zebras haven't remembered smiled ?	haven't some orangutans that her zebras remembered have smiled ?
SRC	haven't some newts that have admired your xylophone read ?	have some newts that your admired your xylophone read ?
SRC	hasn't your newt who has amused your salamanders eaten ?	has your newt who your salamanders your eaten ? ?
SRC	haven't her salamanders who have accepted some salamander changed ?	have her salamanders who some accepted some salamander changed ?
SRC	haven't some quails that my peacocks have admired moved ?	have some quails that my peacocks admired haven't moved ?
SRC	have the unicorns that her newts haven't admired comforted my orangutans behind some tyrannosaurus ?	haven't the unicorns that her newts admired have comforted my orangutans behind some tyrannosaurus ?
SRC	haven't some salamanders that our vultures have admired admired my newts below your salamander ?	have some salamanders that our vultures admired admired my newts below your salamander ?
SRC	has your peacock who some orangutan hasn't annoyed admired the vulture above our zebra ?	hasn't your peacock who some orangutan annoyed admired the vulture above our zebra ? ?
SRC	have the ravens who your orangutans haven't amused accepted my walrus by your peacocks ?	haven't the ravens who your orangutans amused have accepted my walrus by your peacocks ?
SRC	have our vultures who her quails haven't admired admired your orangutan around the walruses ?	haven't our vultures who her quails admired admired your orangutan around the walruses ? ?
SRC	has the walrus that some raven hasn't admired giggled ?	hasn't the walrus that some raven admired has giggled ?
SRC	has your peacock who hasn't entertained my yak read ?	hasn't your peacock who my yak has read ? ?
SRC	hasn't some unicorn that your quail has confused swum ?	has some unicorn that your quail confused hasn't swum ?
SRC	haven't our unicorns that have entertained some unicorns waited ?	have our unicorns that some entertained some unicorns waited ?
SRC	haven't some yaks who some orangutans have confused giggled ?	have some yaks who some orangutans confused haven't giggled ?
SRC	haven't some peacocks that some ravens have accepted moved ?	have some peacocks that some ravens accepted haven't moved ?
SRC	have the newts who my yaks haven't comforted eaten ?	haven't the newts who my yaks comforted eaten ?
SRC	hasn't our zebra who has entertained the quail giggled ?	has our zebra who entertained the quail hasn't giggled ?
SRC	haven't your salamanders who have amused the vultures smiled ?	have your salamanders who have amused the vultures smiled ?
SRC	hasn't our zebra who her salamander has confused swum ?	has our zebra who her salamander confused confused swum ?
SRC	has the vulture who hasn't waited moved ?	hasn't the vulture who has moved ?
SRC	have my peacocks that haven't moved waited ?	haven't my peacocks that moved moved ?
SRC	have our quails who haven't smiled moved ?	haven't our quails who smiled moved ?
SRC	has our raven that hasn't changed changed ?	hasn't our raven that changed changed changed ?
SRC	has my xylophone who hasn't waited smiled ?	hasn't my xylophone who has smiled ? ?
SRC	has our zebra that hasn't changed remembered our peacocks ?	hasn't our zebra that changed remembered our peacocks ? ?
SRC	has your salamander who hasn't giggled entertained some unicorns ?	hasn't your salamander who giggled entertained some unicorns ?
SRC	hasn't my quail who the xylophone has admired changed ?	has my quail who the xylophone admired hasn't changed ?
SRC	has the walrus that hasn't admired our xylophone giggled ?	hasn't the walrus that admired our xylophone has giggled ?
SRC	has your tyrannosaurus who hasn't changed entertained our raven ?	hasn't your tyrannosaurus who changed entertained our raven ? ?
SRC	have some yaks that haven't moved eaten ?	haven't some yaks that moved ? eaten ?
SRC	hasn't the peacock who has swum eaten ?	has the peacock who swum eaten ?
SRC	haven't our newts who have read swum ?	have our newts who haven't swum ?
SRC	has her peacock that hasn't waited swum ?	hasn't her peacock that waited waited swum ?
SRC	has our vulture who hasn't smiled smiled ?	hasn't our vulture who smiled smiled ?
SRC	hasn't her newt who has amused her unicorns amused my xylophone ?	has her newt who her amused her amused my xylophone ? ?
SRC	haven't the newts who some zebras have remembered confused some peacocks ?	have the newts who some zebras remembered haven't confused some peacocks ?
SRC	hasn't the quail that her quail has accepted comforted my ravens ?	has the quail that her quail accepted hasn't comforted my ravens ?
SRC	has the newt that our raven hasn't confused entertained some orangutans ?	hasn't the newt that our raven confused has entertained some orangutans ?
SRC	has my vulture who our raven hasn't amused applauded her walrus ?	hasn't my vulture who our raven amused has applauded her walrus ?
SRC	have some tyrannosauruses who haven't remembered the walrus smiled ?	haven't some tyrannosauruses who remembered the walrus smiled ?
SRC	has some vulture who our salamander hasn't comforted waited ?	hasn't some vulture who our salamander comforted waited ?
SRC	have my yaks that haven't amused the xylophone swum ?	haven't my yaks that amused the xylophone swum ?
SRC	have our salamanders who my tyrannosauruses haven't applauded smiled ?	haven't our salamanders who my tyrannosauruses applauded smiled ?
SRC	hasn't your orangutan that has amused her yak changed ?	has your orangutan that has amused her changed ?
SRC	has the unicorn who hasn't eaten swum ?	hasn't the unicorn who eaten eaten ?
SRC	hasn't the peacock who has waited moved ?	hasn't the peacock who has moved ?
SRC	haven't our quails who have read giggled ?	have our quails who haven't giggled giggled ?
SRC	has my unicorn that hasn't eaten giggled ?	hasn't my unicorn that eaten eaten ?
SRC	have some tyrannosauruses who haven't swum smiled ?	haven't some tyrannosauruses who swum smiled ?
SRC	has the walrus that hasn't giggled annoyed some vultures ?	hasn't the walrus that giggled annoyed some vultures ? ?
SRC	have my peacocks who haven't eaten entertained your xylophones ?	haven't my peacocks who eaten eaten entertained your xylophones ?
SRC	hasn't our tyrannosaurus who has applauded her unicorns waited ?	has our tyrannosaurus who applauded her unicorns waited ?
SRC	have your newts that her peacocks haven't amused read ?	haven't your newts that her peacocks amused some read ?
SRC	hasn't our newt that our orangutan has entertained smiled ?	has our newt that our orangutan entertained hasn't smiled ?
SRC	has her raven who hasn't comforted our zebra amused our peacock behind the xylophones ?	hasn't her raven who our zebra our has amused our peacock behind the xylophones ?
SRC	have the peacocks that haven't amused some yak annoyed some tyrannosauruses around our unicorn ?	haven't the peacocks that some amused some have annoyed some tyrannosauruses around our unicorn ?
SRC	hasn't her peacock that our orangutan has accepted remembered our ravens near the orangutans ?	has her peacock that our orangutan accepted hasn't remembered our ravens near the orangutans ?
SRC	haven't my walruses that the xylophones have remembered entertained the vulture below the ravens ?	have my walruses that the xylophones remembered entertained the vulture below the ravens below the ravens
SRC	hasn't some newt that has accepted my newt annoyed my newt by the ravens ?	has some newt that accepted my newt hasn't annoyed my newt by the ravens ?
SRC	haven't your vultures that my xylophones have remembered smiled ?	have your vultures that my xylophones remembered haven't smiled ?
SRC	have my xylophones who some ravens haven't annoyed waited ?	haven't my xylophones who some ravens annoyed waited ? ?
SRC	hasn't your walrus who my zebra has remembered waited ?	has your walrus who my zebra remembered hasn't waited ?
SRC	has our xylophone who hasn't annoyed my quail moved ?	hasn't our xylophone who my quail my quail moved ?
SRC	have your vultures that haven't applauded your peacock swum ?	haven't your vultures that applauded your peacock have swum ?
SRC	has your newt who hasn't changed applauded my xylophone ?	hasn't your newt who changed applauded applauded my xylophone ?
SRC	hasn't our quail that has entertained our salamander waited ?	has our quail that our entertained our salamander waited ?
SRC	hasn't her raven that has amused her quails moved ?	has her raven that amused her quails hasn't moved ?
SRC	have my vultures that haven't amused my peacock eaten ?	haven't my vultures that amused my peacock have eaten ?
SRC	haven't some quails that have admired my tyrannosaurus swum ?	have some quails that admired my tyrannosaurus swum ?
SRC	has some salamander who hasn't comforted some xylophone annoyed your tyrannosauruses above the raven ?	hasn't some salamander who some comforted some has annoyed your tyrannosauruses above the raven ?
SRC	has her quail who hasn't annoyed the zebras remembered some tyrannosauruses around our tyrannosaurus ?	hasn't her quail who the zebras annoyed remembered some tyrannosauruses around our tyrannosaurus ?
SRC	hasn't our xylophone that has slept entertained some vulture below your peacocks ?	has our xylophone that slept entertained some vulture below your peacocks ? ?
SRC	hasn't her walrus who has slept annoyed the zebra around some walruses ?	hasn't her walrus who slept annoyed the zebra around some walruses around some ?
SRC	has her vulture who hasn't eaten comforted her vulture upon my peacocks ?	hasn't her vulture who eaten eaten eaten ? upon my peacocks ? ?
SRC	haven't her yaks who some unicorns have confused swum ?	have her yaks who some unicorns confused swum ?
SRC	has the xylophone who hasn't eaten amused our salamanders ?	hasn't the xylophone who eaten eaten amused our salamanders ?
SRC	haven't my walruses who her quails have admired smiled ?	have my walruses who her quails admired haven't smiled ?
SRC	have our yaks that haven't annoyed my ravens giggled ?	haven't our yaks that annoyed my ravens have giggled ?
SRC	hasn't my tyrannosaurus that has entertained our newt moved ?	has my tyrannosaurus that has entertained our newt ? ?
SRC	have some quails that haven't remembered her salamander eaten ?	haven't some quails that remembered her salamander have eaten ?
SRC	has her newt that hasn't eaten confused our quails ?	hasn't her newt that eaten eaten eaten ? ?
SRC	haven't my ravens who have annoyed our zebras giggled ?	have my ravens who annoyed our zebras giggled ? ?
SRC	has your xylophone that hasn't amused our peacocks giggled ?	hasn't your xylophone that our amused our giggled ? ?
SRC	haven't my tyrannosauruses that have swum accepted the tyrannosaurus ?	have my tyrannosauruses that swum accepted the tyrannosaurus ?
SRC	has some tyrannosaurus that the raven hasn't annoyed eaten ?	hasn't some tyrannosaurus that the raven annoyed has eaten ?
SRC	hasn't some raven that has eaten comforted the quails ?	hasn't some raven that eaten eaten ? the quails ?
SRC	hasn't our yak who her vulture has confused smiled ?	has our yak who her vulture confused hasn't smiled ?
SRC	hasn't our xylophone that has confused our ravens moved ?	has our xylophone that confused our ravens moved ? ?
SRC	have my newts who haven't applauded your newts smiled ?	haven't my newts who your newts newts have smiled ?
SRC	has your walrus who our salamander hasn't applauded read ?	hasn't your walrus who our salamander applauded has read ?
SRC	haven't our zebras who have giggled accepted my zebra ?	have our zebras who giggled accepted my zebra ? ?
SRC	have the newts that haven't remembered some tyrannosauruses smiled ?	haven't the newts that remembered some tyrannosauruses have smiled ?
SRC	haven't some quails who have admired some xylophones giggled ?	have some quails who some xylophones some giggled ? ?
SRC	hasn't my unicorn who has remembered your salamanders moved ?	has my unicorn who your salamanders your moved ? ?
SRC	has your newt who hasn't entertained some newt entertained your peacock ?	hasn't your newt who some entertained some has entertained your peacock ?
SRC	haven't some vultures who some xylophones have accepted comforted her walrus ?	have some vultures who some xylophones accepted haven't comforted her walrus ?
SRC	haven't her salamanders who have confused our tyrannosauruses amused our tyrannosaurus ?	have her salamanders who our tyrannosauruses our tyrannosauruses amused our tyrannosaurus ?
SRC	hasn't our walrus who some zebra has amused admired her raven ?	has our walrus who some zebra amused hasn't admired her raven ?
SRC	haven't her xylophones who have applauded her raven accepted your zebras ?	have her xylophones who applauded her raven accepted your zebras ? ?
SRC	haven't some vultures that our salamanders have entertained eaten ?	have some vultures that our salamanders entertained haven't eaten ?
SRC	hasn't my orangutan that has entertained my ravens changed ?	has my orangutan that my entertained my ravens ? ?
SRC	haven't your unicorns who have amused my tyrannosauruses moved ?	have your unicorns who have amused my moved ? ?
SRC	have the vultures that her newts haven't admired swum ?	haven't the vultures that her newts admired have swum ?
SRC	has your raven who the newt hasn't entertained waited ?	hasn't your raven who the newt entertained has waited ?
SRC	have my tyrannosauruses that her yaks haven't annoyed moved ?	haven't my tyrannosauruses that her yaks annoyed have moved ?
SRC	haven't some newts who the yaks have admired moved ?	have some newts who the yaks admired haven't moved ?
SRC	have your yaks that her yaks haven't annoyed slept ?	haven't your yaks that her yaks annoyed have slept ?
SRC	have my peacocks that haven't accepted your tyrannosaurus read ?	haven't my peacocks that your accepted your tyrannosaurus read ?
SRC	hasn't our yak who our newt has confused giggled ?	has our yak who our newt confused confused giggled ?
SRC	hasn't her peacock that has moved smiled ?	has her peacock that moved moved ?
SRC	has her raven who hasn't giggled read ?	hasn't her raven who giggled read ?
SRC	haven't some newts that have slept changed ?	have some newts that have changed changed ?
SRC	hasn't your salamander who has read giggled ?	hasn't your salamander who has giggled ?
SRC	hasn't some unicorn that has smiled moved ?	has some unicorn that smiled moved ?
SRC	has your salamander that her unicorn hasn't entertained giggled ?	hasn't your salamander that her unicorn entertained has giggled ?
SRC	have some vultures that haven't eaten accepted the salamander ?	haven't some vultures that eaten eaten accepted the salamander ?
SRC	has the newt who hasn't accepted my tyrannosauruses giggled ?	hasn't the newt who my tyrannosauruses my giggled ? ?
SRC	haven't my zebras that my orangutans have admired smiled ?	have my zebras that my orangutans admired haven't smiled ?
SRC	haven't the xylophones who her newts have annoyed smiled ?	have the xylophones who her newts annoyed haven't smiled ?
SRC	haven't your peacocks who have comforted my xylophone swum ?	have your peacocks who comforted my xylophone haven't swum ?
SRC	haven't your yaks who some ravens have accepted swum ?	have your yaks who some ravens accepted haven't swum ?
SRC	haven't my ravens who the quails have remembered waited ?	have my ravens who the quails remembered haven't waited ?
SRC	has some salamander that your tyrannosaurus hasn't admired waited ?	hasn't some salamander that your tyrannosaurus admired has waited ?
SRC	has our peacock who hasn't eaten entertained your zebra ?	hasn't our peacock who eaten eaten entertained your zebra ?
SRC	has my zebra that her unicorn hasn't amused waited ?	hasn't my zebra that her unicorn amused has waited ?
SRC	hasn't our peacock that has applauded your quail changed ?	has our peacock that applauded your quail hasn't changed ?
SRC	hasn't her peacock that some walrus has accepted slept ?	has her peacock that some walrus accepted hasn't slept ?
SRC	have some quails that haven't entertained her quail eaten ?	haven't some quails that her entertained her eaten ? ?
SRC	has some quail that hasn't smiled amused our peacock ?	hasn't some quail that smiled smiled our peacock ? ?
SRC	have my orangutans that your walruses haven't confused comforted my peacocks by some peacocks ?	haven't my orangutans that your walruses confused have comforted my peacocks by some peacocks ?
SRC	hasn't her yak that has comforted my quails accepted her orangutan behind our walrus ?	has her yak that comforted my quails hasn't accepted her orangutan behind our walrus ?
SRC	haven't the newts that your quails have comforted annoyed our walruses behind her yak ?	have the newts that your quails comforted our walruses annoyed our walruses behind her yak ?
SRC	hasn't my vulture who her zebra has applauded confused our unicorn above her xylophones ?	has my vulture who her zebra applauded our hasn't confused our xylophones above her xylophones ?
SRC	has my quail that our walrus hasn't comforted applauded some zebra above her peacocks ?	hasn't my quail that our walrus comforted applauded some zebra above her peacocks ?
SRC	hasn't the orangutan that her orangutan has amused slept ?	has the orangutan that her orangutan amused hasn't slept ?
SRC	hasn't your tyrannosaurus who has waited amused her newts ?	hasn't your tyrannosaurus who has amused her newts ? ?
SRC	hasn't some yak who her walrus has admired read ?	has some yak who her walrus admired hasn't read ?
SRC	have the salamanders who haven't amused her newts eaten ?	haven't the salamanders who her amused her eaten ?
SRC	has her salamander that some newt hasn't remembered slept ?	hasn't her salamander that some newt remembered has slept ?
SRC	haven't some orangutans that have comforted my xylophone eaten ?	have some orangutans that comforted my xylophone eaten ?
SRC	have our salamanders that our zebras haven't applauded slept ?	haven't our salamanders that our zebras applauded slept ? ?
SRC	hasn't some zebra who has entertained her quail smiled ?	has some zebra who her entertained her smiled ? ?
SRC	have my walruses who haven't remembered our ravens giggled ?	haven't my walruses who our ravens our ravens giggled ?
SRC	haven't some orangutans that the newts have accepted giggled ?	have some orangutans that the newts accepted haven't giggled ?
SRC	haven't our walruses that have waited accepted your raven behind my unicorns ?	have our walruses that haven't accepted your raven behind my unicorns ?
SRC	haven't my salamanders who our tyrannosauruses have annoyed remembered my xylophones ?	have my salamanders who our tyrannosauruses annoyed remembered my xylophones ? ?
SRC	have the orangutans that haven't entertained the vulture accepted your zebras ?	haven't the orangutans that the entertained the accepted your zebras ? ?
SRC	hasn't my quail that has accepted our peacock comforted some walruses ?	has my quail that accepted our peacock comforted some walruses ? ?
SRC	has our tyrannosaurus that hasn't comforted your orangutan confused the walruses ?	hasn't our tyrannosaurus that comforted your orangutan has confused the walruses ?
SRC	has some peacock that hasn't remembered the raven annoyed our quails near some orangutans ?	hasn't some peacock that remembered the raven has annoyed our quails near some orangutans ?
SRC	haven't her orangutans who the walruses have confused remembered her yak with her zebra ?	have her orangutans who the walruses confused remembered her yak with her zebra ?
SRC	have your quails that haven't applauded your unicorns remembered some unicorn upon my vulture ?	haven't your quails that applauded your unicorns remembered some unicorn upon my vulture ? ?
SRC	hasn't our quail that the zebra has applauded accepted our newt below my peacocks ?	has our quail that the zebra applauded accepted our newt below my peacocks ?
SRC	haven't our orangutans that have confused some yak accepted my tyrannosauruses above some xylophones ?	have our orangutans that some yak accepted haven't accepted my tyrannosauruses above some xylophones ?
SRC	has our zebra that hasn't swum entertained her salamanders upon some peacock ?	hasn't our zebra that swum entertained her salamanders upon some peacock ? ?
SRC	haven't my orangutans that have giggled applauded our walruses upon her yak ?	have my orangutans that giggled applauded our walruses upon her walruses ? ?
SRC	has our xylophone that hasn't moved comforted our yaks behind the newts ?	hasn't our xylophone that moved ? comforted our yaks behind the newts ?
SRC	has my orangutan who hasn't swum accepted her tyrannosauruses around my yak ?	hasn't my orangutan who swum accepted her tyrannosauruses around my yak around my ?
SRC	hasn't your orangutan that has swum comforted our yaks behind some orangutans ?	has your orangutan that swum comforted our yaks behind some orangutans ? ?
SRC	have your newts that some vultures haven't admired smiled ?	haven't your newts that some vultures admired have smiled ?
SRC	has the xylophone that her tyrannosaurus hasn't confused smiled ?	hasn't the xylophone that her tyrannosaurus confused has smiled ?
SRC	have the newts who her quails haven't applauded swum ?	haven't the newts who her quails applauded some swum ?
SRC	have my unicorns who haven't moved annoyed her yaks ?	haven't my unicorns who moved moved annoyed her yaks ?
SRC	have her salamanders that some ravens haven't remembered changed ?	haven't her salamanders that some ravens remembered have changed ?
SRC	haven't my salamanders that have slept remembered the yak near her newt ?	have my salamanders that have remembered the yak near her newt ? ?
SRC	hasn't some quail that has waited annoyed the orangutans below my unicorns ?	has some quail that waited waited annoyed the orangutans below my unicorns ?
SRC	has your raven that hasn't waited confused some vulture upon our xylophones ?	hasn't your raven that waited waited confused some vulture upon our xylophones ?
SRC	haven't some xylophones that have eaten amused our xylophone above your tyrannosaurus ?	have some xylophones that eaten eaten amused our xylophone above your tyrannosaurus ?
SRC	has some unicorn that hasn't slept admired our unicorn upon the xylophone ?	hasn't some unicorn that slept admired our unicorn upon the xylophone ? ?
SRC	hasn't our peacock that has annoyed my salamander giggled ?	has our peacock that annoyed my salamander hasn't giggled ?
SRC	have your zebras who haven't comforted her zebra waited ?	haven't your zebras who comforted her zebra waited ?
SRC	have our walruses who haven't annoyed my unicorn swum ?	haven't our walruses who annoyed my unicorn swum ?
SRC	hasn't our walrus who has accepted the vultures slept ?	has our walrus who the accepted the vultures slept ?
SRC	haven't some quails who her orangutans have accepted moved ?	have some quails who her orangutans accepted haven't moved ?
SRC	haven't my peacocks that your zebras have applauded moved ?	have my peacocks that your zebras applauded applauded ? ?
SRC	have your xylophones who my zebras haven't accepted swum ?	haven't your xylophones who my zebras accepted have swum ?
SRC	have my unicorns that haven't swum entertained some yak ?	haven't my unicorns that swum entertained some yak ?
SRC	hasn't your tyrannosaurus that has remembered our xylophone eaten ?	has your tyrannosaurus that remembered our xylophone hasn't eaten ?
SRC	haven't your orangutans who have amused my xylophones moved ?	have your orangutans who my xylophones xylophones moved ? ?
SRC	has your orangutan who hasn't amused my orangutan admired her walrus ?	hasn't your orangutan who my orangutan orangutan has admired her walrus ?
SRC	hasn't my yak who our vulture has accepted remembered some yaks ?	has my yak who our vulture accepted hasn't remembered some yaks ?
SRC	haven't my vultures that some quails have admired confused your tyrannosaurus ?	have my vultures that some quails admired haven't confused your tyrannosaurus ?
SRC	hasn't her xylophone who the walrus has annoyed comforted some raven ?	has her xylophone who the walrus annoyed hasn't comforted some raven ?
SRC	have my ravens that some quails haven't comforted accepted the walruses ?	haven't my ravens that some quails comforted the accepted the walruses ?
SRC	haven't the salamanders who have comforted my tyrannosaurus applauded your ravens ?	have the salamanders who comforted my tyrannosaurus applauded your ravens ? ?
SRC	have my vultures who the vultures haven't remembered admired our salamander ?	haven't my vultures who the vultures remembered have admired our salamander ?
SRC	has some raven that her vulture hasn't entertained applauded my quail ?	hasn't some raven that her vulture entertained has applauded my quail ?
SRC	have our quails who haven't entertained our tyrannosauruses amused our xylophone ?	haven't our quails who entertained our tyrannosauruses have amused our xylophone ?
SRC	haven't her unicorns who have remembered her walrus remembered my newts ?	have her unicorns who have remembered her remembered my newts ? ?
SRC	haven't my peacocks who some yaks have applauded confused the tyrannosauruses below our peacock ?	have my peacocks who some yaks applauded the confused the tyrannosauruses below our peacock ?
SRC	has your zebra that hasn't accepted your orangutans remembered some raven upon my quails ?	hasn't your zebra that your accepted your orangutans remembered some raven upon my quails ?
SRC	have your orangutans who haven't admired the yak applauded your yak with some quails ?	haven't your orangutans who the yak have applauded your yak with some quails ?
SRC	have our newts who haven't admired your walrus accepted her raven by our yak ?	haven't our newts who your walrus admired her accepted her raven by our yak ?
SRC	have our tyrannosauruses who your quails haven't entertained entertained my xylophone near our quails ?	haven't our tyrannosauruses who your quails entertained have entertained my xylophone near our quails ?
SRC	has my tyrannosaurus who hasn't giggled annoyed her raven near her zebra ?	hasn't my tyrannosaurus who giggled annoyed her raven near her zebra ? ?
SRC	have some ravens who haven't read applauded our vultures with the zebras ?	haven't some ravens who have applauded our vultures with the zebras ? ?
SRC	have the vultures who haven't moved comforted her tyrannosauruses above your quails ?	haven't the vultures who moved ? comforted her tyrannosauruses above your quails ?
SRC	hasn't your orangutan that has slept comforted the quail below her salamander ?	hasn't your orangutan that has comforted the quail below her quail below ?
SRC	have the salamanders that haven't swum entertained the yaks upon the peacock ?	haven't the salamanders that swum entertained the yaks upon the peacock ? ?
SRC	has our quail that some raven hasn't entertained confused the quails ?	hasn't our quail that some raven entertained has confused the quails ?
SRC	hasn't the raven that her yak has annoyed accepted my yaks ?	has the raven that her yak annoyed my accepted my yaks ?
SRC	hasn't your raven who the vulture has applauded admired your walruses ?	has your raven who the vulture applauded your admired your walruses ?
SRC	have some unicorns who haven't confused the yaks entertained your yaks ?	haven't some unicorns who the yaks confused have entertained your yaks ?
SRC	hasn't her raven who some salamander has accepted remembered some peacocks ?	has her raven who some salamander accepted hasn't remembered some peacocks ?
SRC	has some raven who some unicorn hasn't annoyed remembered her zebra ?	hasn't some raven who some unicorn annoyed remembered her remembered her zebra ?
SRC	hasn't your zebra that has admired our unicorn remembered her walrus ?	has your zebra that admired our unicorn remembered her walrus ? ?
SRC	hasn't your walrus that has accepted my zebra entertained some peacock ?	has your walrus that accepted my zebra entertained hasn't entertained some peacock ?
SRC	has our walrus that hasn't accepted my yaks confused your ravens ?	hasn't our walrus that accepted my yaks confused your ravens ? ?
SRC	have her tyrannosauruses that my unicorns haven't amused slept ?	haven't her tyrannosauruses that my unicorns amused have slept ? ?
SRC	has our orangutan that hasn't giggled remembered some tyrannosauruses upon her zebra ?	hasn't our orangutan that giggled remembered some tyrannosauruses upon her zebra ? ?
SRC	have your peacocks who haven't swum entertained some orangutan above your walrus ?	haven't your peacocks who have entertained some orangutan above your walrus ? ?
SRC	has my walrus who hasn't slept admired our salamander around some zebra ?	hasn't my walrus who slept admired our salamander around some salamander ? ?
SRC	has the tyrannosaurus who hasn't waited accepted some orangutans behind her peacocks ?	hasn't the tyrannosaurus who has accepted some orangutans behind her orangutans ? ?
SRC	have her vultures who haven't smiled entertained my raven upon her vultures ?	haven't her vultures who smiled entertained my raven upon her raven upon ?
SRC	have some vultures who haven't smiled slept ?	haven't some vultures who smiled ? slept ?
SRC	have your unicorns that haven't eaten moved ?	haven't your unicorns that eaten eaten ?
SRC	has your xylophone that hasn't eaten changed ?	hasn't your xylophone that eaten eaten ?
SRC	has your newt that hasn't giggled slept ?	hasn't your newt that giggled slept ?
SRC	haven't your vultures who have moved eaten ?	have your vultures who moved ? eaten ?
SRC	have our xylophones that your newts haven't annoyed annoyed the xylophones upon my peacock ?	haven't our xylophones that your newts annoyed annoyed the xylophones upon my peacock ? ?
SRC	has some vulture who hasn't annoyed the unicorns entertained our tyrannosauruses near my vulture ?	hasn't some vulture who the annoyed the unicorns entertained our tyrannosauruses near my vulture ?
SRC	have your xylophones that her quails haven't annoyed applauded my orangutan with some peacocks ?	haven't your xylophones that her quails annoyed my applauded my orangutan with some peacocks ?
SRC	haven't your tyrannosauruses who have accepted your quails remembered the tyrannosaurus upon our zebra ?	have your tyrannosauruses who your accepted your remembered the tyrannosaurus upon our zebra upon ?
SRC	hasn't my orangutan who has remembered our walrus comforted the walrus near some ravens ?	has my orangutan who our walrus comforted comforted the walrus near some ravens near some
SRC	hasn't some zebra who has giggled waited ?	hasn't some zebra who giggled waited ?
SRC	has some zebra that hasn't moved smiled ?	hasn't some zebra that moved moved ?
SRC	haven't my zebras that have smiled changed ?	have my zebras that smiled smiled changed ?
SRC	haven't some orangutans who have slept swum ?	have some orangutans who slept swum ?
SRC	haven't her tyrannosauruses that have smiled giggled ?	have her tyrannosauruses that smiled smiled giggled ?
SRC	have your orangutans that my orangutans haven't comforted read ?	haven't your orangutans that my orangutans comforted some read ?
SRC	has her raven that your raven hasn't admired eaten ?	hasn't her raven that your raven admired has eaten ?
SRC	have her orangutans that the unicorns haven't entertained read ?	haven't her orangutans that the unicorns entertained have read ?
SRC	have your orangutans that haven't annoyed my zebra waited ?	haven't your orangutans that annoyed my zebra waited ? ?
SRC	have the walruses that haven't entertained some salamanders smiled ?	haven't the walruses that some salamanders some salamanders have smiled ?
SRC	have our quails who your unicorns haven't remembered smiled ?	haven't our quails who your unicorns remembered have smiled ?
SRC	hasn't the peacock who has applauded her orangutans changed ?	has the peacock who applauded her orangutans changed ? ?
SRC	hasn't my newt that has accepted her orangutans waited ?	has my newt that accepted her orangutans hasn't waited ?
SRC	haven't the tyrannosauruses that have applauded my xylophone slept ?	have the tyrannosauruses that applauded my xylophone haven't slept ?
SRC	haven't her unicorns who have remembered your orangutans swum ?	have her unicorns who your remembered your orangutans swum ?
SRC	have our newts who haven't slept eaten ?	haven't our newts who slept eaten ?
SRC	has the xylophone that hasn't smiled smiled ?	hasn't the xylophone that smiled smiled smiled ?
SRC	have some salamanders who haven't changed eaten ?	haven't some salamanders who changed eaten ?
SRC	hasn't your walrus who has giggled giggled ?	hasn't your walrus who giggled giggled giggled ?
SRC	haven't the yaks who have slept waited ?	have the yaks who slept waited ?
SRC	has our yak who hasn't admired your yaks entertained your yaks upon your walrus ?	hasn't our yak who your yaks entertained has entertained your yaks upon your walrus ?
SRC	haven't your vultures that have amused your newt amused the zebras above the quail ?	have your vultures that amused your newt amused the zebras above the quail ? ?
SRC	has our salamander that hasn't applauded my quail entertained the walrus by our vulture ?	hasn't our salamander that applauded my quail has entertained the walrus by our vulture ?
SRC	has our orangutan who her orangutan hasn't amused entertained her tyrannosaurus upon our vultures ?	hasn't our orangutan who her orangutan amused has entertained her tyrannosaurus upon our vultures ?
SRC	have your salamanders that haven't entertained our newts remembered our peacock near her unicorns ?	haven't your salamanders that our entertained our newts remembered our peacock near her unicorns ?
SRC	have the newts who haven't read annoyed your vultures ?	haven't the newts who have annoyed your vultures ? ?
SRC	haven't her vultures who have swum annoyed our walruses ?	have her vultures who have annoyed our walruses ? ?
SRC	haven't the tyrannosauruses who have waited applauded some newt ?	have the tyrannosauruses who have applauded some newt ? ?
SRC	haven't the peacocks that your xylophones have accepted waited ?	have the peacocks that your xylophones accepted haven't waited ?
SRC	hasn't her salamander who has confused her xylophones moved ?	has her salamander who her xylophones xylophones moved ?
SRC	has the walrus that hasn't read slept ?	hasn't the walrus that hasn't slept ? ?
SRC	hasn't the newt who has read read ?	hasn't the newt who read read read ?
SRC	have some walruses that haven't waited swum ?	haven't some walruses that have swum ?
SRC	have our newts who haven't waited giggled ?	haven't our newts who have giggled ?
SRC	has my walrus that hasn't slept changed ?	hasn't my walrus that hasn't changed changed ?
SRC	hasn't the unicorn that your yak has amused waited ?	has the unicorn that your yak amused hasn't waited ?
SRC	have some unicorns that haven't applauded our newt smiled ?	haven't some unicorns that applauded our newt have smiled ?
SRC	have my tyrannosauruses who some salamanders haven't remembered eaten ?	haven't my tyrannosauruses who salamanders remembered remembered have eaten ?
SRC	have the salamanders that the orangutans haven't amused waited ?	haven't the salamanders that the orangutans amused have waited ?
SRC	has my walrus who the orangutan hasn't accepted giggled ?	hasn't my walrus who the orangutan accepted has giggled ?
SRC	haven't some salamanders that have waited smiled ?	have some salamanders that haven't waited ?
SRC	have some zebras who haven't eaten changed ?	haven't some zebras who eaten eaten ?
SRC	haven't some peacocks who have changed swum ?	have some peacocks who changed swum ?
SRC	hasn't the tyrannosaurus that has giggled giggled ?	has the tyrannosaurus that giggled giggled giggled ?
SRC	has her xylophone who hasn't eaten eaten ?	hasn't her xylophone who eaten eaten ?
SRC	have her ravens who haven't changed admired my walrus below the unicorn ?	haven't her ravens who changed admired my walrus below the unicorn ? ?
SRC	hasn't your salamander who has read annoyed some quail near my orangutans ?	hasn't your salamander who has annoyed some quail near my quail near my ?
SRC	haven't our ravens that have giggled admired my newts below her salamander ?	have our ravens that giggled admired my newts below her newts below ?
SRC	have your quails that haven't read amused the yak around my xylophone ?	haven't your quails that read amused the yak around my xylophone around my ?
SRC	haven't our orangutans who have eaten confused some unicorns by some peacock ?	have our orangutans who eaten eaten confused some unicorns by some peacock ?
SRC	hasn't some peacock who some newt has annoyed slept ?	has some peacock who some newt annoyed annoyed slept ?
SRC	hasn't her orangutan that has changed admired our unicorns ?	hasn't her orangutan that changed admired our unicorns ?
SRC	have her vultures who our vultures haven't admired read ?	haven't her vultures who our vultures admired admired ? ?
SRC	hasn't the walrus that has annoyed your xylophone giggled ?	has the walrus that your annoyed your giggled ? ?
SRC	haven't some orangutans who the unicorns have comforted moved ?	have some orangutans who the unicorns comforted haven't moved ?
SRC	haven't our walruses who have entertained the vultures smiled ?	have our walruses who the entertained the smiled ? ?
SRC	haven't your tyrannosauruses who the unicorns have amused read ?	have your tyrannosauruses who the unicorns amused haven't read ?
SRC	have her xylophones who haven't remembered my peacock moved ?	haven't her xylophones who remembered my peacock have moved ?
SRC	hasn't my zebra that has swum accepted the vulture ?	has my zebra that swum accepted the vulture ? ?
SRC	have our newts who some vultures haven't annoyed giggled ?	haven't our newts who some vultures annoyed have giggled ?
SRC	has some newt that hasn't eaten admired the salamander near my walrus ?	hasn't some newt that eaten eaten admired the salamander near my walrus ?
SRC	have your peacocks who haven't moved applauded my tyrannosaurus above some salamanders ?	haven't your peacocks who moved applauded applauded my tyrannosaurus above some salamanders ?
SRC	has your vulture who hasn't giggled amused my salamanders below the vultures ?	hasn't your vulture who giggled amused my salamanders below the vultures ? ?
SRC	has some tyrannosaurus that hasn't slept accepted your salamander behind some vulture ?	hasn't some tyrannosaurus that slept accepted your salamander behind some vulture ? ?
SRC	have your walruses that haven't changed entertained some peacock above her zebra ?	haven't your walruses that changed entertained some peacock above her peacock ? ?
SRC	hasn't the newt who your yak has entertained moved ?	has the newt who your yak entertained hasn't moved ?
SRC	has her yak that hasn't applauded her tyrannosaurus smiled ?	hasn't her yak that applauded her tyrannosaurus has smiled ?
SRC	haven't my ravens that some xylophones have comforted read ?	have my ravens that some xylophones comforted haven't read ?
SRC	has the tyrannosaurus that hasn't entertained our raven waited ?	hasn't the tyrannosaurus that our entertained our raven waited ?
SRC	hasn't the walrus who has entertained her walrus moved ?	has the walrus who her entertained her moved ? ?
SRC	have the unicorns who haven't comforted the ravens read ?	haven't the unicorns who comforted the ravens read ? ?
SRC	have the unicorns who haven't accepted her ravens giggled ?	haven't the unicorns who accepted her ravens have giggled ?
SRC	haven't the unicorns that have entertained some walrus smiled ?	have the unicorns that some entertained some walrus smiled ?
SRC	haven't our xylophones that have smiled applauded her peacock ?	have our xylophones that smiled applauded applauded her peacock ?
SRC	have our ravens that the xylophones haven't comforted swum ?	haven't our ravens that the xylophones comforted swum ? ?
SRC	have our ravens who haven't smiled slept ?	haven't our ravens who smiled ? slept ?
SRC	has the zebra that hasn't eaten eaten ?	hasn't the zebra that eaten eaten ?
SRC	haven't her tyrannosauruses that have changed waited ?	have her tyrannosauruses that changed waited ?
SRC	hasn't the unicorn that has read read ?	has the unicorn that read read ?
SRC	have her tyrannosauruses that haven't swum slept ?	haven't her tyrannosauruses that swum slept ?
SRC	have our orangutans who haven't slept slept ?	haven't our orangutans who slept slept ?
SRC	hasn't her salamander that has moved changed ?	has her salamander that moved moved ?
SRC	has our walrus who hasn't giggled giggled ?	hasn't our walrus who giggled giggled ?
SRC	haven't some newts who have waited giggled ?	have some newts who have giggled ?
SRC	have the ravens who haven't giggled read ?	haven't the ravens who giggled read ?
SRC	has some peacock that hasn't applauded the quails giggled ?	hasn't some peacock that applauded the quails has giggled ?
SRC	have my unicorns that haven't annoyed some ravens smiled ?	haven't my unicorns that annoyed some ravens have smiled ?
SRC	hasn't some tyrannosaurus who has confused my tyrannosauruses swum ?	has some tyrannosaurus who my tyrannosauruses tyrannosauruses hasn't swum ?
SRC	has the raven that her salamander hasn't accepted moved ?	hasn't the raven that her salamander accepted has moved ?
SRC	haven't some orangutans that have entertained my orangutans giggled ?	have some orangutans that my entertained my giggled ? ?
SRC	have our peacocks that haven't annoyed some yak moved ?	haven't our peacocks that annoyed some yak have moved ?
SRC	haven't some vultures who some salamanders have comforted read ?	have some vultures who some salamanders comforted haven't read ?
SRC	hasn't some vulture who the walrus has applauded read ?	has some vulture who the walrus applauded hasn't read ?
SRC	has the tyrannosaurus that her xylophone hasn't admired changed ?	hasn't the tyrannosaurus that her xylophone admired has changed ?
SRC	haven't our quails that have admired her quail waited ?	have our quails that admired her quail haven't waited ?
SRC	has some newt that hasn't admired our vultures waited ?	hasn't some newt that admired our vultures waited ? ?
SRC	haven't your walruses that have moved annoyed our newt ?	have your walruses that haven't annoyed our newt ? ?
SRC	have the zebras that haven't annoyed my peacock waited ?	haven't the zebras that annoyed my peacock waited ? ?
SRC	hasn't my newt who my unicorn has confused changed ?	has my newt who my unicorn confused hasn't changed ?
SRC	has the yak who hasn't annoyed my unicorns eaten ?	hasn't the yak who my annoyed my unicorns eaten ?
SRC	has my vulture who hasn't read changed ?	hasn't my vulture who read changed changed ?
SRC	has her orangutan that hasn't moved moved ?	hasn't her orangutan that moved moved ?
SRC	hasn't our quail who has read swum ?	hasn't our quail who read swum ?
SRC	haven't some yaks who have slept waited ?	have some yaks who slept waited ?
SRC	has your xylophone who hasn't changed changed ?	hasn't your xylophone who changed changed changed ?
SRC	has your zebra that hasn't amused her walruses waited ?	hasn't your zebra that amused her walruses has waited ?
SRC	hasn't our tyrannosaurus who has applauded our vultures eaten ?	has our tyrannosaurus who our vultures our eaten ? ?
SRC	has your orangutan who hasn't remembered her ravens smiled ?	hasn't your orangutan who her remembered her smiled ? ?
SRC	hasn't your walrus that my zebra has admired read ?	has your walrus that my zebra admired hasn't read ?
SRC	haven't some peacocks that have admired my salamander changed ?	have some peacocks that admired my salamander changed ?
SRC	have our peacocks who your tyrannosauruses haven't amused comforted the peacocks ?	haven't our peacocks who your tyrannosauruses amused have comforted the peacocks ?
SRC	have our peacocks who haven't annoyed the quail admired the newt ?	haven't our peacocks who the quail admired the admired the newt ?
SRC	have some vultures who haven't comforted the vultures amused her orangutan ?	haven't some vultures who comforted the vultures amused her orangutan ? ?
SRC	hasn't the yak who some walrus has comforted admired the walrus ?	has the yak who some walrus comforted the admired the walrus ?
SRC	have some unicorns who the tyrannosauruses haven't accepted confused the ravens ?	haven't some unicorns who the tyrannosauruses accepted have confused the ravens ?
SRC	haven't her xylophones who have eaten smiled ?	have her xylophones who eaten eaten ?
SRC	haven't the zebras who have eaten read ?	have the zebras who eaten eaten ?
SRC	has some tyrannosaurus that hasn't read slept ?	hasn't some tyrannosaurus that read ? slept ?
SRC	have your walruses that haven't waited swum ?	haven't your walruses that have swum ?
SRC	hasn't the quail that has eaten swum ?	has the quail that eaten eaten ?
SRC	hasn't your vulture that has entertained your quails annoyed her ravens ?	has your vulture that your entertained your annoyed her annoyed her ravens ?
SRC	have her xylophones that our tyrannosauruses haven't comforted applauded some salamander ?	haven't her xylophones that our tyrannosauruses comforted applauded some salamander ? ?
SRC	hasn't her salamander who the peacock has comforted amused her yak ?	has her salamander who the peacock comforted amused her yak amused ?
SRC	has my peacock that hasn't admired the xylophone amused my orangutan ?	hasn't my peacock that the admired the has amused my orangutan ?
SRC	has the salamander that hasn't remembered her unicorn entertained the quail ?	hasn't the salamander that remembered her unicorn entertained has entertained the quail ?
SRC	has the newt who hasn't confused our salamanders read ?	hasn't the newt who our salamanders our read ? ?
SRC	hasn't your walrus who has confused my quails moved ?	has your walrus who my confused my quails moved ?
SRC	have your unicorns who our salamanders haven't amused moved ?	haven't your unicorns who our salamanders amused have moved ?
SRC	has her zebra that hasn't waited accepted her orangutan ?	hasn't her zebra that waited waited accepted her orangutan ?
SRC	haven't the tyrannosauruses who have admired my vulture changed ?	have the tyrannosauruses who my vulture vulture haven't changed ?
SRC	has the zebra who some newt hasn't comforted smiled ?	hasn't the zebra who some newt comforted smiled ? ?
SRC	has the xylophone that hasn't applauded the unicorn smiled ?	hasn't the xylophone that applauded the unicorn has smiled ?
SRC	haven't some peacocks that have waited admired the orangutans ?	have some peacocks that haven't admired the orangutans ? ?
SRC	hasn't her salamander who has confused some walrus moved ?	has her salamander who some walrus confused hasn't moved ?
SRC	hasn't the orangutan who your xylophone has applauded slept ?	has the orangutan who your xylophone applauded slept ? ?
SRC	has some peacock who our tyrannosaurus hasn't confused confused the orangutan ?	hasn't some peacock who our tyrannosaurus confused confused the orangutan ? ?
SRC	have my walruses who haven't accepted the peacock admired the quail ?	haven't my walruses who the accepted the peacock admired the quail ?
SRC	have the xylophones that haven't applauded her orangutan confused my unicorns ?	haven't the xylophones that applauded her orangutan confused my unicorns ? ?
SRC	hasn't my salamander that has annoyed my peacock applauded our orangutans ?	has my salamander that has annoyed my peacock applauded our orangutans ?
SRC	hasn't the orangutan that has annoyed my zebra applauded some walruses ?	has the orangutan that annoyed my zebra hasn't applauded some walruses ?
SRC	has the tyrannosaurus that our yak hasn't confused smiled ?	hasn't the tyrannosaurus that our yak confused has smiled ?
SRC	hasn't the tyrannosaurus who has annoyed her ravens slept ?	has the tyrannosaurus who her annoyed her slept ? ?
SRC	haven't your quails that my vultures have annoyed swum ?	have your quails that my vultures annoyed swum ? ?
SRC	have our newts who your orangutans haven't amused changed ?	haven't our newts who your orangutans amused have changed ?
SRC	hasn't my xylophone who has remembered my vulture slept ?	has my xylophone who remembered my vulture hasn't slept ?
SRC	has the quail who hasn't read annoyed some raven behind some walruses ?	hasn't the quail who has annoyed some raven behind some walruses ? ?
SRC	have your walruses that haven't swum remembered our zebras near our orangutan ?	haven't your walruses that swum remembered our zebras near our zebras ? ?
SRC	have the peacocks who haven't eaten applauded her raven near her yak ?	haven't the peacocks who eaten eaten applauded her raven near her yak ?
SRC	hasn't the salamander who has slept applauded our xylophone below my raven ?	hasn't the salamander who slept applauded our xylophone below my xylophone ? ?
SRC	hasn't our xylophone who has smiled amused my yaks around the newts ?	hasn't our xylophone who smiled amused my yaks around the newts around the ?
SRC	hasn't my walrus who our orangutan has applauded waited ?	has my walrus who our orangutan applauded hasn't waited ?
SRC	have my tyrannosauruses who haven't accepted some ravens moved ?	haven't my tyrannosauruses who some ravens accepted have moved ?
SRC	have my newts who haven't amused some salamander moved ?	haven't my newts who some amused some salamander moved ?
SRC	haven't some peacocks who my peacocks have amused eaten ?	have some peacocks who my peacocks amused haven't eaten ?
SRC	have my quails that your orangutans haven't annoyed slept ?	haven't my quails that your orangutans annoyed have slept ?
SRC	has some yak who hasn't changed slept ?	hasn't some yak who changed slept ?
SRC	have her peacocks who haven't moved smiled ?	haven't her peacocks who moved moved ?
SRC	haven't some unicorns who have eaten changed ?	have some unicorns who eaten eaten ?
SRC	has the walrus that hasn't eaten slept ?	hasn't the walrus that eaten eaten ?
SRC	haven't your unicorns that have giggled swum ?	have your unicorns that giggled swum ?
SRC	hasn't my unicorn that has swum waited ?	has my unicorn that swum waited waited ?
SRC	has her tyrannosaurus that hasn't waited smiled ?	hasn't her tyrannosaurus that waited waited ?
SRC	have our walruses who haven't slept swum ?	haven't our walruses who slept swum ?
SRC	hasn't our salamander who has giggled waited ?	hasn't our salamander who giggled waited ?
SRC	have her yaks that haven't giggled slept ?	haven't her yaks that giggled slept ?
SRC	haven't our quails that your peacocks have entertained admired my tyrannosauruses below our yaks ?	have our quails that your peacocks entertained haven't admired my tyrannosauruses below our yaks ?
SRC	have the zebras that haven't eaten annoyed the newt near our zebras ?	haven't the zebras that eaten eaten annoyed the newt near our zebras ? ?
SRC	have my yaks who haven't changed confused the yak around some salamander ?	haven't my yaks who changed confused the yak around some salamander ? ?
SRC	have some unicorns who haven't giggled applauded my quails near the ravens ?	haven't some unicorns who giggled applauded my quails near the ravens ? ?
SRC	has my vulture who hasn't smiled comforted some unicorns with the peacock ?	hasn't my vulture who smiled smiled comforted some unicorns with the peacock ? ?
SRC	have the zebras who haven't swum waited ?	haven't the zebras who have waited waited ?
SRC	hasn't her salamander that has smiled changed ?	hasn't her salamander that smiled changed changed ?
SRC	has some walrus who hasn't slept waited ?	hasn't some walrus who slept waited ?
SRC	haven't some salamanders that have moved moved ?	have some salamanders that moved moved moved ?
SRC	haven't our quails that have slept waited ?	have our quails that have waited waited ?
SRC	have the yaks who her walruses haven't admired comforted my zebra ?	haven't the yaks who her walruses admired have comforted my zebra ?
SRC	haven't the walruses who have annoyed the xylophones admired our orangutan ?	have the walruses who the xylophones xylophones admired our orangutan ? ?
SRC	haven't your zebras that have applauded some peacocks annoyed my salamanders ?	have your zebras that applauded some peacocks haven't annoyed my salamanders ?
SRC	haven't some yaks that the orangutans have annoyed remembered some walrus ?	have some yaks that the orangutans annoyed remembered some walrus ? ?
SRC	have our zebras that my ravens haven't applauded remembered our tyrannosaurus ?	haven't our zebras that my ravens applauded remembered our tyrannosaurus ? ?
SRC	hasn't some tyrannosaurus who has remembered my unicorn smiled ?	has some tyrannosaurus who remembered my unicorn hasn't smiled ?
SRC	hasn't her yak who has comforted some ravens smiled ?	has her yak who some ravens some ravens smiled ?
SRC	haven't my walruses that have confused your tyrannosauruses slept ?	have my walruses that your confused your tyrannosauruses slept ?
SRC	haven't my yaks who have giggled confused our peacock ?	have my yaks who giggled confused our peacock ? ?
SRC	has my xylophone who hasn't entertained my tyrannosaurus read ?	hasn't my xylophone who entertained my tyrannosaurus has read ?
SRC	have our newts that haven't annoyed your tyrannosauruses moved ?	haven't our newts that your tyrannosauruses have moved ? ?
SRC	hasn't some peacock who has comforted the zebra waited ?	has some peacock who comforted the zebra waited ?
SRC	hasn't the vulture that our xylophone has confused read ?	has the vulture that our xylophone confused hasn't read ?
SRC	hasn't some walrus who your tyrannosaurus has admired changed ?	has some walrus who your tyrannosaurus admired hasn't changed ?
SRC	hasn't some tyrannosaurus that has eaten applauded her ravens ?	has some tyrannosaurus that eaten eaten applauded her ravens ?
SRC	have your unicorns who haven't read annoyed the unicorn ?	haven't your unicorns who have annoyed the unicorn ? ?
SRC	haven't your xylophones that have moved confused your vulture ?	have your xylophones that haven't confused your vulture ? ?
SRC	hasn't her tyrannosaurus that has admired her peacocks read ?	has her tyrannosaurus that admired her peacocks read ? ?
SRC	has some tyrannosaurus who hasn't confused our zebra changed ?	hasn't some tyrannosaurus who our zebra our zebra changed ?
SRC	hasn't my zebra who has smiled applauded some raven ?	hasn't my zebra who smiled applauded applauded some raven ?
SRC	hasn't my unicorn who has annoyed her quail amused our walruses ?	has my unicorn who her annoyed her amused our walruses ? ?
SRC	has your peacock that hasn't applauded your tyrannosauruses confused my orangutan ?	hasn't your peacock that applauded your tyrannosauruses has confused my orangutan ?
SRC	have some orangutans that haven't admired some orangutans accepted her walruses ?	haven't some orangutans that some admired some orangutans accepted her walruses ?
SRC	hasn't her xylophone who has swum remembered my zebra ?	has her xylophone who swum remembered my zebra ? ? ?
SRC	hasn't her orangutan who my walrus has remembered giggled ?	has her orangutan who my walrus remembered hasn't giggled ? ?
SRC	has our salamander that hasn't comforted my quail changed ?	hasn't our salamander that comforted my quail has changed ?
SRC	have our quails who haven't applauded her orangutan changed ?	haven't our quails who applauded her orangutan have changed ?
SRC	hasn't your walrus who has accepted your orangutans swum ?	has your walrus who your accepted your orangutans swum ?
SRC	has my quail who hasn't giggled remembered her yak ?	hasn't my quail who giggled remembered her yak ?
SRC	hasn't our peacock that our quail has annoyed read ?	has our peacock that our quail annoyed hasn't read ?
SRC	haven't some quails who some vultures have applauded remembered her orangutans with her xylophones ?	have some quails who some vultures applauded her remembered her orangutans with her xylophones ?
SRC	hasn't the peacock who has comforted my xylophones annoyed some newts upon some newt ?	has the peacock who my xylophones xylophones annoyed some newts annoyed some newt ?
SRC	haven't your unicorns that have remembered my newt amused some orangutans behind her yak ?	have your unicorns that remembered my newt amused some orangutans behind her yak ?
SRC	has my yak that our yak hasn't amused annoyed the tyrannosaurus behind some newt ?	hasn't my yak that our yak amused has annoyed the tyrannosaurus behind some newt ?
SRC	haven't the zebras that some xylophones have comforted applauded your ravens near your newts ?	have the zebras that some xylophones comforted applauded your ravens near your newts near your newts
SRC	hasn't our peacock who has changed smiled ?	hasn't our peacock who changed smiled ?
SRC	haven't your zebras that have changed giggled ?	have your zebras that have giggled giggled ?
SRC	hasn't your newt who has eaten moved ?	hasn't your newt who eaten eaten ?
SRC	haven't some quails who have swum waited ?	have some quails who have waited waited ?
SRC	hasn't some orangutan who has giggled read ?	hasn't some orangutan who giggled read ?
SRC	hasn't the vulture that has smiled swum ?	hasn't the vulture that smiled smiled ?
SRC	have my walruses who haven't read smiled ?	haven't my walruses who read smiled ? ?
SRC	hasn't our quail that has changed changed ?	has our quail that changed changed changed ?
SRC	haven't her zebras who have slept swum ?	have her zebras who slept swum ?
SRC	have my zebras who haven't read waited ?	haven't my zebras who have waited waited ?
SRC	hasn't her raven that has comforted your zebra remembered our walrus with your orangutans ?	has her raven that comforted your zebra remembered our walrus with your orangutans with your
SRC	have the yaks that her yaks haven't accepted confused her orangutans by your salamanders ?	haven't the yaks that her yaks accepted have confused her orangutans by your salamanders ?
SRC	hasn't our peacock who has entertained her unicorns admired her newt with some ravens ?	has our peacock who her entertained her admired her newt with some ravens ?
SRC	has my peacock who hasn't amused the orangutans applauded her ravens near the vulture ?	hasn't my peacock who amused the orangutans applauded her ravens near the vulture ? ?
SRC	have your walruses that our unicorns haven't remembered accepted your salamander near some xylophones ?	haven't your walruses that our unicorns remembered have accepted your salamander near some xylophones ?
SRC	has her unicorn that hasn't amused some newts waited ?	hasn't her unicorn that some amused some newts waited ?
SRC	hasn't the zebra that your peacock has applauded moved ?	has the zebra that your peacock applauded hasn't moved ?
SRC	have her xylophones that haven't annoyed my xylophone read ?	haven't her xylophones that annoyed my xylophone read ? ?
SRC	has your quail that my quail hasn't annoyed smiled ?	hasn't your quail that my quail annoyed has smiled ?
SRC	have the tyrannosauruses that haven't applauded our salamander moved ?	haven't the tyrannosauruses that applauded our salamander moved ? ?
SRC	haven't some orangutans who some tyrannosauruses have accepted entertained our zebras ?	have some orangutans who some tyrannosauruses accepted haven't entertained our zebras ?
SRC	haven't my peacocks that my yaks have annoyed amused her raven ?	have my peacocks that my yaks annoyed haven't amused her raven ?
SRC	has her vulture who hasn't entertained some unicorn amused the peacock ?	hasn't her vulture who some entertained some has amused the peacock ?
SRC	haven't my unicorns that my zebras have admired comforted your xylophone ?	have my unicorns that my zebras admired haven't comforted your xylophone ?
SRC	have my peacocks that my yaks haven't confused accepted the raven ?	haven't my peacocks that my yaks confused have accepted the raven ?
SRC	haven't some ravens who her ravens have amused read ?	have some ravens who her ravens amused haven't read ?
SRC	has her salamander that hasn't confused the yaks slept ?	hasn't her salamander that the yaks confused has slept ?
SRC	hasn't your unicorn who some yak has comforted waited ?	has your unicorn who some yak comforted waited ?
SRC	haven't my walruses who have accepted my tyrannosauruses giggled ?	have my walruses who my tyrannosauruses my giggled ? ?
SRC	haven't her zebras who have applauded her newts eaten ?	have her zebras who applauded her newts haven't eaten ?
SRC	has some newt who hasn't annoyed some salamanders comforted our walrus around some yaks ?	hasn't some newt who some salamanders some salamanders comforted our walrus around some yaks ?
SRC	have some peacocks that her zebras haven't applauded annoyed her xylophones above her salamanders ?	haven't some peacocks that her zebras applauded her annoyed her xylophones above her salamanders ?
SRC	hasn't the quail that has accepted your yaks comforted my xylophone below my newt ?	has the quail that your yaks your yaks comforted my xylophone below my newt ?
SRC	haven't her orangutans who have comforted the newts applauded my peacock near some xylophone ?	have her orangutans who the comforted the newts applauded my peacock near some xylophone ?
SRC	have our unicorns that my xylophones haven't admired admired your peacocks behind the ravens ?	haven't our unicorns that my xylophones admired admired your peacocks behind the ravens ? ?
SRC	has my tyrannosaurus that the unicorn hasn't applauded changed ?	hasn't my tyrannosaurus that the unicorn applauded has changed ?
SRC	have some vultures that my tyrannosauruses haven't admired read ?	haven't some vultures that my tyrannosauruses admired admired ? ?
SRC	has your vulture that the newt hasn't remembered smiled ?	hasn't your vulture that the newt remembered has smiled ?
SRC	have her salamanders that haven't confused her unicorns giggled ?	haven't her salamanders that her confused her giggled ? ?
SRC	has your quail who hasn't comforted our salamanders changed ?	hasn't your quail who our salamanders our has changed ?
SRC	have our zebras that the salamanders haven't entertained read ?	haven't our zebras that the salamanders entertained have read ?
SRC	has your quail that the raven hasn't accepted giggled ?	hasn't your quail that the raven accepted has giggled ?
SRC	have our xylophones who haven't applauded her walrus changed ?	haven't our xylophones who applauded her walrus have changed ?
SRC	have my walruses that some salamanders haven't amused moved ?	haven't my walruses that some salamanders amused have moved ?
SRC	has my unicorn who hasn't accepted her peacocks moved ?	hasn't my unicorn who her peacocks her moved ? ?
SRC	have the newts that haven't giggled eaten ?	haven't the newts that giggled have eaten ?
SRC	have the salamanders who haven't read eaten ?	haven't the salamanders who have eaten ?
SRC	hasn't her yak who has read read ?	hasn't her yak who read read ?
SRC	has the newt that hasn't read slept ?	hasn't the newt that read ? slept ?
SRC	has my vulture that hasn't moved waited ?	hasn't my vulture that moved ? waited ?
SRC	hasn't your newt that has admired your quails remembered her yak ?	has your newt that your admired your remembered her yak hasn't ?
SRC	haven't some ravens that have remembered our unicorn admired my yak ?	have some ravens that remembered our unicorn admired my yak admired ?
SRC	hasn't the tyrannosaurus who my unicorn has comforted admired the newt ?	has the tyrannosaurus who my unicorn comforted hasn't admired the newt ?
SRC	hasn't our tyrannosaurus that has comforted some zebras comforted my walruses ?	has our tyrannosaurus that comforted some zebras comforted my walruses ? ?
SRC	haven't our vultures that your xylophones have entertained admired her quails ?	have our vultures that your xylophones entertained haven't admired her quails ?
SRC	haven't some yaks who her peacocks have applauded smiled ?	have some yaks who her peacocks applauded smiled ? ?
SRC	hasn't our orangutan that our newt has amused eaten ?	has our orangutan that our newt amused hasn't eaten ?
SRC	hasn't my tyrannosaurus who has applauded some vulture changed ?	has my tyrannosaurus who some vulture vulture hasn't changed ?
SRC	has the newt that our peacock hasn't remembered read ?	hasn't the newt that our peacock remembered has read ?
SRC	has your vulture who hasn't accepted your quail waited ?	hasn't your vulture who your quail accepted has waited ?
SRC	have her orangutans that haven't swum moved ?	haven't her orangutans that swum moved ?
SRC	has my newt who hasn't read changed ?	hasn't my newt who read changed changed ?
SRC	has her newt who hasn't eaten changed ?	hasn't her newt who eaten eaten ?
SRC	has her quail that hasn't moved slept ?	hasn't her quail that moved ? slept ?
SRC	haven't the ravens that have changed smiled ?	have the ravens that changed smiled ?
SRC	has some zebra that hasn't remembered your walruses giggled ?	hasn't some zebra that remembered your walruses has giggled ?
SRC	have your walruses who her peacocks haven't annoyed moved ?	haven't your walruses who her peacocks annoyed annoyed moved ?
SRC	haven't her unicorns that have comforted the zebras smiled ?	have her unicorns that comforted the zebras haven't smiled ?
SRC	haven't her yaks who have entertained some yak moved ?	have her yaks who some yak some moved ?
SRC	hasn't her quail who some tyrannosaurus has confused giggled ?	has her quail who some tyrannosaurus confused hasn't giggled ?
SRC	haven't your orangutans that your vultures have annoyed comforted her ravens near her salamander ?	have your orangutans that your vultures annoyed haven't comforted her ravens near her salamander ?
SRC	hasn't some orangutan who has comforted some zebras amused our newt by the zebras ?	has some orangutan who some zebras some zebras hasn't amused the newt by the zebras ?
SRC	hasn't my vulture who has applauded her unicorn confused my tyrannosaurus above your quail ?	has my vulture who applauded her unicorn confused my tyrannosaurus above your quail ? ?
SRC	has her raven that hasn't comforted the tyrannosaurus applauded some salamanders above our walruses ?	hasn't her raven that comforted the tyrannosaurus has applauded some salamanders above our walruses ?
SRC	has my unicorn that her peacock hasn't comforted confused my peacocks by our vultures ?	hasn't my unicorn that her peacock comforted confused my peacocks by our vultures ? ?
SRC	has my zebra that hasn't annoyed your vultures giggled ?	hasn't my zebra that your annoyed your giggled ? ?
SRC	haven't my quails who our unicorns have remembered changed ?	have my quails who our unicorns remembered haven't changed ?
SRC	has the newt who her quail hasn't remembered read ?	hasn't the newt who her quail remembered has read ?
SRC	hasn't some walrus who has applauded your vultures read ?	has some walrus who applauded your vultures read ? ?
SRC	hasn't her orangutan who the orangutan has comforted slept ?	has her orangutan who the orangutan comforted slept ? ?
SRC	hasn't some xylophone who my unicorn has annoyed read ?	has some xylophone who my unicorn annoyed hasn't read ?
SRC	has some unicorn that my peacock hasn't remembered slept ?	hasn't some unicorn that my peacock remembered has slept ?
SRC	has my yak who your raven hasn't amused changed ?	hasn't my yak who your raven amused has changed ?
SRC	haven't some tyrannosauruses who have comforted our walrus swum ?	have some tyrannosauruses who our comforted our walrus swum ?
SRC	has my newt that some salamander hasn't confused eaten ?	hasn't my newt that some salamander confused has eaten ?
SRC	haven't our walruses who the newts have amused admired the quails above the zebra ?	have our walruses who the newts amused haven't admired the quails above the zebra ?
SRC	have some orangutans who haven't confused the xylophones comforted your xylophone near her vultures ?	haven't some orangutans who the xylophones comforted comforted your xylophone near her vultures ? ?
SRC	haven't the walruses who the vultures have entertained comforted your vulture near my peacocks ?	have the walruses who the vultures entertained haven't comforted your vulture near my peacocks ?
SRC	hasn't the yak who my salamander has confused accepted our tyrannosaurus upon your quail ?	has the yak who my salamander confused our tyrannosaurus accepted our quail upon your quail ?
SRC	has some peacock that hasn't admired the vulture remembered our zebras by the zebra ?	hasn't some peacock that the admired the vulture remembered our zebras by the zebra ?
SRC	has some salamander that hasn't confused her newts accepted your walrus ?	hasn't some salamander that her confused her accepted your walrus accepted ?
SRC	have my yaks who haven't amused my walruses entertained your zebras ?	haven't my yaks who my walruses my walruses entertained your zebras ?
SRC	have some zebras that haven't remembered your zebra accepted her xylophones ?	haven't some zebras that your remembered your accepted her xylophones ? ?
SRC	have some ravens who my zebras haven't accepted remembered your xylophone ?	haven't some ravens who my zebras accepted have remembered your xylophone ?
SRC	haven't my ravens that some peacocks have remembered remembered our salamanders ?	have my ravens that some peacocks remembered remembered our salamanders ? ?
SRC	hasn't the walrus that has giggled slept ?	hasn't the walrus that giggled slept ?
SRC	hasn't my raven who has slept smiled ?	hasn't my raven who slept smiled ? ?
SRC	have some quails who haven't moved moved ?	haven't some quails who moved moved moved ?
SRC	have some unicorns who haven't read changed ?	haven't some unicorns who read changed changed ?
SRC	hasn't our orangutan that has slept eaten ?	has our orangutan that slept eaten ?
SRC	have our yaks that haven't applauded my unicorns swum ?	haven't our yaks that applauded my unicorns have swum ?
SRC	has her salamander who hasn't swum remembered my xylophones ?	hasn't her salamander who swum remembered my xylophones ? ?
SRC	haven't my unicorns that have giggled remembered her vulture ?	have my unicorns that giggled remembered her vulture ? ?
SRC	has our unicorn that your quail hasn't amused swum ?	hasn't our unicorn that your quail amused has swum ?
SRC	has your salamander that hasn't amused my newts swum ?	hasn't your salamander that amused my newts has swum ?
SRC	haven't my salamanders that the walruses have admired read ?	have my salamanders that the walruses admired haven't read ?
SRC	has my raven who hasn't applauded the raven waited ?	hasn't my raven who applauded the raven has waited ?
SRC	have her orangutans that haven't changed admired some xylophones ?	haven't her orangutans that changed admired some xylophones ? ?
SRC	has our salamander who hasn't comforted some salamander giggled ?	hasn't our salamander who some comforted some salamander giggled ?
SRC	haven't my walruses who have confused our orangutan giggled ?	have my walruses who our orangutan orangutan giggled ? ?
SRC	have some orangutans that haven't annoyed the vultures accepted my xylophone with my quail ?	haven't some orangutans that annoyed the vultures have accepted my xylophone with my quail ?
SRC	have our yaks who some peacocks haven't confused entertained her ravens upon the zebras ?	haven't our yaks who some peacocks confused have entertained her ravens upon the zebras ?
SRC	hasn't your xylophone that has entertained her newts entertained my vulture near my ravens ?	has your xylophone that her entertained her entertained hasn't entertained my ravens near my ravens ?
SRC	has some newt that hasn't amused my quails confused the peacock behind some peacock ?	hasn't some newt that amused my quails has confused the peacock behind some peacock ?
SRC	haven't the unicorns that her xylophones have annoyed entertained the vultures below our newts ?	have the unicorns that her xylophones annoyed entertained haven't entertained the our newts ?
SRC	hasn't the vulture that has smiled waited ?	hasn't the vulture that smiled smiled ?
SRC	hasn't her walrus who has swum read ?	hasn't her walrus who swum read ?
SRC	haven't the tyrannosauruses that have changed eaten ?	have the tyrannosauruses that changed eaten ?
SRC	hasn't my salamander who has eaten swum ?	hasn't my salamander who eaten eaten ?
SRC	hasn't some vulture that has changed slept ?	has some vulture that changed slept ?
SRC	has some walrus who hasn't accepted some orangutans swum ?	hasn't some walrus who some accepted some orangutans swum ?
SRC	hasn't the newt that your unicorn has accepted read ?	has the newt that your unicorn accepted hasn't read ?
SRC	has our peacock that hasn't swum annoyed some quail ?	hasn't our peacock that swum annoyed some quail ? ?
SRC	has the walrus that hasn't annoyed your salamander eaten ?	hasn't the walrus that your annoyed your salamander eaten ?
SRC	hasn't her salamander that your walrus has annoyed moved ?	has her salamander that your walrus annoyed hasn't moved ?
SRC	has her yak who hasn't eaten smiled ?	hasn't her yak who eaten eaten ?
SRC	hasn't our yak who has giggled changed ?	hasn't our yak who giggled changed ?
SRC	has your quail that hasn't changed slept ?	hasn't your quail that changed slept ?
SRC	haven't my vultures that have smiled slept ?	have my vultures that smiled smiled ?
SRC	haven't our salamanders that have giggled giggled ?	have our salamanders that giggled giggled giggled ?
SRC	have our peacocks who haven't annoyed your zebra changed ?	haven't our peacocks who your zebra zebra have changed ?
SRC	hasn't her walrus who has annoyed our newts smiled ?	has her walrus who annoyed our newts hasn't smiled ?
SRC	hasn't her walrus who has annoyed her vulture moved ?	has her walrus who her annoyed her moved ?
SRC	has some newt who hasn't entertained some salamanders read ?	hasn't some newt who some entertained some read ? ?
SRC	hasn't my vulture who has admired our walruses swum ?	has my vulture who our walruses our walruses swum ?
SRC	have the tyrannosauruses that haven't eaten comforted our quails with her xylophone ?	haven't the tyrannosauruses that eaten eaten comforted our quails with her xylophone ?
SRC	have her vultures who your zebras haven't admired applauded some salamanders ?	haven't her vultures who your zebras admired some salamanders applauded some salamanders ?
SRC	has her orangutan that the yak hasn't amused applauded the raven ?	hasn't her orangutan that the yak amused has applauded the raven ? ?
SRC	has her vulture who hasn't entertained her tyrannosauruses admired her tyrannosaurus ?	hasn't her vulture who her entertained her admired her tyrannosaurus ? ?
SRC	has our orangutan who hasn't confused your quail annoyed her quails ?	hasn't our orangutan who your quail your has annoyed her quails ? ?
SRC	hasn't our newt who my raven has annoyed read ?	has our newt who my raven annoyed hasn't read ?
SRC	has the vulture who your raven hasn't admired slept ?	hasn't the vulture who your raven admired has slept ?
SRC	hasn't our tyrannosaurus who has confused the quails slept ?	has our tyrannosaurus who the confused the quails slept ?
SRC	has the vulture that the raven hasn't admired waited ?	hasn't the vulture that the raven admired has waited ?
SRC	has some zebra that our tyrannosaurus hasn't accepted swum ?	hasn't some zebra that our tyrannosaurus accepted has swum ?
SRC	have some walruses who haven't eaten remembered our quails below your yak ?	haven't some walruses who eaten eaten remembered our quails below your yak ?
SRC	has her quail that hasn't slept applauded some orangutan by some unicorns ?	hasn't her quail that slept applauded some orangutan by some unicorns ? ?
SRC	have my yaks that haven't giggled applauded your tyrannosauruses behind our yak ?	haven't my yaks that giggled have applauded your tyrannosauruses behind our yak ?
SRC	haven't your yaks that have eaten applauded her orangutans near some walrus ?	have your yaks that eaten eaten applauded her orangutans near some walrus ?
SRC	haven't her peacocks that have giggled admired the raven with your orangutans ?	have her peacocks that giggled admired the raven with your orangutans ? ?
SRC	haven't your newts who have accepted your quail changed ?	have your newts who your quail accepted haven't changed ?
SRC	hasn't her zebra who has moved accepted some walrus ?	hasn't her zebra who moved moved some walrus ? ?
SRC	haven't the ravens who have comforted your orangutans changed ?	have the ravens who your comforted your orangutans haven't changed ?
SRC	haven't your salamanders that have confused our unicorns smiled ?	have your salamanders that our confused our unicorns smiled ?
SRC	has your zebra that our xylophone hasn't admired smiled ?	hasn't your zebra that our xylophone admired has smiled ?
SRC	has your yak that hasn't applauded your vultures applauded the orangutan around her newts ?	hasn't your yak that applauded your vultures applauded the orangutan around her newts around her newts
SRC	have some quails who haven't annoyed my newt comforted my vulture around my tyrannosauruses ?	haven't some quails who my annoyed my newt comforted my vulture around my tyrannosauruses ?
SRC	has my salamander who some peacock hasn't annoyed comforted my unicorn behind some zebras ?	hasn't my salamander who some peacock annoyed my comforted my unicorn behind some zebras ?
SRC	has our tyrannosaurus who hasn't applauded my orangutans remembered my walruses behind your yak ?	hasn't our tyrannosaurus who applauded my orangutans remembered my walruses behind your yak ?
SRC	has the zebra that hasn't entertained her yak annoyed some tyrannosaurus above some yak ?	hasn't the zebra that her entertained her annoyed some tyrannosaurus above some yak ?
SRC	has our salamander that her unicorn hasn't remembered applauded her orangutan ?	hasn't our salamander that her unicorn remembered has applauded her orangutan ?
SRC	hasn't your orangutan who has entertained her xylophones annoyed her quails ?	has your orangutan who her xylophones entertained hasn't annoyed her quails ?
SRC	hasn't her newt that has applauded the raven remembered the raven ?	has her newt that applauded the raven hasn't remembered the raven ?
SRC	haven't our xylophones who have entertained your peacock annoyed your salamander ?	have our xylophones who your entertained your peacock annoyed your salamander ?
SRC	hasn't your xylophone who has accepted some salamanders accepted her newt ?	has your xylophone who some accepted some salamanders hasn't accepted her newt ?
SRC	has her peacock that the walrus hasn't remembered accepted the peacocks ?	hasn't her peacock that the walrus remembered has accepted the peacocks ?
SRC	hasn't our orangutan that my peacock has entertained applauded some orangutan ?	has our orangutan that my peacock entertained hasn't applauded some orangutan ?
SRC	haven't your tyrannosauruses that have accepted my peacocks comforted the vultures ?	have your tyrannosauruses that accepted my peacocks haven't comforted the vultures ?
SRC	haven't your ravens that have annoyed her xylophone annoyed her newt ?	have your ravens that her annoyed her xylophone annoyed her newt ?
SRC	hasn't my yak that some newt has comforted admired our zebra ?	has my yak that some newt comforted our hasn't admired our zebra ?
SRC	has my zebra that hasn't moved moved ?	hasn't my zebra that moved moved ?
SRC	haven't my quails who have swum waited ?	have my quails who have waited waited ?
SRC	hasn't your tyrannosaurus who has eaten smiled ?	hasn't your tyrannosaurus who eaten eaten ?
SRC	haven't your unicorns who have waited moved ?	have your unicorns who have moved ?
SRC	have your newts who haven't changed swum ?	haven't your newts who changed swum ?
SRC	haven't my zebras that your vultures have applauded giggled ?	have my zebras that your vultures applauded applauded ? ?
SRC	have her yaks who haven't entertained her quail giggled ?	haven't her yaks who her entertained her giggled ? ?
SRC	haven't her unicorns who have eaten admired my newts ?	have her unicorns who eaten eaten admired my newts ?
SRC	has some zebra who hasn't applauded our zebras eaten ?	hasn't some zebra who our zebras our has eaten ?
SRC	has your xylophone that hasn't applauded our orangutan moved ?	hasn't your xylophone that applauded our orangutan has moved ?
SRC	hasn't our vulture that my quail has entertained smiled ?	has our vulture that my quail entertained hasn't smiled ?
SRC	has the salamander who hasn't annoyed your yaks smiled ?	hasn't the salamander who your yaks yaks smiled ? ?
SRC	have my unicorns that my yaks haven't confused slept ?	haven't my unicorns that my yaks confused have slept ?
SRC	have her xylophones that haven't slept remembered the orangutans ?	haven't her xylophones that have remembered the orangutans ? ?
SRC	has our xylophone that hasn't admired some peacock waited ?	hasn't our xylophone that some peacock some peacock waited ?
SRC	has some salamander who hasn't giggled changed ?	hasn't some salamander who giggled changed ?
SRC	has your orangutan who hasn't swum swum ?	hasn't your orangutan who swum swum ?
SRC	hasn't our xylophone that has giggled smiled ?	has our xylophone that giggled smiled ?
SRC	have the yaks that haven't changed swum ?	haven't the yaks that changed swum ?
SRC	have your quails who haven't eaten eaten ?	haven't your quails who eaten eaten ?
SRC	haven't her walruses who have moved admired the tyrannosauruses ?	have her walruses who moved moved the tyrannosauruses ? ?
SRC	has the zebra that hasn't moved admired her orangutan ?	hasn't the zebra that moved moved her orangutan ? ?
SRC	haven't some salamanders that have entertained our ravens slept ?	have some salamanders that our entertained our ravens slept ?
SRC	have your yaks who haven't confused some tyrannosaurus swum ?	haven't your yaks who some confused some tyrannosaurus swum ?
SRC	hasn't the orangutan that your xylophone has entertained changed ?	has the orangutan that your xylophone entertained hasn't changed ?
SRC	hasn't my salamander who has amused your quails confused the salamanders ?	has my salamander who amused your quails hasn't confused the salamanders ?
SRC	have my unicorns who haven't admired my peacocks entertained the walruses ?	haven't my unicorns who my peacocks my peacocks entertained the walruses ?
SRC	hasn't my zebra that my orangutan has applauded annoyed your ravens ?	has my zebra that my orangutan applauded hasn't annoyed your ravens ?
SRC	has your orangutan who some salamander hasn't comforted comforted some yak ?	hasn't your orangutan who some salamander comforted comforted some yak comforted ?
SRC	have my quails who haven't confused my quail applauded her zebra ?	haven't my quails who my quail my quail applauded her zebra ?
SRC	has her yak who hasn't annoyed the walruses giggled ?	hasn't her yak who the annoyed the giggled ? ?
SRC	have your xylophones who my tyrannosauruses haven't amused giggled ?	haven't your xylophones who my tyrannosauruses amused have giggled ?
SRC	has some walrus who my quail hasn't entertained eaten ?	hasn't some walrus who my quail entertained has eaten ?
SRC	hasn't your yak that has remembered the unicorn eaten ?	has your yak that remembered the unicorn eaten ?
SRC	have your salamanders that haven't applauded her xylophones changed ?	haven't your salamanders that applauded her xylophones have changed ?
SRC	haven't her tyrannosauruses that have eaten waited ?	have her tyrannosauruses that eaten eaten ?
SRC	hasn't her newt that has swum eaten ?	has her newt that swum swum ?
SRC	hasn't her orangutan who has swum swum ?	hasn't her orangutan who swum swum ?
SRC	has my walrus that hasn't moved moved ?	hasn't my walrus that moved moved ?
SRC	haven't the orangutans who have smiled read ?	have the orangutans who smiled smiled ?
SRC	haven't your orangutans who your ravens have entertained remembered some xylophones near my xylophone ?	have your orangutans who your ravens entertained haven't remembered some xylophones near my xylophone ?
SRC	have my unicorns who some walruses haven't admired applauded my orangutan below her xylophones ?	haven't my unicorns who some walruses admired have applauded my orangutan below her xylophones ?
SRC	have some tyrannosauruses that your unicorns haven't accepted annoyed my quails upon some peacock ?	haven't some tyrannosauruses that your unicorns accepted have annoyed my quails upon some peacock ?
SRC	have our salamanders that haven't comforted my peacocks remembered her newts behind our vultures ?	haven't our salamanders that comforted my peacocks remembered her newts behind our vultures ?
SRC	haven't some ravens that have applauded my salamander remembered her xylophone upon your unicorns ?	have some ravens that applauded my salamander remembered her xylophone upon your unicorns ?
SRC	has the vulture who hasn't amused your salamanders swum ?	hasn't the vulture who your salamanders amused has swum ?
SRC	hasn't my tyrannosaurus who has confused the yak eaten ?	has my tyrannosaurus who the yak yak hasn't eaten ?
SRC	hasn't the quail that has comforted the newts read ?	has the quail that the comforted the newts read ?
SRC	hasn't my unicorn that our vulture has admired waited ?	has my unicorn that our vulture admired hasn't waited ?
SRC	has your zebra that hasn't changed admired some quails ?	hasn't your zebra that changed admired some quails ? ?
SRC	have her zebras who her walruses haven't confused waited ?	haven't her zebras who her walruses confused have waited ?
SRC	haven't her walruses that have smiled admired my vultures ?	have her walruses that smiled admired my vultures ? ?
SRC	haven't our xylophones that some xylophones have amused swum ?	have our xylophones that some xylophones amused haven't swum ?
SRC	haven't some ravens that have amused your ravens changed ?	have some ravens that amused your ravens haven't changed ?
SRC	have the walruses who haven't accepted your walrus swum ?	haven't the walruses who your walrus walrus have swum ?
SRC	has some orangutan that your newt hasn't amused giggled ?	hasn't some orangutan that your newt amused has giggled ?
SRC	hasn't her quail who has amused our zebras slept ?	has her quail who our amused our zebras slept ?
SRC	have the yaks that haven't entertained our orangutan moved ?	haven't the yaks that our orangutan entertained have moved ?
SRC	haven't the salamanders who have waited amused the walruses ?	have the salamanders who have amused the walruses ? ?
SRC	has my orangutan that your raven hasn't applauded smiled ?	hasn't my orangutan that your raven applauded has smiled ?
SRC	haven't my ravens that some zebras have applauded accepted some walruses ?	have my ravens that some zebras applauded accepted some walruses ? ?
SRC	has our salamander that hasn't annoyed your walrus confused your yaks ?	hasn't our salamander that your walrus walrus confused your yaks confused ?
SRC	have her orangutans who your orangutans haven't admired annoyed some peacocks ?	haven't her orangutans who your orangutans admired have annoyed some peacocks ?
SRC	have some tyrannosauruses that some peacocks haven't entertained confused the xylophones ?	haven't some tyrannosauruses that some peacocks entertained have confused the xylophones ?
SRC	has our peacock that the yak hasn't applauded amused the tyrannosauruses ?	hasn't our peacock that the yak applauded the has amused the tyrannosauruses ?
SRC	haven't our tyrannosauruses who have entertained my newt amused some quail near the xylophones ?	have our tyrannosauruses who entertained my newt amused some quail near the xylophones ? ?
SRC	haven't some ravens who her orangutans have entertained amused the orangutan upon your salamanders ?	have some ravens who her orangutans entertained haven't amused the orangutan upon your salamanders ?
SRC	hasn't her tyrannosaurus who has amused her vultures remembered your tyrannosauruses by our raven ?	has her tyrannosaurus who her amused her remembered your tyrannosauruses by our raven by our raven
SRC	have our newts that some vultures haven't admired comforted my unicorn by her tyrannosaurus ?	haven't our newts that some vultures admired my comforted my unicorn by her tyrannosaurus ?
SRC	haven't your salamanders that your xylophones have entertained confused her unicorns below our unicorns ?	have your salamanders that your xylophones entertained haven't confused her unicorns below our unicorns ?
SRC	hasn't our orangutan who some xylophone has confused giggled ?	has our orangutan who some xylophone confused hasn't giggled ?
SRC	haven't our orangutans that have annoyed the ravens smiled ?	have our orangutans that annoyed the ravens haven't smiled ?
SRC	haven't my zebras who have accepted our peacocks giggled ?	have my zebras who our peacocks our peacocks giggled ?
SRC	hasn't my zebra who her unicorn has annoyed waited ?	has my zebra who her unicorn annoyed hasn't waited ?
SRC	hasn't her vulture that has admired her unicorn moved ?	has her vulture that admired her unicorn moved ?
SRC	has some orangutan who hasn't admired your newts smiled ?	hasn't some orangutan who your admired your smiled ? ?
SRC	haven't your xylophones who have changed remembered her zebras ?	have your xylophones who changed remembered her zebras ? ?
SRC	has our walrus that some yak hasn't applauded read ?	hasn't our walrus that some yak applauded has read ?
SRC	have your ravens who haven't admired my unicorns swum ?	haven't your ravens who my unicorns admired my swum ?
SRC	haven't my newts that our zebras have remembered giggled ?	have my newts that our zebras remembered giggled ?
SRC	haven't her peacocks that our vultures have applauded read ?	have her peacocks that our vultures applauded haven't read ?
SRC	haven't my tyrannosauruses that have annoyed her unicorn read ?	have my tyrannosauruses that annoyed her unicorn read ? ?
SRC	has some raven that her yak hasn't annoyed swum ?	hasn't some raven that her yak annoyed has swum ?
SRC	have my tyrannosauruses who your newts haven't comforted read ?	haven't my tyrannosauruses who your newts comforted comforted read ?
SRC	have your ravens who our vultures haven't admired smiled ?	haven't your ravens who our vultures admired have smiled ?
SRC	haven't your unicorns who have applauded your vultures amused your zebra ?	have your unicorns who applauded your vultures amused your zebra ? ?
SRC	have the ravens that haven't annoyed the peacocks admired our xylophones ?	haven't the ravens that the annoyed the peacocks admired our xylophones ?
SRC	hasn't her raven who has remembered my unicorn amused your yak ?	has her raven who remembered my unicorn hasn't amused your yak ?
SRC	have my xylophones that your unicorns haven't amused annoyed your orangutan ?	haven't my xylophones that your unicorns amused have annoyed your orangutan ?
SRC	has my quail that her walrus hasn't amused confused our unicorns ?	hasn't my quail that her walrus amused has confused our unicorns ?
SRC	haven't her vultures who my yaks have admired applauded my peacocks above your yaks ?	have her vultures who my yaks admired applauded my peacocks above your yaks above your yaks
SRC	has the yak who hasn't admired her newt annoyed the unicorn with your walrus ?	hasn't the yak who her admired her annoyed the annoyed the walrus with your walrus ?
SRC	hasn't your yak that the orangutan has accepted annoyed my zebras behind my unicorn ?	has your yak that the orangutan accepted hasn't annoyed my zebras behind my unicorn ?
SRC	has our zebra that hasn't annoyed the salamanders applauded my tyrannosaurus with our walrus ?	hasn't our zebra that the annoyed the applauded my tyrannosaurus with our walrus with our walrus
SRC	haven't my salamanders that have comforted your xylophones annoyed my orangutans above your salamanders ?	have my salamanders that your xylophones xylophones haven't annoyed my orangutans above your salamanders ?
SRC	has your unicorn that hasn't smiled entertained her xylophones behind my orangutans ?	hasn't your unicorn that smiled entertained her xylophones behind my orangutans ? ?
SRC	hasn't my tyrannosaurus that has smiled comforted her tyrannosaurus by my xylophone ?	has my tyrannosaurus that smiled comforted her tyrannosaurus by my xylophone ? ?
SRC	has my walrus who hasn't slept entertained our xylophones by my vultures ?	hasn't my walrus who slept entertained our xylophones by my vultures ? ?
SRC	has our raven who hasn't moved remembered my newts above your salamander ?	hasn't our raven who moved moved remembered my newts above your salamander ?
SRC	haven't our vultures who have waited accepted her xylophones by our orangutans ?	have our vultures who have accepted her xylophones by our orangutans ? ?
SRC	hasn't our tyrannosaurus that has annoyed some tyrannosauruses comforted the unicorns below your newt ?	has our tyrannosaurus that annoyed some tyrannosauruses hasn't comforted the unicorns below your newt ?
SRC	has our salamander that hasn't entertained some salamanders accepted the walrus below my salamanders ?	hasn't our salamander that some salamanders some salamanders has accepted the salamanders below my salamanders ?
SRC	haven't our quails who have comforted some tyrannosaurus amused our yaks with my zebra ?	have our quails who some comforted some amused our yaks with my zebra ?
SRC	has your quail that my yak hasn't entertained amused some vultures by her zebra ?	hasn't your quail that my yak entertained has amused some vultures by her zebra ?
SRC	have my walruses that your walruses haven't accepted annoyed some walruses with our zebras ?	haven't my walruses that your walruses accepted have annoyed some walruses with our zebras ?
SRC	haven't her walruses that your yaks have annoyed read ?	have her walruses that your yaks annoyed haven't read ?
SRC	has the raven who hasn't amused our unicorns read ?	hasn't the raven who our amused our has read ?
SRC	has some yak who hasn't remembered some salamanders changed ?	hasn't some yak who some salamanders some changed ? ?
SRC	hasn't the zebra who some zebra has entertained read ?	has the zebra who some zebra entertained hasn't read ?
SRC	have your quails who haven't moved amused her vulture ?	haven't your quails who moved moved amused her vulture ?
SRC	have our tyrannosauruses who haven't applauded the peacock giggled ?	haven't our tyrannosauruses who applauded the peacock have giggled ?
SRC	hasn't the walrus that my quail has accepted swum ?	has the walrus that my quail accepted hasn't swum ?
SRC	has the peacock that hasn't comforted her vulture changed ?	hasn't the peacock that comforted her vulture has changed ?
SRC	haven't some walruses who have applauded her xylophone read ?	have some walruses who applauded her xylophone haven't read ?
SRC	haven't the walruses who have waited annoyed our peacock ?	have the walruses who haven't annoyed our peacock ? ?
SRC	hasn't your zebra that has eaten moved ?	has your zebra that eaten eaten ?
SRC	have her orangutans that haven't changed swum ?	haven't her orangutans that changed swum ?
SRC	haven't your walruses that have swum changed ?	have your walruses that have changed changed ?
SRC	haven't my salamanders who have changed moved ?	have my salamanders who changed moved ?
SRC	has your vulture who hasn't giggled eaten ?	hasn't your vulture who giggled eaten ?
SRC	have our yaks that your ravens haven't admired changed ?	haven't our yaks that your ravens admired have changed ?
SRC	have our quails that haven't eaten eaten ?	haven't our quails that eaten eaten ? ? ?
SRC	have some quails who haven't eaten moved ?	haven't some quails who eaten eaten ? ? ?
SRC	have the tyrannosauruses that haven't swum waited ?	have the tyrannosauruses that swum waited ? ? ?
SRC	has her peacock who hasn't giggled moved ?	hasn't her peacock who giggled moved ? ? ?
SRC	have some xylophones who haven't swum confused the peacocks above our tyrannosauruses ?	haven't some xylophones who swum confused the peacocks above our peacocks above ?
SRC	haven't your unicorns who have changed remembered the raven behind her vulture ?	have your unicorns who changed remembered the raven behind her vulture ? ?
SRC	have my quails who haven't eaten comforted your peacocks near my newts ?	haven't my quails who eaten eaten comforted your peacocks near my newts ?
SRC	has your zebra that hasn't moved remembered the unicorns around the quail ?	hasn't your zebra that moved ? remembered the unicorns around the quail ?
SRC	haven't your tyrannosauruses that have moved remembered your peacock by her quail ?	have your tyrannosauruses that have remembered your peacock by her quail ? ?
SRC	haven't my newts that have moved waited ?	have my newts that have waited waited ?
SRC	have our orangutans who haven't eaten smiled ?	haven't our orangutans who eaten eaten ? ?
SRC	have the tyrannosauruses who haven't swum swum ?	haven't the tyrannosauruses who swum swum ?
SRC	haven't your unicorns that have slept slept ?	have your unicorns that have slept ?
SRC	has our zebra who hasn't slept swum ?	hasn't our zebra who slept swum ?
SRC	have our ravens who haven't annoyed the peacock confused your yak near our tyrannosauruses ?	haven't our ravens who annoyed the peacock confused your confused your yak near our tyrannosauruses ?
SRC	have the xylophones who haven't confused your xylophones entertained her quails behind the zebras ?	haven't the xylophones who your xylophones entertained have entertained her quails behind the zebras ?
SRC	have some vultures that the unicorns haven't applauded comforted some xylophone above her orangutan ?	haven't some vultures that the unicorns applauded some comforted some xylophone above her orangutan ?
SRC	hasn't some unicorn that has comforted the quail entertained her zebra near the quail ?	has some unicorn that comforted the quail hasn't entertained her zebra near the quail ?
SRC	hasn't some newt that has confused her orangutan admired some newts upon our tyrannosauruses ?	has some newt that her orangutan confused hasn't admired some newts upon our tyrannosauruses ?
SRC	hasn't some xylophone who has annoyed your salamander confused my peacocks upon some yak ?	has some xylophone who your salamander annoyed your confused my peacocks upon some yak ?
SRC	have her tyrannosauruses that haven't annoyed my orangutan entertained her tyrannosaurus above your peacock ?	haven't her tyrannosauruses that annoyed my orangutan entertained her tyrannosaurus above your peacock ? ?
SRC	haven't our ravens who have comforted her zebras amused my quails behind her yak ?	have our ravens who comforted her zebras amused my quails behind her yak ?
SRC	haven't my orangutans that your newts have remembered entertained our peacocks by our unicorns ?	have my orangutans that your newts remembered haven't entertained our peacocks by our unicorns ?
SRC	hasn't my peacock that has accepted some ravens remembered our tyrannosaurus around the newts ?	has my peacock that some accepted some ravens remembered our tyrannosaurus around the newts ?
SRC	have our newts who her ravens haven't annoyed eaten ?	haven't our newts who her ravens annoyed have eaten ?
SRC	has your vulture that hasn't remembered the newts slept ?	hasn't your vulture that remembered the newts has slept ?
SRC	has her tyrannosaurus who hasn't applauded our peacock smiled ?	hasn't her tyrannosaurus who our peacock has smiled ? ?
SRC	hasn't some zebra who has accepted some quail moved ?	has some zebra who some accepted some moved ?
SRC	hasn't her peacock that has entertained my newt giggled ?	has her peacock that my entertained my newt giggled ?
SRC	have some tyrannosauruses who haven't waited giggled ?	haven't some tyrannosauruses who have giggled ?
SRC	hasn't our orangutan who has eaten eaten ?	hasn't our orangutan who eaten eaten ?
SRC	have some quails that haven't read slept ?	haven't some quails that read ? slept ?
SRC	has her peacock who hasn't slept swum ?	hasn't her peacock who slept swum ?
SRC	hasn't some salamander who has swum waited ?	hasn't some salamander who swum waited waited ?
SRC	hasn't my newt that has swum remembered her raven ?	has my newt that swum remembered her raven ?
SRC	hasn't the walrus who has swum accepted your quail ?	hasn't the walrus who swum accepted your quail ? ?
SRC	have her orangutans that haven't admired my peacocks smiled ?	haven't her orangutans that admired my peacocks smiled ? ?
SRC	hasn't our orangutan who her tyrannosaurus has admired giggled ?	has our orangutan who her tyrannosaurus admired hasn't giggled ?
SRC	has your raven who our tyrannosaurus hasn't remembered waited ?	hasn't your raven who our tyrannosaurus remembered has waited ?
SRC	has our tyrannosaurus that hasn't entertained my peacocks accepted your quail ?	hasn't our tyrannosaurus that my entertained my has accepted your quail ?
SRC	have her quails who haven't entertained her raven remembered my xylophones ?	haven't her quails who her entertained her remembered my xylophones ? ?
SRC	has the salamander that our vulture hasn't annoyed accepted my newt ?	hasn't the salamander that our vulture annoyed my accepted my newt ?
SRC	haven't her yaks that have entertained our ravens accepted the orangutan ?	have her yaks that our entertained our ravens accepted the orangutan ?
SRC	hasn't the xylophone that the vulture has remembered accepted my zebras ?	has the xylophone that the vulture remembered my zebras my zebras ?
SRC	has some newt who your yak hasn't comforted swum ?	hasn't some newt who your yak comforted swum ?
SRC	has our yak that hasn't changed admired some xylophone ?	hasn't our yak that changed admired some xylophone ? ?
SRC	has some yak who hasn't applauded our ravens eaten ?	hasn't some yak who our ravens our eaten ? ?
SRC	haven't your newts that have admired some newts read ?	have your newts that some admired some newts read ?
SRC	hasn't some quail who the orangutan has remembered giggled ?	has some quail who the orangutan remembered hasn't giggled ?
SRC	haven't your yaks that her tyrannosauruses have annoyed changed ?	have your yaks that her tyrannosauruses annoyed haven't changed ?
SRC	has her salamander who the xylophone hasn't confused eaten ?	hasn't her salamander who the xylophone confused has eaten ?
SRC	have her newts who your tyrannosauruses haven't remembered changed ?	haven't her newts who your tyrannosauruses remembered have changed ?
SRC	has her tyrannosaurus who hasn't comforted her orangutan slept ?	hasn't her tyrannosaurus who her orangutan orangutan has slept ?
SRC	haven't the zebras that some vultures have amused slept ?	have the zebras that some vultures amused haven't slept ?
SRC	hasn't her newt that has confused your newt admired the zebras near your walruses ?	has her newt that your confused your newt admired the zebras near your walruses ?
SRC	hasn't her walrus that has annoyed her xylophones entertained my orangutan behind some raven ?	has her walrus that annoyed her xylophones entertained hasn't entertained my orangutan behind some raven ?
SRC	hasn't her vulture who has remembered your newt applauded some orangutan around the salamander ?	has her vulture who your newt your newt applauded some orangutan around the salamander ?
SRC	have the orangutans who some yaks haven't amused comforted your orangutans with some zebra ?	haven't the orangutans who some yaks amused have comforted your orangutans with some zebra ?
SRC	has the raven that hasn't comforted my xylophone accepted some quail with some tyrannosauruses ?	hasn't the raven that comforted my xylophone has accepted some quail with some tyrannosauruses ?
SRC	has the vulture who hasn't accepted my vultures read ?	hasn't the vulture who my vultures my vultures read ?
SRC	hasn't her peacock that has smiled applauded some unicorn ?	has her peacock that smiled applauded applauded some unicorn ?
SRC	haven't some ravens that your salamanders have comforted read ?	have some ravens that your salamanders comforted haven't read ?
SRC	have the walruses that our orangutans haven't comforted giggled ?	haven't the walruses that our orangutans comforted giggled ? ?
SRC	haven't her unicorns who have swum applauded her tyrannosaurus ?	have her unicorns who have applauded applauded her tyrannosaurus ?
SRC	hasn't her peacock who has comforted your peacocks swum ?	has her peacock who your peacocks your swum ? ?
SRC	hasn't your quail who the tyrannosaurus has admired changed ?	has your quail who the tyrannosaurus admired hasn't changed ?
SRC	have your xylophones who her orangutans haven't remembered changed ?	haven't your xylophones who her orangutans remembered have changed ?
SRC	have her salamanders who haven't comforted your walruses read ?	haven't her salamanders who your walruses your walruses read ?
SRC	hasn't the unicorn who some unicorn has admired swum ?	has the unicorn who some unicorn admired hasn't swum ?
SRC	hasn't her newt who has eaten smiled ?	hasn't her newt who eaten eaten ?
SRC	has some zebra that hasn't moved waited ?	hasn't some zebra that moved ? waited ?
SRC	haven't some unicorns who have read changed ?	have some unicorns who have changed changed ?
SRC	has your zebra that hasn't swum smiled ?	hasn't your zebra that swum smiled smiled ?
SRC	have the tyrannosauruses who haven't smiled changed ?	haven't the tyrannosauruses who smiled changed changed ?
SRC	has my yak that hasn't giggled remembered her xylophones below the xylophones ?	hasn't my yak that giggled remembered her xylophones below the xylophones ? ?
SRC	hasn't my walrus who has giggled admired some orangutan with her walruses ?	hasn't my walrus who giggled admired some orangutan with her walruses ? ?
SRC	hasn't your orangutan that has slept applauded your peacock near her raven ?	has your orangutan that slept applauded your peacock near her raven near her ?
SRC	haven't your newts who have smiled admired our vulture by the xylophones ?	have your newts who smiled admired our vulture by the xylophones ? ?
SRC	hasn't my raven who has read entertained our yaks upon our raven ?	hasn't my raven who has entertained our yaks upon our raven upon ?
SRC	has your newt that your xylophone hasn't accepted comforted the unicorn ?	hasn't your newt that your xylophone accepted the comforted the unicorn ?
SRC	haven't her vultures who your salamanders have amused accepted our orangutans ?	have her vultures who your salamanders amused haven't accepted our orangutans ?
SRC	haven't your newts who have accepted our ravens admired some tyrannosauruses ?	have your newts who our ravens our ravens admired some tyrannosauruses ?
SRC	haven't your vultures that have accepted the xylophones amused your raven ?	have your vultures that the accepted the xylophones haven't amused your raven ?
SRC	have the peacocks that her unicorns haven't applauded admired some zebra ?	haven't the peacocks that her unicorns applauded some admired some zebra ?
SRC	has our orangutan who our newt hasn't applauded moved ?	hasn't our orangutan who our newt applauded has moved ?
SRC	hasn't our peacock that some newt has annoyed moved ?	has our peacock that some newt annoyed hasn't moved ?
SRC	haven't the salamanders who have slept entertained her peacock ?	have the salamanders who slept entertained her peacock ? ?
SRC	haven't some unicorns who our quails have accepted read ?	have some unicorns who our quails accepted haven't read ?
SRC	have some quails who haven't applauded our zebra changed ?	haven't some quails who our zebra our zebra changed ?
SRC	have our vultures who haven't admired my tyrannosauruses swum ?	haven't our vultures who my tyrannosauruses tyrannosauruses have swum ?
SRC	have some ravens who the ravens haven't applauded changed ?	haven't some ravens who the ravens applauded have changed ?
SRC	hasn't her walrus that my orangutan has amused smiled ?	has her walrus that my orangutan amused hasn't smiled ?
SRC	hasn't her unicorn who has annoyed the salamander read ?	has her unicorn who the annoyed the salamander read ?
SRC	has our walrus who our tyrannosaurus hasn't remembered waited ?	hasn't our walrus who our tyrannosaurus remembered has waited ?
SRC	hasn't her raven that has comforted her walruses changed ?	has her raven that comforted her walruses hasn't changed ?
SRC	hasn't her walrus who has comforted the zebra swum ?	has her walrus who comforted the zebra swum ?
SRC	haven't her zebras who some xylophones have applauded smiled ?	have her zebras who some xylophones applauded applauded ? ?
SRC	hasn't some walrus that has entertained my unicorns changed ?	has some walrus that my entertained my hasn't changed ?
SRC	has the yak who hasn't applauded her yak waited ?	hasn't the yak who her yak has waited ?
SRC	has my xylophone who hasn't amused our yaks read ?	hasn't my xylophone who our yaks yaks has read ?
SRC	have your salamanders who her yaks haven't accepted changed ?	haven't your salamanders who her yaks accepted have changed ?
SRC	has some quail that my quail hasn't comforted read ?	hasn't some quail that my quail comforted has read ?
SRC	has my raven who some salamander hasn't annoyed smiled ?	hasn't my raven who some salamander annoyed has smiled ?
SRC	has my newt who our salamander hasn't entertained changed ?	hasn't my newt who our salamander entertained has changed ?
SRC	has some unicorn that your yak hasn't accepted slept ?	hasn't some unicorn that your yak accepted has slept ?
SRC	hasn't our quail that my raven has amused moved ?	has our quail that my raven amused hasn't moved ?
SRC	have the xylophones who haven't changed amused our newts ?	haven't the xylophones who changed amused our newts ? ?
SRC	have your peacocks that your zebras haven't entertained smiled ?	haven't your peacocks that your zebras entertained have smiled ?
SRC	have her yaks that my orangutans haven't annoyed eaten ?	haven't her yaks that my orangutans annoyed have eaten ?
SRC	has some walrus that hasn't annoyed her tyrannosauruses smiled ?	hasn't some walrus that annoyed her tyrannosauruses has smiled ?
SRC	has my quail that hasn't moved remembered our peacock ?	hasn't my quail that moved moved our peacock ? ?
SRC	has the unicorn who hasn't accepted my yaks read ?	hasn't the unicorn who my yaks yaks read ? ?
SRC	has her zebra who hasn't changed annoyed my tyrannosauruses ?	hasn't her zebra who changed annoyed my tyrannosauruses ? ?
SRC	haven't our newts who have comforted some vulture waited ?	have our newts who some comforted some waited ?
SRC	hasn't my unicorn that has confused some yak amused my peacock ?	has my unicorn that some yak yak hasn't amused my peacock ?
SRC	have your ravens who haven't confused some yaks remembered my peacock ?	haven't your ravens who some yaks confused have remembered my peacock ?
SRC	has your raven who the xylophone hasn't accepted admired her quails ?	hasn't your raven who the xylophone accepted has admired her quails ?
SRC	have my orangutans who haven't amused the zebra amused your quails ?	haven't my orangutans who amused the zebra amused your quails ? ?
SRC	hasn't my newt who has remembered my peacock entertained her peacocks ?	has my newt who remembered my peacock entertained her peacocks ? ?
SRC	has your walrus who hasn't eaten accepted your orangutan ?	hasn't your walrus who eaten eaten accepted your orangutan ?
SRC	haven't your unicorns who her walruses have entertained smiled ?	have your unicorns who her walruses entertained haven't smiled ?
SRC	have our vultures that haven't comforted your newts giggled ?	haven't our vultures that comforted your newts have giggled ?
SRC	has the quail who hasn't remembered the peacocks swum ?	hasn't the quail who the remembered the peacocks has swum ?
SRC	hasn't your peacock that her orangutan has applauded moved ?	has your peacock that her orangutan applauded hasn't moved ?
SRC	have our ravens who your orangutans haven't comforted applauded your newt around her salamander ?	haven't our ravens who your orangutans comforted applauded your newt around her salamander around ?
SRC	has the vulture who your orangutan hasn't applauded accepted your vulture above our peacocks ?	hasn't the vulture who your orangutan applauded accepted your vulture above our peacocks ? ?
SRC	have her walruses that the yaks haven't comforted remembered the yak below some walruses ?	haven't her walruses that the yaks comforted remembered the yak below some walruses below some walruses
SRC	have some quails that haven't remembered our orangutan admired her quails near our salamanders ?	haven't some quails that remembered our orangutan have admired her quails near our salamanders ?
SRC	has some zebra who hasn't annoyed her yaks applauded her salamander behind some tyrannosaurus ?	hasn't some zebra who her yaks her applauded her applauded her tyrannosaurus behind some tyrannosaurus ?
SRC	hasn't our raven that has giggled eaten ?	has our raven that giggled eaten ?
SRC	haven't the vultures who have smiled swum ?	have the vultures who smiled smiled swum ?
SRC	have your ravens that haven't swum swum ?	haven't your ravens that swum swum ?
SRC	have your vultures who haven't moved slept ?	haven't your vultures who moved ? slept ?
SRC	hasn't her zebra that has swum giggled ?	has her zebra that swum giggled giggled ?
SRC	have my salamanders that your peacocks haven't admired remembered my peacocks ?	haven't my salamanders that your peacocks admired have remembered my peacocks ?
SRC	haven't some unicorns who our quails have amused admired our salamanders ?	have some unicorns who our quails amused haven't admired our salamanders ?
SRC	have some yaks who haven't comforted her xylophones comforted her orangutan ?	haven't some yaks who her xylophones comforted her comforted her orangutan ?
SRC	has your xylophone who her salamander hasn't confused admired the peacock ?	hasn't your xylophone who her salamander confused has admired the peacock ?
SRC	has some xylophone who hasn't remembered our orangutan annoyed my newt ?	hasn't some xylophone who our orangutan has annoyed my newt ? ?
SRC	haven't our salamanders that have accepted the tyrannosauruses comforted the quails ?	have our salamanders that the accepted the tyrannosauruses haven't comforted the quails ?
SRC	have your ravens that haven't entertained the salamander comforted your yak ?	haven't your ravens that the entertained the salamander comforted your yak ?
SRC	has our orangutan that our peacock hasn't comforted admired the yaks ?	hasn't our orangutan that our peacock comforted the admired the yaks ?
SRC	haven't your tyrannosauruses that have entertained my peacocks remembered our salamanders ?	have your tyrannosauruses that my entertained my remembered our salamanders ? ?
SRC	has your xylophone that hasn't confused your vulture remembered our tyrannosauruses ?	hasn't your xylophone that your vulture vulture has remembered our tyrannosauruses ?
SRC	has her salamander who hasn't entertained some vulture entertained the orangutans below our peacocks ?	hasn't her salamander who some entertained some entertained has entertained the orangutans below our peacocks ?
SRC	has the peacock who my newt hasn't amused applauded our salamanders behind my yak ?	hasn't the peacock who my newt amused has applauded our salamanders behind my yak ?
SRC	have our walruses that our newts haven't applauded admired her quail with her orangutans ?	haven't our walruses that our newts applauded have admired her quail with her orangutans ?
SRC	have her vultures that haven't remembered her ravens comforted her ravens around the walrus ?	haven't her vultures that remembered her ravens have comforted her ravens around the walrus ?
SRC	hasn't your unicorn who some orangutan has comforted applauded some vulture behind some tyrannosaurus ?	has your unicorn who some orangutan comforted applauded some vulture behind some tyrannosaurus ?
SRC	have our orangutans who haven't admired some newt comforted the yaks ?	haven't our orangutans who some admired some comforted the yaks comforted ?
SRC	haven't your unicorns who the vultures have accepted amused the quails ?	have your unicorns who the vultures accepted haven't amused the quails ?
SRC	hasn't our quail that her walrus has confused entertained my tyrannosauruses ?	has our quail that her walrus confused my tyrannosauruses entertained my tyrannosauruses ?
SRC	haven't her xylophones that have comforted the vultures comforted my raven ?	have her xylophones that comforted the vultures comforted my raven ? ?
SRC	haven't our quails that have annoyed our yaks comforted her unicorns ?	have our quails that annoyed our yaks haven't comforted her unicorns ?
SRC	have your ravens that haven't eaten moved ?	haven't your ravens that eaten eaten ?
SRC	have my ravens who haven't swum moved ?	haven't my ravens who swum moved ?
SRC	haven't her walruses that have slept waited ?	have her walruses that haven't waited ?
SRC	have your newts who haven't eaten eaten ?	haven't your newts who eaten eaten ?
SRC	hasn't your vulture who has smiled slept ?	hasn't your vulture who smiled smiled ?
SRC	haven't our walruses who have giggled moved ?	have our walruses who giggled moved ?
SRC	hasn't her tyrannosaurus that has waited changed ?	has her tyrannosaurus that hasn't changed changed ?
SRC	have our yaks who haven't eaten read ?	haven't our yaks who eaten eaten ?
SRC	have some salamanders who haven't changed slept ?	haven't some salamanders who changed slept ?
SRC	have some unicorns who haven't swum read ?	haven't some unicorns who have read ?
SRC	haven't her xylophones that have entertained her xylophones swum ?	have her xylophones that her entertained her swum ?
SRC	hasn't the xylophone who has amused my walruses smiled ?	has the xylophone who my walruses my walruses smiled ?
SRC	hasn't your quail that has moved confused her walruses ?	hasn't your quail that moved moved her walruses her walruses ?
SRC	has the peacock that our orangutan hasn't comforted smiled ?	hasn't the peacock that our orangutan comforted has smiled ?
SRC	have our unicorns that haven't smiled annoyed the orangutans ?	haven't our unicorns that smiled annoyed the orangutans ? ?
SRC	hasn't your walrus who has remembered our tyrannosaurus comforted my vultures upon my tyrannosauruses ?	has your walrus who our remembered our tyrannosaurus comforted my vultures upon my tyrannosauruses ?
SRC	hasn't some vulture who has accepted your zebra admired your quails upon our tyrannosaurus ?	has some vulture who your zebra your hasn't admired your quails upon our tyrannosaurus ?
SRC	has the unicorn that your quail hasn't annoyed admired some quails with the salamander ?	hasn't the unicorn that your quail annoyed some quails admired some salamander with the salamander ?
SRC	have our unicorns that your peacocks haven't confused amused our tyrannosaurus upon our salamander ?	haven't our unicorns that your peacocks confused have amused our tyrannosaurus upon our salamander ?
SRC	hasn't our newt that the newt has comforted comforted your zebra below our raven ?	has our newt that the newt comforted comforted your zebra below our raven below our raven
SRC	have her peacocks who haven't smiled swum ?	haven't her peacocks who smiled swum ?
SRC	has the salamander that hasn't moved read ?	hasn't the salamander that moved ? read ?
SRC	have my newts who haven't read swum ?	haven't my newts who have swum ?
SRC	has her salamander who hasn't smiled read ?	hasn't her salamander who smiled smiled ?
SRC	has her xylophone who hasn't eaten read ?	hasn't her xylophone who eaten eaten ?
SRC	has your orangutan who hasn't confused some tyrannosauruses comforted the unicorns upon the quail ?	hasn't your orangutan who some tyrannosauruses tyrannosauruses has comforted the unicorns upon the quail ?
SRC	have my peacocks who haven't annoyed our tyrannosauruses annoyed the quail by your salamander ?	haven't my peacocks who our tyrannosauruses tyrannosauruses have annoyed the quail by your salamander ?
SRC	has my raven that her newt hasn't annoyed applauded my ravens upon the zebras ?	hasn't my raven that her newt annoyed has applauded my ravens upon the zebras ?
SRC	hasn't her xylophone who has entertained my walruses accepted your salamander upon the xylophones ?	has her xylophone who my walruses my walruses hasn't accepted your salamander upon the xylophones ?
SRC	have the ravens who haven't remembered her salamander comforted our peacocks behind our orangutan ?	haven't the ravens who her remembered her comforted our comforted our peacocks behind our orangutan ?
SRC	hasn't our orangutan that has accepted the newts swum ?	has our orangutan that the accepted the newts ?
SRC	have the peacocks that haven't remembered your unicorn slept ?	haven't the peacocks that your remembered your slept ? ?
SRC	hasn't our walrus that some unicorn has amused smiled ?	has our walrus that some unicorn amused hasn't smiled ?
SRC	has your tyrannosaurus who my yak hasn't annoyed giggled ?	hasn't your tyrannosaurus who my yak annoyed has giggled ?
SRC	haven't some unicorns who have amused my orangutans waited ?	have some unicorns who have amused my orangutans waited ?
SRC	haven't some tyrannosauruses that have accepted my tyrannosauruses changed ?	have some tyrannosauruses that accepted my tyrannosauruses haven't changed ?
SRC	has some walrus that hasn't applauded her newts moved ?	hasn't some walrus that applauded her newts has moved ?
SRC	hasn't the salamander who has admired my walruses changed ?	has the salamander who my walruses my walruses changed ?
SRC	haven't the zebras that your zebras have amused swum ?	have the zebras that your zebras amused haven't swum ?
SRC	haven't the vultures who some newts have entertained slept ?	have the vultures who some newts entertained haven't slept ?
SRC	haven't the orangutans that our quails have accepted read ?	have the orangutans that our quails accepted haven't read ?
SRC	haven't some zebras that have admired our yaks waited ?	have some zebras that our admired our yaks waited ?
SRC	haven't some unicorns that have amused some unicorns waited ?	have some unicorns that amused some unicorns waited ?
SRC	haven't the yaks that have annoyed your peacock waited ?	have the yaks that your peacock annoyed your waited ?
SRC	hasn't some unicorn that has amused our xylophone smiled ?	has some unicorn that amused our xylophone hasn't smiled ?
SRC	haven't the orangutans who my yaks have confused smiled ?	have the orangutans who my yaks confused smiled ?
SRC	has your raven that hasn't read remembered your quails ?	hasn't your raven that read remembered your quails ?
SRC	haven't my newts who have giggled remembered some walrus ?	have my newts who haven't remembered some walrus ?
SRC	have the xylophones that haven't amused your salamanders giggled ?	haven't the xylophones that your salamanders your giggled ?
SRC	hasn't my orangutan who your zebra has applauded slept ?	has my orangutan who your zebra applauded slept ?
SRC	have my tyrannosauruses who haven't slept moved ?	haven't my tyrannosauruses who slept moved ?
SRC	has my zebra who hasn't changed smiled ?	hasn't my zebra who changed smiled ?
SRC	has your orangutan who hasn't slept read ?	hasn't your orangutan who slept read ?
SRC	hasn't her walrus who has smiled waited ?	hasn't her walrus who smiled smiled waited ?
SRC	has our quail that hasn't eaten giggled ?	hasn't our quail that eaten eaten ?
SRC	has her yak that the walrus hasn't applauded read ?	hasn't her yak that the walrus applauded has read ?
SRC	hasn't your newt that her xylophone has entertained smiled ?	has your newt that her xylophone entertained hasn't smiled ?
SRC	have some walruses who the yaks haven't confused swum ?	haven't some walruses who the yaks confused have swum ?
SRC	has my xylophone who hasn't smiled applauded her ravens ?	hasn't my xylophone who smiled applauded applauded her ravens ?
SRC	has some xylophone that hasn't remembered our xylophones moved ?	hasn't some xylophone that remembered our xylophones has moved ?
SRC	hasn't the quail who your newt has amused moved ?	has the quail who your newt amused hasn't moved ?
SRC	has my zebra who some unicorn hasn't comforted moved ?	hasn't my zebra who some unicorn comforted has moved ?
SRC	hasn't my unicorn that her salamander has accepted moved ?	has my unicorn that her salamander accepted hasn't moved ?
SRC	has the tyrannosaurus who hasn't applauded her zebra moved ?	hasn't the tyrannosaurus who applauded her zebra has moved ?
SRC	haven't some yaks who some peacocks have amused eaten ?	have some yaks who some peacocks amused haven't eaten ?
SRC	have the vultures who our zebras haven't annoyed admired the walrus above my zebras ?	haven't the vultures who our zebras annoyed admired the walrus above my zebras ? ?
SRC	has the tyrannosaurus that hasn't amused the vulture confused my peacock around the raven ?	hasn't the tyrannosaurus that amused the vulture has confused my peacock around the raven ?
SRC	hasn't the zebra who her salamander has admired applauded some zebra by some yaks ?	has the zebra who her salamander admired some zebra applauded some yaks by some yaks ?
SRC	haven't her tyrannosauruses who your xylophones have admired amused your walruses behind our salamander ?	have her tyrannosauruses who your xylophones admired your amused your walruses behind our salamander ?
SRC	hasn't her tyrannosaurus who has remembered my newt admired our quail around the salamander ?	has her tyrannosaurus who my newt my newt admired our quail around the salamander ?
SRC	have your xylophones who your orangutans haven't annoyed accepted our newt upon my xylophones ?	haven't your xylophones who your orangutans annoyed our accepted our newt upon my xylophones ?
SRC	hasn't the quail that my newt has admired admired our vultures with my orangutan ?	has the quail that my newt admired admired our vultures with my orangutan ?
SRC	haven't my vultures that our unicorns have accepted confused my quail with our newts ?	have my vultures that our unicorns accepted haven't confused my quail with our newts ?
SRC	have your yaks who haven't amused some unicorns remembered some newt with some peacocks ?	haven't your yaks who some amused some unicorns remembered some newt with some peacocks ?
SRC	has our salamander who my vulture hasn't entertained admired the yak by my quail ?	hasn't our salamander who my vulture entertained has admired the yak by my quail ?
SRC	hasn't the xylophone that has moved giggled ?	has the xylophone that moved moved ?
SRC	haven't some tyrannosauruses that have slept swum ?	have some tyrannosauruses that haven't swum ?
SRC	has your salamander that hasn't read read ?	hasn't your salamander that read read read ?
SRC	have the salamanders who haven't changed giggled ?	haven't the salamanders who changed giggled ?
SRC	haven't the tyrannosauruses who have swum smiled ?	have the tyrannosauruses who have smiled ?
SRC	has my yak that some orangutan hasn't amused slept ?	hasn't my yak that some orangutan amused has slept ?
SRC	have our vultures who her vultures haven't accepted moved ?	haven't our vultures who her vultures accepted have moved ?
SRC	have the orangutans who my unicorns haven't amused moved ?	haven't the orangutans who my unicorns amused have moved ?
SRC	hasn't some raven who the newt has accepted moved ?	has some raven who the newt accepted hasn't moved ?
SRC	has your salamander that my quail hasn't applauded smiled ?	hasn't your salamander that my quail applauded has smiled ?
SRC	have our tyrannosauruses who her zebras haven't accepted eaten ?	haven't our tyrannosauruses who her zebras accepted have eaten ?
SRC	haven't our quails that the orangutans have accepted smiled ?	have our quails that the orangutans accepted haven't smiled ?
SRC	has her orangutan that hasn't admired your tyrannosaurus slept ?	hasn't her orangutan that your admired your tyrannosaurus slept ?
SRC	have her orangutans who haven't confused my tyrannosaurus eaten ?	haven't her orangutans who my confused my tyrannosaurus eaten ?
SRC	has your unicorn that hasn't waited amused my salamanders ?	hasn't your unicorn that waited waited ? amused ? ?
SRC	hasn't some walrus who has read giggled ?	hasn't some walrus who read giggled ?
SRC	haven't your vultures who have slept eaten ?	have your vultures who have eaten ?
SRC	haven't our peacocks who have swum giggled ?	have our peacocks who swum giggled giggled ?
SRC	haven't our vultures that have moved giggled ?	have our vultures that have giggled giggled ?
SRC	hasn't her quail who has read moved ?	hasn't her quail who has moved ?
SRC	haven't the quails that your quails have amused swum ?	have the quails that your quails amused haven't swum ?
SRC	haven't her ravens that have accepted our walruses moved ?	have her ravens that accepted our walruses haven't moved ?
SRC	haven't my yaks who her quails have remembered slept ?	have my yaks who her quails remembered haven't slept ?
SRC	hasn't my quail who our walrus has accepted smiled ?	has my quail who our walrus accepted hasn't smiled ?
SRC	haven't our walruses who have entertained some walruses waited ?	have our walruses who some walruses haven't waited ?
SRC	has our tyrannosaurus that my walrus hasn't admired confused my orangutans ?	hasn't our tyrannosaurus that my walrus admired has confused my orangutans ?
SRC	haven't my ravens that have comforted my newts comforted some zebras ?	have my ravens that comforted my newts haven't comforted some zebras ?
SRC	haven't my yaks that the newts have entertained comforted her walrus ?	have my yaks that the newts entertained haven't comforted her walrus ?
SRC	have our walruses that my quails haven't annoyed admired your peacocks ?	haven't our walruses that my quails annoyed admired your peacocks ? ?
SRC	haven't her yaks who her ravens have remembered comforted your vulture ?	have her yaks who her ravens remembered haven't comforted your vulture ?
SRC	have my unicorns who haven't entertained my vultures amused your xylophones by my peacocks ?	haven't my unicorns who entertained my vultures amused your xylophones by my peacocks ?
SRC	hasn't her xylophone that has remembered your quails remembered her quails with my xylophones ?	has her xylophone that remembered your quails hasn't remembered her quails with my xylophones ?
SRC	have the peacocks that haven't remembered our yaks remembered her tyrannosaurus below your zebras ?	haven't the peacocks that our yaks remembered have remembered her tyrannosaurus below your zebras ?
SRC	haven't the peacocks who some zebras have confused admired the newts by her unicorn ?	have the peacocks who some zebras confused the admired the newts by her unicorn ?
SRC	have our newts that the ravens haven't confused remembered the quails behind the peacock ?	haven't our newts that the ravens confused have remembered the quails behind the peacock ?
SRC	hasn't our walrus that our xylophone has accepted changed ?	has our walrus that our xylophone accepted hasn't changed ?
SRC	hasn't the orangutan who your tyrannosaurus has applauded changed ?	has the orangutan who your tyrannosaurus applauded hasn't changed ?
SRC	haven't your xylophones that have comforted the zebras moved ?	have your xylophones that comforted the zebras haven't moved ?
SRC	haven't our zebras who have giggled confused my xylophones ?	have our zebras who giggled confused my xylophones ? ?
SRC	hasn't some unicorn who has remembered your zebra giggled ?	has some unicorn who your zebra zebra hasn't giggled ?
SRC	has the vulture that hasn't annoyed the orangutans comforted her quails ?	hasn't the vulture that the annoyed the orangutans comforted her quails ?
SRC	has the yak who hasn't amused your newt annoyed some raven ?	hasn't the yak who your amused your has annoyed some raven ?
SRC	have your newts that my zebras haven't entertained accepted her tyrannosauruses ?	haven't your newts that my zebras entertained have accepted her tyrannosauruses ?
SRC	has the unicorn who hasn't applauded some vultures amused her salamanders ?	hasn't the unicorn who applauded some vultures amused her salamanders ? ?
SRC	have my quails who your xylophones haven't applauded confused your unicorns ?	haven't my quails who your xylophones applauded your confused your unicorns ?
SRC	has our quail who hasn't eaten read ?	hasn't our quail who eaten eaten ?
SRC	has the zebra who hasn't moved waited ?	hasn't the zebra who moved ? waited ?
SRC	has the raven who hasn't slept read ?	hasn't the raven who slept read ?
SRC	have your newts who haven't giggled moved ?	haven't your newts who giggled moved ?
SRC	has my peacock who hasn't waited moved ?	hasn't my peacock who has moved ?
SRC	hasn't my zebra who has comforted the newt eaten ?	has my zebra who comforted the newt hasn't eaten ?
SRC	hasn't some peacock who the quail has comforted changed ?	has some peacock who the quail comforted hasn't changed ?
SRC	hasn't my raven that the peacock has admired moved ?	has my raven that the peacock admired hasn't moved ?
SRC	haven't her walruses who have remembered your vulture slept ?	have her walruses who your vulture your vulture slept ?
SRC	haven't some peacocks that have remembered some tyrannosauruses giggled ?	have some peacocks that remembered some tyrannosauruses haven't giggled ?
SRC	has the zebra that hasn't amused your walruses eaten ?	hasn't the zebra that your walruses your eaten ? ?
SRC	hasn't some tyrannosaurus who has giggled accepted some unicorn ?	has some tyrannosaurus who giggled accepted some unicorn ? ?
SRC	haven't our vultures who have confused her raven read ?	have our vultures who her confused her read ? ?
SRC	haven't the orangutans who my vultures have confused slept ?	have the orangutans who my vultures confused haven't slept ?
SRC	hasn't our zebra that your peacock has accepted moved ?	has our zebra that your peacock accepted hasn't moved ?
SRC	have your vultures who haven't smiled waited ?	haven't your vultures who smiled waited waited ?
SRC	hasn't her yak who has giggled swum ?	has her yak who giggled swum ?
SRC	has my vulture that hasn't changed moved ?	hasn't my vulture that changed moved ?
SRC	have my zebras who haven't smiled moved ?	haven't my zebras who smiled moved ?
SRC	haven't your ravens who have giggled read ?	have your ravens who giggled read ?
SRC	haven't my tyrannosauruses who have giggled slept ?	have my tyrannosauruses who giggled slept ?
SRC	haven't some vultures that have changed read ?	have some vultures that changed read ?
SRC	have my zebras who haven't changed read ?	haven't my zebras who changed read ?
SRC	hasn't your orangutan who has smiled giggled ?	hasn't your orangutan who smiled smiled giggled ?
SRC	hasn't our tyrannosaurus who has giggled swum ?	hasn't our tyrannosaurus who giggled swum ?
SRC	have our xylophones who haven't annoyed our newts moved ?	haven't our xylophones who annoyed our newts moved ? ?
SRC	have her yaks who haven't comforted our quails read ?	haven't her yaks who our comforted our quails read ?
SRC	have my xylophones that haven't smiled amused some salamanders ?	haven't my xylophones that smiled smiled amused some salamanders ?
SRC	have your vultures that her xylophones haven't comforted changed ?	haven't your vultures that her xylophones comforted have changed ?
SRC	haven't the vultures who have eaten amused our walruses ?	have the vultures who eaten eaten amused our walruses ?
SRC	hasn't her quail who has waited accepted her walrus with my ravens ?	hasn't her quail who has accepted her walrus with my walrus with ?
SRC	hasn't our newt that has giggled accepted our ravens by your zebras ?	has our newt that giggled accepted our ravens by your ravens ? ?
SRC	has the quail who hasn't waited applauded our tyrannosaurus behind her peacock ?	hasn't the quail who has applauded our tyrannosaurus behind her tyrannosaurus behind ?
SRC	haven't some yaks that have eaten remembered her raven above my tyrannosauruses ?	have some yaks that eaten eaten eaten my raven above my tyrannosauruses ?
SRC	hasn't her quail who has eaten accepted her peacocks behind her zebras ?	has her quail who eaten eaten accepted her peacocks behind her zebras ?
SRC	haven't your tyrannosauruses that have entertained some salamander moved ?	have your tyrannosauruses that some entertained some moved ? ?
SRC	haven't the yaks that my vultures have comforted read ?	have the yaks that my vultures comforted haven't read ?
SRC	hasn't our salamander who has comforted some ravens waited ?	has our salamander who some comforted some waited ? ?
SRC	has our xylophone that hasn't eaten comforted my salamander ?	hasn't our xylophone that eaten eaten ? my salamander ?
SRC	has your walrus that hasn't remembered the tyrannosaurus smiled ?	hasn't your walrus that remembered the tyrannosaurus has smiled ?
SRC	has her orangutan who hasn't moved entertained some yak below my salamanders ?	hasn't her orangutan who moved ? entertained some yak below my salamanders ?
SRC	has our unicorn that hasn't waited applauded her salamander around your raven ?	hasn't our unicorn that has applauded her salamander around your raven around your raven
SRC	haven't her vultures that have moved applauded some orangutans behind my raven ?	have her vultures that haven't applauded applauded some orangutans behind my raven ?
SRC	has her peacock that hasn't smiled comforted our unicorn upon our vulture ?	hasn't her peacock that smiled smiled our unicorn upon our vulture ? ?
SRC	hasn't my tyrannosaurus that has changed confused your tyrannosauruses by my walrus ?	has my tyrannosaurus that changed confused your tyrannosauruses by my walrus by my ?
SRC	hasn't our tyrannosaurus that has eaten admired our zebra ?	has our tyrannosaurus that eaten eaten admired our zebra ?
SRC	hasn't some salamander that some quail has comforted read ?	has some salamander that some quail comforted read ? ?
SRC	have my peacocks who haven't accepted my zebras moved ?	haven't my peacocks who my zebras my moved ? ?
SRC	have your peacocks that our zebras haven't amused changed ?	haven't your peacocks that our zebras amused have changed ?
SRC	hasn't the orangutan who has amused my raven swum ?	has the orangutan who my raven raven hasn't swum ?
SRC	haven't her xylophones that have eaten giggled ?	have her xylophones that eaten eaten ?
SRC	hasn't her yak who has giggled changed ?	has her yak who giggled changed ?
SRC	hasn't my xylophone who has waited slept ?	hasn't my xylophone who has slept ?
SRC	haven't our zebras that have slept slept ?	have our zebras that have slept ?
SRC	has the peacock that hasn't smiled waited ?	hasn't the peacock that smiled smiled ?
SRC	have the orangutans who haven't applauded your newts confused the walruses upon some raven ?	haven't the orangutans who applauded your newts have confused the walruses upon some raven ?
SRC	hasn't the vulture who our yak has entertained applauded some ravens with our tyrannosauruses ?	has the vulture who our yak entertained hasn't applauded some ravens with our tyrannosauruses ?
SRC	haven't her xylophones who have accepted your peacocks annoyed her yak by her peacock ?	have her xylophones who your peacocks your peacocks annoyed her yak by her peacock ?
SRC	haven't my orangutans that have remembered the walrus accepted her yaks with some vultures ?	have my orangutans that remembered the walrus accepted her yaks with some vultures with some
SRC	haven't my salamanders that my peacocks have admired amused your vultures with some newts ?	have my salamanders that my peacocks admired haven't amused your vultures with some newts ?
SRC	haven't your orangutans that have swum waited ?	have your orangutans that swum waited waited ?
SRC	hasn't the quail that has swum slept ?	has the quail that swum slept ?
SRC	have her peacocks who haven't eaten changed ?	haven't her peacocks who eaten eaten ?
SRC	hasn't our peacock that has changed read ?	has our peacock that changed read ?
SRC	has our peacock that hasn't moved eaten ?	hasn't our peacock that moved ? eaten ?
SRC	have the newts that our tyrannosauruses haven't confused moved ?	haven't the newts that our tyrannosauruses confused have moved ?
SRC	hasn't our raven that has remembered my xylophones changed ?	has our raven that remembered my xylophones changed ?
SRC	have my salamanders who haven't accepted your xylophones eaten ?	haven't my salamanders who your xylophones accepted have eaten ?
SRC	haven't the vultures who your xylophones have accepted eaten ?	have the vultures who your xylophones accepted haven't eaten ?
SRC	haven't her ravens that have remembered your tyrannosauruses smiled ?	have her ravens that remembered your tyrannosauruses haven't smiled ?
SRC	haven't your xylophones that have comforted our ravens entertained the salamander ?	have your xylophones that our comforted our ravens entertained the salamander ?
SRC	haven't her salamanders that have admired our vulture amused your raven ?	have her salamanders that admired our vulture amused your raven ? ?
SRC	has the salamander who hasn't comforted your vulture applauded her tyrannosauruses ?	hasn't the salamander who your vulture vulture has applauded her tyrannosauruses ?
SRC	hasn't our unicorn that some peacock has entertained accepted her orangutan ?	has our unicorn that some peacock entertained hasn't accepted her orangutan ?
SRC	hasn't your xylophone that has entertained her tyrannosaurus amused your xylophones ?	has your xylophone that her entertained her amused your xylophones ? ?
SRC	have my unicorns that haven't annoyed her zebra waited ?	haven't my unicorns that annoyed her zebra waited ?
SRC	haven't your vultures that some salamanders have confused slept ?	have your vultures that some salamanders confused haven't slept ?
SRC	has your quail that some xylophone hasn't amused moved ?	hasn't your quail that some xylophone amused has moved ?
SRC	have my unicorns who haven't entertained your zebra changed ?	haven't my unicorns who entertained your zebra have changed ?
SRC	have my vultures who some xylophones haven't remembered smiled ?	haven't my vultures who some xylophones remembered have smiled ?
SRC	has her newt that hasn't remembered the peacock slept ?	hasn't her newt that remembered the peacock has slept ?
SRC	hasn't our walrus who our unicorn has entertained read ?	has our walrus who our unicorn entertained hasn't read ?
SRC	have my walruses who haven't applauded our tyrannosauruses eaten ?	haven't my walruses who our tyrannosauruses have eaten ?
SRC	have your tyrannosauruses who haven't slept confused our peacocks ?	haven't your tyrannosauruses who slept confused our peacocks ? ?
SRC	has some tyrannosaurus who your tyrannosaurus hasn't remembered waited ?	hasn't some tyrannosaurus who your tyrannosaurus remembered has waited ?
SRC	haven't my orangutans who some vultures have applauded changed ?	have my orangutans who some vultures applauded haven't changed ?
SRC	have her ravens who your ravens haven't admired slept ?	haven't her ravens who your ravens admired admired ? ?
SRC	haven't the newts who have applauded some walrus moved ?	have the newts who applauded some walrus haven't moved ?
SRC	has some quail who your yak hasn't annoyed smiled ?	hasn't some quail who your yak annoyed has smiled ?
SRC	hasn't our salamander that my yak has annoyed swum ?	has our salamander that my yak annoyed hasn't swum ?
SRC	has your raven who hasn't giggled moved ?	hasn't your raven who giggled moved ?
SRC	has my xylophone who hasn't changed moved ?	hasn't my xylophone who changed moved ?
SRC	have her vultures who haven't giggled eaten ?	haven't her vultures who giggled eaten ?
SRC	haven't my zebras that have swum eaten ?	have my zebras that swum ?
SRC	hasn't your tyrannosaurus that has smiled slept ?	hasn't your tyrannosaurus that smiled smiled ?
SRC	have the peacocks that haven't smiled applauded some vulture below some vulture ?	haven't the peacocks that smiled applauded applauded some vulture below some vulture ?
SRC	haven't some orangutans that have changed admired her vultures behind your zebra ?	have some orangutans that changed admired her vultures behind your zebra ? ?
SRC	have our yaks that haven't changed confused the salamander above the orangutans ?	haven't our yaks that changed confused the salamander above the orangutans ? ?
SRC	hasn't her quail that has waited applauded some orangutan behind our newts ?	has her quail that waited waited applauded some orangutan behind our newts ?
SRC	have the ravens who haven't smiled comforted my quail with some zebras ?	haven't the ravens who smiled comforted comforted my quail with some zebras ?
SRC	haven't my peacocks who some peacocks have admired moved ?	have my peacocks who some peacocks admired admired ? ?
SRC	have my unicorns who haven't comforted the vulture eaten ?	haven't my unicorns who comforted the vulture have eaten ?
SRC	haven't some ravens that have slept confused some zebra ?	have some ravens that have confused some zebra ? ?
SRC	has some orangutan that hasn't moved annoyed my xylophones ?	hasn't some orangutan that moved moved annoyed my xylophones ?
SRC	has some tyrannosaurus who your raven hasn't accepted moved ?	hasn't some tyrannosaurus who your raven accepted has moved ?
SRC	hasn't some orangutan who our yak has comforted admired her quails upon my walruses ?	has some orangutan who our yak comforted admired her quails upon my walruses ?
SRC	hasn't my quail that has comforted our quail amused some quail upon the raven ?	has my quail that our comforted our quail hasn't some quail upon the raven ?
SRC	have some yaks that haven't annoyed your newts confused my raven around my tyrannosauruses ?	haven't some yaks that your annoyed your newts confused my raven around my tyrannosauruses ?
SRC	haven't some newts who your zebras have admired admired some ravens above some xylophone ?	have some newts who your zebras admired admired some ravens above some xylophone ?
SRC	hasn't my raven that her salamander has annoyed annoyed my salamander above our zebras ?	has my raven that her salamander annoyed annoyed my salamander above our zebras ?
SRC	hasn't her walrus that has accepted our xylophone eaten ?	has her walrus that accepted our xylophone hasn't eaten ?
SRC	hasn't our xylophone who the vulture has entertained giggled ?	has our xylophone who the vulture entertained hasn't giggled ?
SRC	haven't the salamanders that have read confused her unicorn ?	have the salamanders that have confused her unicorn ? ?
SRC	haven't your newts that some yaks have admired swum ?	have your newts that some yaks admired haven't swum ?
SRC	hasn't your peacock that has annoyed my orangutan slept ?	has your peacock that annoyed my orangutan hasn't slept ?
SRC	hasn't some newt who has comforted some tyrannosaurus changed ?	has some newt who comforted some tyrannosaurus hasn't changed ?
SRC	hasn't my tyrannosaurus that our salamander has admired giggled ?	has my tyrannosaurus that our salamander admired hasn't giggled ?
SRC	haven't her vultures who have changed comforted our peacocks ?	have her vultures who changed comforted our peacocks ? ?
SRC	haven't our unicorns that have remembered our tyrannosaurus changed ?	have our unicorns that remembered our tyrannosaurus changed ?
SRC	hasn't some newt who has remembered my yaks moved ?	has some newt who remembered my yaks moved ?
SRC	has her unicorn who her quail hasn't applauded applauded your walrus ?	hasn't her unicorn who her quail applauded applauded your walrus ? ?
SRC	have some walruses that her salamanders haven't comforted annoyed my unicorns ?	haven't some walruses that her salamanders comforted annoyed my unicorns ? ?
SRC	has our salamander that hasn't annoyed your orangutan admired the orangutan ?	hasn't our salamander that your orangutan orangutan has admired the orangutan ?
SRC	hasn't our salamander that our yak has confused accepted the zebras ?	has our salamander that our yak confused the accepted the zebras ?
SRC	has her unicorn that your walrus hasn't amused remembered some yaks ?	hasn't her unicorn that your walrus amused has remembered some yaks ?
SRC	has the tyrannosaurus that hasn't annoyed your vultures waited ?	hasn't the tyrannosaurus that your annoyed your waited ? ?
SRC	haven't some walruses that my newts have remembered read ?	have some walruses that my newts remembered haven't read ?
SRC	has some xylophone who hasn't confused our newts swum ?	hasn't some xylophone who our newts newts has swum ?
SRC	has some xylophone who hasn't annoyed some quails swum ?	hasn't some xylophone who some annoyed some has swum ?
SRC	has our vulture who hasn't remembered the walrus eaten ?	hasn't our vulture who the remembered the eaten ?
SRC	hasn't your salamander who the salamander has amused giggled ?	has your salamander who the salamander amused giggled ? ?
SRC	have some orangutans that haven't annoyed some yak smiled ?	haven't some orangutans that annoyed some yak have smiled ?
SRC	hasn't some peacock that has comforted her newt giggled ?	has some peacock that comforted her newt hasn't giggled ?
SRC	haven't your newts who the zebras have annoyed read ?	have your newts who the zebras annoyed haven't read ?
SRC	has our orangutan that hasn't giggled applauded her yak ?	hasn't our orangutan that giggled applauded her yak ?
SRC	have my yaks that haven't giggled entertained your yak below her raven ?	haven't my yaks that giggled entertained your yak below her raven below ?
SRC	haven't my yaks that have slept entertained some tyrannosauruses by our newts ?	have my yaks that slept entertained some tyrannosauruses by our newts by our
SRC	have your salamanders who haven't slept admired some vulture with the salamanders ?	haven't your salamanders who slept admired some vulture with some salamanders with ?
SRC	haven't my unicorns that have read comforted some newt near the peacocks ?	have my unicorns that have comforted some newt near the peacocks ? ?
SRC	haven't her xylophones who have smiled remembered the yaks behind my unicorn ?	have her xylophones who smiled smiled remembered the yaks behind my unicorn ?
SRC	have the orangutans who her newts haven't entertained slept ?	haven't the orangutans who her newts entertained have slept ?
SRC	has your salamander that hasn't applauded her orangutans swum ?	hasn't your salamander that applauded her orangutans has swum ?
SRC	hasn't her yak that some vulture has amused moved ?	has her yak that some vulture amused hasn't moved ?
SRC	has our unicorn who hasn't admired some yak eaten ?	hasn't our unicorn who some yak has eaten ?
SRC	hasn't your salamander that the zebra has remembered eaten ?	has your salamander that the zebra remembered hasn't eaten ?
SRC	have the quails that haven't amused our orangutans changed ?	haven't the quails that our amused our orangutans changed ?
SRC	hasn't the walrus who the walrus has annoyed giggled ?	has the walrus who the walrus annoyed hasn't giggled ?
SRC	hasn't my tyrannosaurus that has moved accepted the unicorn ?	has my tyrannosaurus that moved moved the unicorn ? ?
SRC	has the salamander that hasn't confused your newt swum ?	hasn't the salamander that your confused your swum ? ?
SRC	haven't the vultures who have comforted the zebras moved ?	have the vultures who the zebras comforted moved ?
SRC	has my newt who hasn't comforted your unicorn accepted some unicorns ?	hasn't my newt who comforted your unicorn accepted some unicorns accepted ?
SRC	haven't your quails that her quails have comforted confused my vulture ?	have your quails that her quails comforted confused my vulture ? ?
SRC	hasn't your salamander who the newt has confused applauded my orangutans ?	has your salamander who the newt confused hasn't applauded my orangutans ?
SRC	have the orangutans that haven't admired her newt comforted her orangutans ?	haven't the orangutans that admired her newt have comforted her orangutans ?
SRC	hasn't her yak who has accepted my unicorns applauded your walrus ?	has her yak who my accepted my unicorns applauded your walrus ?
SRC	have her xylophones that my newts haven't comforted confused your unicorn ?	haven't her xylophones that my newts comforted confused your unicorn ? ?
SRC	have her unicorns who haven't confused the salamanders admired the orangutan ?	haven't her unicorns who the confused the admired the orangutan ? ?
SRC	have her walruses that our unicorns haven't applauded applauded my xylophone ?	haven't her walruses that our unicorns applauded applauded my xylophone applauded ?
SRC	have your vultures who some unicorns haven't accepted applauded your yaks ?	haven't your vultures who some unicorns accepted have applauded your yaks ?
SRC	haven't her unicorns who the walruses have remembered confused some yaks ?	have her unicorns who the walruses remembered haven't confused some yaks ?
SRC	hasn't her vulture that has waited swum ?	hasn't her vulture that waited waited swum ?
SRC	hasn't your newt that has waited waited ?	hasn't your newt that waited waited waited ?
SRC	haven't our xylophones that have changed waited ?	have our xylophones that have waited waited ?
SRC	haven't my peacocks that have swum read ?	have my peacocks that have read ?
SRC	has our orangutan that hasn't smiled changed ?	hasn't our orangutan that smiled changed changed ?
SRC	haven't her ravens who have moved remembered the peacocks upon my quail ?	have her ravens who moved moved remembered the peacocks upon my quail ?
SRC	haven't the yaks who have smiled applauded some quail below some xylophone ?	have the yaks who smiled applauded applauded some quail below some xylophone ?
SRC	has your vulture who hasn't smiled applauded my quail around our vulture ?	hasn't your vulture who smiled applauded applauded my quail around our vulture ?
SRC	have my walruses that haven't eaten applauded my walruses with my yak ?	haven't my walruses that have applauded my walruses with my yak with ?
SRC	hasn't my peacock that has read entertained my xylophone with some ravens ?	has my peacock that has entertained my xylophone with some xylophone ? ?
SRC	have her unicorns who our newts haven't remembered entertained my unicorn upon her walruses ?	haven't her unicorns who our newts remembered entertained my unicorn upon her walruses ?
SRC	has my walrus who some orangutan hasn't applauded confused your xylophone below my newt ?	hasn't my walrus who some orangutan applauded your confused your xylophone below my newt ?
SRC	have our peacocks who haven't amused her vulture applauded her zebra below the zebras ?	haven't our peacocks who her amused her applauded her applauded her zebras below the zebras ?
SRC	have my quails who haven't applauded your peacock confused your unicorns around your orangutan ?	haven't my quails who applauded your peacock confused your unicorns your orangutan around your orangutan ?
SRC	has the zebra who hasn't comforted your unicorns applauded my quails below her zebra ?	hasn't the zebra who your comforted your has applauded my quails below her zebra ?
SRC	haven't your vultures who have comforted our ravens confused her raven above my quail ?	have your vultures who our comforted our ravens confused her raven above my quail ?
SRC	have the xylophones who some yaks haven't amused remembered the tyrannosaurus behind her tyrannosaurus ?	haven't the xylophones who some yaks amused remembered the tyrannosaurus behind her tyrannosaurus ?
SRC	hasn't our xylophone that some orangutan has amused amused my walruses upon some unicorn ?	has our xylophone that some orangutan amused hasn't amused my walruses upon some unicorn ?
SRC	hasn't my walrus who has annoyed my peacock admired the quails near our tyrannosauruses ?	has my walrus who annoyed my peacock admired the quails near our tyrannosauruses ? ?
SRC	hasn't some yak that has applauded the quail comforted your salamanders near our unicorn ?	has some yak that applauded the quail comforted your salamanders near our unicorn near our unicorn
SRC	have her orangutans who haven't waited changed ?	haven't her orangutans who have changed changed ?
SRC	has her newt that hasn't waited changed ?	hasn't her newt that waited waited ?
SRC	has my tyrannosaurus who hasn't changed changed ?	hasn't my tyrannosaurus who changed changed changed ?
SRC	hasn't some peacock who has slept read ?	has some peacock who slept read ?
SRC	haven't some quails that have read slept ?	have some quails that have slept ?
SRC	haven't our vultures that have changed comforted her peacock ?	have our vultures that have comforted her peacock ? ?
SRC	has your orangutan that hasn't moved amused the vultures ?	hasn't your orangutan that moved moved the vultures ? ?
SRC	haven't the orangutans that my vultures have applauded moved ?	have the orangutans that my vultures applauded applauded ? ?
SRC	has her unicorn who her peacock hasn't entertained giggled ?	hasn't her unicorn who her peacock entertained has giggled ?
SRC	haven't some tyrannosauruses who your walruses have admired eaten ?	have some tyrannosauruses who your walruses admired haven't eaten ?
SRC	hasn't some quail that has annoyed her newts smiled ?	has some quail that annoyed her newts hasn't smiled ?
SRC	hasn't our peacock that has read annoyed the yak ?	hasn't our peacock that has annoyed the yak ?
SRC	have her walruses who haven't slept applauded some walrus ?	haven't her walruses who slept applauded applauded some walrus ?
SRC	haven't the peacocks that have accepted our xylophones changed ?	have the peacocks that our xylophones accepted haven't changed ?
SRC	haven't her walruses that my walruses have applauded changed ?	have her walruses that my walruses applauded haven't changed ?
SRC	hasn't our xylophone who has comforted some salamander confused some unicorns by my zebra ?	has our xylophone who some comforted some salamander confused some unicorns by my zebra ?
SRC	has my yak that her vulture hasn't applauded accepted her tyrannosauruses by some zebra ?	hasn't my yak that her vulture applauded accepted her tyrannosauruses by some zebra ?
SRC	haven't the tyrannosauruses who have annoyed my orangutan applauded the walruses above our peacock ?	have the tyrannosauruses who annoyed my orangutan applauded the walruses above our peacock ? ?
SRC	have my walruses who haven't eaten admired our newt behind our xylophone ?	haven't my walruses who eaten eaten admired our newt behind our xylophone ? ?
SRC	have your quails that haven't waited comforted our peacock with your peacocks ?	haven't your quails that waited waited comforted our peacock with your peacocks ? ?
SRC	haven't our xylophones who have admired our raven smiled ?	have our xylophones who our raven admired our smiled ?
SRC	has some orangutan who my raven hasn't entertained giggled ?	hasn't some orangutan who my raven entertained has giggled ?
SRC	has my salamander that hasn't remembered your ravens changed ?	hasn't my salamander that remembered your ravens has changed ?
SRC	haven't her xylophones who some orangutans have comforted changed ?	have her xylophones who some orangutans comforted haven't changed ?
SRC	hasn't her unicorn who our orangutan has comforted swum ?	has her unicorn who our orangutan comforted swum ?
SRC	haven't some yaks who her unicorns have entertained read ?	have some yaks who her unicorns entertained haven't read ?
SRC	has our salamander that hasn't applauded my zebra waited ?	hasn't our salamander that applauded my zebra waited ? ?
SRC	have my walruses who haven't annoyed your peacock waited ?	haven't my walruses who your peacock annoyed waited ? ?
SRC	haven't the peacocks who have entertained her peacocks read ?	have the peacocks who her entertained her read ? ?
SRC	has her raven that my walrus hasn't accepted read ?	hasn't her raven that my walrus accepted has read ?
SRC	have some walruses that haven't read remembered some peacock near my orangutan ?	haven't some walruses that have remembered some peacock near my orangutan ? ?
SRC	hasn't my yak who has read admired her xylophone below the xylophones ?	hasn't my yak who read admired her xylophone below the xylophone ? ?
SRC	has your unicorn that hasn't changed accepted her newt around the peacocks ?	hasn't your unicorn that changed accepted her newt around the peacocks around the ?
SRC	have our tyrannosauruses who haven't read confused your orangutans with my raven ?	haven't our tyrannosauruses who have confused your orangutans with my orangutans ? ?
SRC	hasn't the walrus who has giggled confused some zebras above the salamander ?	hasn't the walrus who giggled confused some zebras above the zebras ? ?
SRC	have some peacocks that haven't confused your vulture waited ?	haven't some peacocks that your confused your waited ? ?
SRC	haven't our unicorns that her peacocks have accepted swum ?	have our unicorns that her peacocks accepted haven't swum ?
SRC	have her unicorns that some vultures haven't applauded swum ?	haven't her unicorns that some vultures applauded have swum ?
SRC	hasn't our peacock that your quail has confused moved ?	has our peacock that your quail confused hasn't moved ?
SRC	haven't our quails that our orangutans have applauded swum ?	have our quails that our orangutans applauded haven't swum ?
SRC	haven't some ravens that have comforted the peacock swum ?	have some ravens that comforted the peacock swum ?
SRC	haven't your yaks that have confused the peacock moved ?	have your yaks that the peacock the peacock ? ?
SRC	hasn't my unicorn who the salamander has accepted swum ?	has my unicorn who the salamander accepted hasn't swum ?
SRC	have my quails who your orangutans haven't amused swum ?	haven't my quails who your orangutans amused have swum ?
SRC	hasn't my tyrannosaurus that has changed amused some newt ?	has my tyrannosaurus that changed amused some newt ? ?
SRC	have our newts who haven't entertained our xylophone entertained your peacocks ?	haven't our newts who our xylophone entertained have entertained your peacocks ?
SRC	have the walruses who haven't entertained your zebra amused our quails ?	haven't the walruses who your zebra zebra amused our quails ? ?
SRC	have our tyrannosauruses who haven't annoyed her vulture confused my newts ?	haven't our tyrannosauruses who her annoyed her confused my newts confused ?
SRC	have our newts who some quails haven't annoyed comforted my orangutan ?	haven't our newts who some quails annoyed comforted my orangutan ? ?
SRC	has your xylophone who hasn't admired our peacock remembered our raven ?	hasn't your xylophone who our peacock admired our remembered our raven ?
SRC	hasn't our tyrannosaurus that has moved annoyed your ravens ?	has our tyrannosaurus that moved moved your ravens ? ?
SRC	has her raven who hasn't comforted the tyrannosaurus smiled ?	hasn't her raven who the comforted the has smiled ?
SRC	has my unicorn who hasn't confused some peacock smiled ?	hasn't my unicorn who some peacock some peacock smiled ?
SRC	hasn't your yak that her peacock has comforted eaten ?	has your yak that her peacock comforted eaten ?
SRC	have my yaks who some peacocks haven't remembered read ?	haven't my yaks who some peacocks remembered have read ?
SRC	hasn't our newt who has waited giggled ?	hasn't our newt who has giggled ?
SRC	haven't some zebras who have swum smiled ?	have some zebras who have swum ?
SRC	has our salamander that hasn't slept giggled ?	hasn't our salamander that slept giggled ?
SRC	hasn't the vulture that has smiled read ?	hasn't the vulture that smiled smiled ?
SRC	haven't our newts that have moved smiled ?	have our newts that haven't moved ?
SRC	has her unicorn who hasn't slept swum ?	hasn't her unicorn who slept swum ?
SRC	haven't her ravens who have moved moved ?	have her ravens who moved moved moved ?
SRC	has her tyrannosaurus who hasn't read smiled ?	hasn't her tyrannosaurus who has smiled ?
SRC	haven't our vultures that have giggled read ?	have our vultures that giggled read ?
SRC	hasn't your yak who has smiled moved ?	hasn't your yak who smiled moved ?
SRC	haven't my tyrannosauruses that have waited applauded the tyrannosaurus by the raven ?	have my tyrannosauruses that haven't applauded the tyrannosaurus by the raven by the raven
SRC	haven't her ravens who have moved applauded the yaks above our peacocks ?	have her ravens who moved applauded applauded the yaks above our peacocks ?
SRC	haven't some ravens that have slept accepted some vulture by her peacocks ?	have some ravens that haven't accepted some vulture by her peacocks ? ?
SRC	have our vultures that haven't changed accepted my peacocks below your salamanders ?	haven't our vultures that changed accepted my peacocks below your salamanders below ?
SRC	haven't my walruses that have read remembered my orangutans above the walruses ?	have my walruses that haven't remembered my orangutans above the walruses ? ?
SRC	haven't her newts that her orangutans have accepted comforted the salamander around your orangutan ?	have her newts that her orangutans accepted haven't comforted the salamander around your orangutan ?
SRC	has the zebra that hasn't comforted the yak entertained my vulture with some unicorns ?	hasn't the zebra that comforted the yak has entertained my vulture with some unicorns ?
SRC	has our tyrannosaurus that my raven hasn't annoyed annoyed some zebras around the tyrannosauruses ?	hasn't our tyrannosaurus that my raven annoyed annoyed some zebras around the tyrannosauruses ?
SRC	haven't some salamanders who her walruses have admired accepted some xylophones by your yak ?	have some salamanders who her walruses admired haven't accepted some xylophones by your yak ?
SRC	haven't the walruses who our newts have remembered annoyed the tyrannosauruses with her peacocks ?	have the walruses who our newts remembered haven't annoyed the tyrannosauruses with her peacocks ?
SRC	have her tyrannosauruses that haven't read slept ?	haven't her tyrannosauruses that read ? slept ?
SRC	has the quail that hasn't changed moved ?	hasn't the quail that changed moved ?
SRC	has our salamander who hasn't swum read ?	hasn't our salamander who swum read ?
SRC	haven't my vultures who have changed swum ?	have my vultures who changed swum ?
SRC	haven't your tyrannosauruses who have giggled swum ?	have your tyrannosauruses who giggled swum ?
SRC	have the orangutans who some yaks haven't entertained annoyed your zebra ?	haven't the orangutans who some yaks entertained have annoyed your zebra ?
SRC	has some zebra that her xylophone hasn't accepted accepted the salamander ?	hasn't some zebra that her xylophone accepted accepted the salamander ? ?
SRC	have some tyrannosauruses who the peacocks haven't remembered admired her raven ?	haven't some tyrannosauruses who the peacocks remembered have admired her raven ?
SRC	hasn't the quail who has comforted the vultures accepted your raven ?	has the quail who the comforted the accepted your raven ? ?
SRC	has our quail that hasn't entertained our salamander remembered some raven ?	hasn't our quail that hasn't entertained our salamander remembered some raven ?
SRC	haven't her vultures who have remembered her peacocks accepted the raven ?	have her vultures who have her peacocks accepted the raven ? ?
SRC	hasn't my peacock that the raven has remembered remembered some raven ?	has my peacock that the raven remembered remembered some raven ? ?
SRC	haven't her salamanders that have amused our salamander applauded your vultures ?	have her salamanders that our amused our salamander applauded your vultures ?
SRC	hasn't my newt who has amused the xylophones remembered some xylophones ?	has my newt who amused the xylophones remembered some xylophones ? ?
SRC	have our ravens that some walruses haven't accepted admired her tyrannosauruses ?	haven't our ravens that some walruses accepted have admired her tyrannosauruses ?
SRC	has the newt who hasn't eaten swum ?	hasn't the newt who eaten eaten ?
SRC	has your salamander who hasn't read eaten ?	hasn't your salamander who read eaten ?
SRC	haven't our zebras who have eaten giggled ?	have our zebras who eaten eaten ?
SRC	haven't your ravens who have eaten waited ?	have your ravens who eaten eaten ?
SRC	hasn't your xylophone who has moved smiled ?	hasn't your xylophone who moved moved ?
SRC	has your walrus who hasn't read remembered our unicorn ?	hasn't your walrus who read remembered our unicorn ? ?
SRC	has our zebra who our orangutan hasn't amused giggled ?	hasn't our zebra who our orangutan amused has giggled ?
SRC	has your unicorn who her unicorn hasn't amused swum ?	hasn't your unicorn who her unicorn amused has swum ?
SRC	haven't some zebras who have remembered my yak eaten ?	have some zebras who have my yak eaten ?
SRC	hasn't her yak that has remembered your unicorn giggled ?	has her yak that remembered your unicorn giggled ? ?
SRC	haven't my zebras who have read changed ?	have my zebras who haven't changed changed ?
SRC	have your orangutans who haven't swum moved ?	haven't your orangutans who have moved ?
SRC	have the yaks that haven't slept read ?	haven't the yaks that have read ?
SRC	have the ravens that haven't eaten waited ?	haven't the ravens that eaten eaten ?
SRC	have the walruses that haven't eaten eaten ?	haven't the walruses that eaten eaten ?
SRC	hasn't your raven that has waited slept ?	hasn't your raven that waited waited ?
SRC	hasn't the raven that has eaten swum ?	has the raven that eaten eaten ?
SRC	has her walrus who hasn't moved smiled ?	hasn't her walrus who moved moved ?
SRC	has some yak that hasn't eaten waited ?	hasn't some yak that eaten eaten ?
SRC	has your walrus who hasn't swum smiled ?	hasn't your walrus who swum smiled ?
SRC	haven't our salamanders that my xylophones have comforted eaten ?	have our salamanders that my xylophones comforted eaten ?
SRC	haven't some orangutans who have accepted your tyrannosauruses slept ?	have some orangutans who your tyrannosauruses tyrannosauruses haven't slept ?
SRC	haven't my quails who have applauded my raven slept ?	have my quails who applauded my raven slept ? ?
SRC	have your orangutans who haven't annoyed our xylophone eaten ?	haven't your orangutans who our xylophone xylophone eaten ? ?
SRC	has the tyrannosaurus that hasn't annoyed your yaks changed ?	hasn't the tyrannosaurus that your yaks changed has changed ?
SRC	haven't our salamanders who our tyrannosauruses have amused waited ?	have our salamanders who our tyrannosauruses amused haven't waited ?
SRC	have her salamanders that haven't amused my peacocks read ?	haven't her salamanders that amused my peacocks have read ?
SRC	has your salamander that hasn't applauded some unicorn read ?	hasn't your salamander that applauded some unicorn read ? ?
SRC	has some zebra who hasn't comforted our yak slept ?	hasn't some zebra who our yak has slept ? ?
SRC	haven't her tyrannosauruses who have admired our raven moved ?	have her tyrannosauruses who our raven admired our moved ?
SRC	have her newts that haven't moved waited ?	haven't her newts that moved moved ?
SRC	haven't your salamanders that have eaten changed ?	have your salamanders that have changed changed ?
SRC	have your tyrannosauruses who haven't smiled giggled ?	haven't your tyrannosauruses who smiled ? giggled ?
SRC	haven't her walruses who have giggled giggled ?	have her walruses who giggled giggled ?
SRC	haven't your vultures that have slept giggled ?	have your vultures that have giggled ?
SRC	have some vultures that haven't slept slept ?	haven't some vultures that slept slept ? ?
SRC	haven't my peacocks that have giggled swum ?	have my peacocks that giggled swum ?
SRC	have your xylophones that haven't eaten eaten ?	haven't your xylophones that eaten eaten eaten ?
SRC	has my orangutan that hasn't read waited ?	hasn't my orangutan that read read ?
SRC	have your quails who haven't giggled read ?	haven't your quails who giggled read ?
SRC	haven't the vultures who have applauded my unicorn changed ?	have the vultures who applauded my unicorn changed ?
SRC	hasn't the walrus that our newt has comforted swum ?	has the walrus that our newt comforted swum ?
SRC	has some peacock that hasn't remembered my tyrannosaurus giggled ?	hasn't some peacock that remembered my tyrannosaurus has giggled ?
SRC	have her tyrannosauruses who your yaks haven't applauded changed ?	haven't her tyrannosauruses who your yaks applauded have changed ?
SRC	have the ravens who the newts haven't accepted changed ?	haven't the ravens who the newts accepted have changed ?
SRC	haven't your zebras who have changed entertained my walruses ?	have your zebras who changed entertained my walruses ? ?
SRC	hasn't some raven that the vulture has remembered waited ?	has some raven that the vulture remembered hasn't waited ?
SRC	haven't the quails who her ravens have remembered changed ?	have the quails who her ravens remembered haven't changed ?
SRC	hasn't some salamander that your unicorn has remembered eaten ?	has some salamander that your unicorn remembered hasn't eaten ?
SRC	haven't her tyrannosauruses that have annoyed our tyrannosauruses read ?	have her tyrannosauruses that annoyed our tyrannosauruses haven't read ?
SRC	haven't some ravens that her vultures have entertained giggled ?	have some ravens that her vultures entertained haven't giggled ?
SRC	haven't the unicorns who some vultures have confused swum ?	have the unicorns who some vultures confused swum ?
SRC	hasn't some raven who your walrus has annoyed waited ?	has some raven who your walrus annoyed hasn't waited ?
SRC	haven't the walruses who have read entertained my ravens ?	have the walruses who haven't entertained my ravens ? ?
SRC	hasn't the newt who has remembered her zebra changed ?	has the newt who remembered her zebra hasn't changed ?
SRC	haven't your walruses that have giggled eaten ?	have your walruses that giggled eaten ?
SRC	haven't the zebras that have changed eaten ?	have the zebras that changed eaten ?
SRC	has her vulture that hasn't waited giggled ?	hasn't her vulture that waited waited ?
SRC	have the unicorns who haven't moved smiled ?	haven't the unicorns who moved moved ?
SRC	haven't your ravens who have changed waited ?	have your ravens who changed waited ?
SRC	have some ravens who haven't applauded my yaks moved ?	haven't some ravens who applauded my yaks moved ? ?
SRC	haven't the salamanders who some unicorns have entertained smiled ?	have the salamanders who some unicorns entertained haven't smiled ?
SRC	has our vulture that hasn't confused our orangutan read ?	hasn't our vulture that confused our orangutan read ? ?
SRC	have my salamanders who haven't accepted the peacock slept ?	haven't my salamanders who the accepted the peacock slept ?
SRC	haven't our unicorns who some yaks have applauded smiled ?	have our unicorns who some yaks applauded smiled ? ?
SRC	hasn't the zebra that has slept entertained the quails below your raven ?	has the zebra that slept entertained the quails below your raven below ?
SRC	has our orangutan that hasn't eaten accepted some walrus by the unicorn ?	hasn't our orangutan that eaten eaten accepted some walrus by the unicorn ?
SRC	haven't the peacocks who have slept applauded her xylophones upon our vulture ?	have the peacocks who slept applauded her xylophones upon our xylophones ? ?
SRC	haven't the peacocks who have eaten confused our yak behind some zebra ?	have the peacocks who eaten eaten eaten our yak behind some zebra ?
SRC	hasn't your unicorn that has read remembered the walruses below your raven ?	has your unicorn that read remembered the walruses below your walruses below ?
SRC	haven't some newts who my newts have entertained confused some zebra ?	have some newts who my newts entertained haven't confused some zebra ?
SRC	has some peacock who some tyrannosaurus hasn't entertained amused her newts ?	hasn't some peacock who some tyrannosaurus entertained has amused her newts ?
SRC	have our newts who haven't applauded your vulture admired our salamanders ?	haven't our newts who your vulture admired admired our salamanders admired ?
SRC	hasn't her peacock that has applauded our tyrannosaurus applauded her tyrannosauruses ?	has her peacock that applauded our tyrannosaurus hasn't applauded her tyrannosauruses ?
SRC	have my peacocks who haven't accepted our xylophone entertained her salamander ?	haven't my peacocks who our xylophone xylophone entertained her salamander ? ?
SRC	have some zebras who haven't changed moved ?	haven't some zebras who changed moved ?
SRC	haven't the walruses who have swum read ?	have the walruses who have read ?
SRC	haven't your peacocks who have eaten read ?	have your peacocks who eaten eaten ?
SRC	has her unicorn who hasn't changed slept ?	hasn't her unicorn who changed slept ?
SRC	hasn't the vulture that has waited moved ?	hasn't the vulture that has moved ?
SRC	haven't your salamanders who your ravens have confused changed ?	have your salamanders who your ravens confused haven't changed ?
SRC	has my orangutan who hasn't annoyed your peacock moved ?	hasn't my orangutan who your peacock annoyed moved ? ?
SRC	has my newt who hasn't annoyed our salamanders changed ?	hasn't my newt who annoyed our salamanders has changed ?
SRC	haven't my tyrannosauruses who have applauded my xylophone changed ?	have my tyrannosauruses who applauded my xylophone haven't changed ?
SRC	hasn't your xylophone that has changed admired some unicorns ?	hasn't your xylophone that changed admired some unicorns ?
SRC	hasn't our walrus that has smiled waited ?	hasn't our walrus that smiled smiled ?
SRC	haven't some peacocks who have giggled read ?	have some peacocks who giggled read ?
SRC	hasn't her peacock that has giggled giggled ?	has her peacock that giggled giggled giggled ?
SRC	hasn't your quail that has waited giggled ?	has your quail that waited waited ?
SRC	hasn't your orangutan who has read moved ?	hasn't your orangutan who has moved ?
SRC	has your orangutan who hasn't swum admired her newts ?	hasn't your orangutan who swum admired her newts ? ?
SRC	haven't some newts who have remembered her zebra swum ?	have some newts who have her zebra swum ?
SRC	has the salamander that our yak hasn't applauded slept ?	hasn't the salamander that our yak applauded has slept ?
SRC	have my xylophones that haven't amused my unicorns swum ?	haven't my xylophones that amused my unicorns have swum ?
SRC	hasn't the salamander who has admired some orangutans giggled ?	has the salamander who some admired some giggled ? ?
SRC	haven't her vultures who have amused the newts entertained my orangutans above her zebras ?	have her vultures who have amused the newts entertained my orangutans above her zebras ?
SRC	haven't my orangutans that her tyrannosauruses have comforted annoyed your peacocks near my peacocks ?	have my orangutans that her tyrannosauruses comforted annoyed your peacocks near my peacocks ? ?
SRC	have her salamanders who my peacocks haven't confused annoyed some vulture upon our walrus ?	haven't her salamanders who my peacocks confused have annoyed some vulture upon our walrus ?
SRC	haven't her vultures that our ravens have remembered annoyed the tyrannosauruses below some newts ?	have her vultures that our ravens remembered haven't annoyed the tyrannosauruses below some newts ?
SRC	haven't some newts that have amused some salamander annoyed your zebra with some walrus ?	have some newts that have amused some salamander annoyed your zebra with some walrus ?
SRC	has her zebra that some peacock hasn't confused changed ?	hasn't her zebra that some peacock confused has changed ?
SRC	haven't my ravens who my peacocks have comforted smiled ?	have my ravens who my peacocks comforted smiled ? ?
SRC	hasn't my vulture who has applauded our yak waited ?	has my vulture who our yak hasn't waited ?
SRC	haven't our vultures who our ravens have comforted giggled ?	have our vultures who our ravens comforted giggled ? ?
SRC	hasn't her tyrannosaurus that has amused your newts changed ?	has her tyrannosaurus that amused your newts hasn't changed ?
SRC	have the xylophones who haven't accepted my peacocks changed ?	haven't the xylophones who accepted my peacocks have changed ?
SRC	haven't your vultures that some zebras have amused slept ?	have your vultures that some zebras amused haven't slept ?
SRC	hasn't her walrus that our zebra has amused waited ?	has her walrus that our zebra amused hasn't waited ?
SRC	haven't some tyrannosauruses that some unicorns have remembered swum ?	have some tyrannosauruses that some unicorns remembered swum ?
SRC	has my peacock that hasn't applauded your quail read ?	hasn't my peacock that applauded your quail has read ?
SRC	hasn't some walrus that has smiled comforted her tyrannosauruses ?	hasn't some walrus that smiled smiled comforted her tyrannosauruses ?
SRC	has some vulture who our salamander hasn't entertained read ?	hasn't some vulture who our salamander entertained has read ?
SRC	have my walruses who haven't amused your zebras eaten ?	haven't my walruses who your zebras amused have eaten ?
SRC	have our salamanders who haven't amused your zebra slept ?	haven't our salamanders who your zebra amused have slept ?
SRC	has my orangutan that your walrus hasn't annoyed read ?	hasn't my orangutan that your walrus annoyed has read ?
SRC	has her vulture who hasn't swum applauded some xylophone ?	hasn't her vulture who swum applauded some xylophone ? ?
SRC	have our tyrannosauruses that my unicorns haven't remembered moved ?	haven't our tyrannosauruses that my unicorns remembered have moved ?
SRC	hasn't her quail that has entertained my peacock giggled ?	has her quail that my entertained my peacock giggled ?
SRC	hasn't my newt that has amused our quails waited ?	has my newt that amused our quails hasn't waited ?
SRC	have our yaks who haven't comforted our zebra waited ?	haven't our yaks who our zebra our waited ? ?
SRC	have the yaks who our peacocks haven't comforted remembered the ravens ?	haven't the yaks who our peacocks comforted remembered the ravens ? ?
SRC	haven't our yaks who my yaks have admired amused the tyrannosauruses ?	have our yaks who my yaks admired haven't amused the tyrannosauruses ?
SRC	has her newt that some unicorn hasn't amused accepted your quails ?	hasn't her newt that some unicorn amused has accepted your quails ?
SRC	hasn't our xylophone that your unicorn has applauded amused some orangutan ?	has our xylophone that your unicorn applauded hasn't amused some orangutan ?
SRC	has some tyrannosaurus that my orangutan hasn't annoyed accepted your peacock ?	hasn't some tyrannosaurus that my orangutan annoyed has accepted your peacock ?
SRC	hasn't the newt who has remembered her newts waited ?	has the newt who remembered her newts hasn't waited ?
SRC	have her quails that the salamanders haven't confused giggled ?	haven't her quails that the salamanders confused have giggled ?
SRC	have the walruses who the tyrannosauruses haven't applauded moved ?	haven't the walruses who the tyrannosauruses applauded applauded ? ?
SRC	has our vulture who hasn't accepted my tyrannosaurus eaten ?	hasn't our vulture who my accepted my has eaten ?
SRC	has the vulture who your peacock hasn't applauded read ?	hasn't the vulture who your peacock applauded has read ?
SRC	have our yaks that haven't amused our walrus swum ?	haven't our yaks that amused our walrus swum ? ?
SRC	hasn't her tyrannosaurus that has giggled accepted my salamanders ?	has her tyrannosaurus that giggled accepted my salamanders ?
SRC	has some newt who hasn't amused some quails swum ?	hasn't some newt who some amused some has swum ?
SRC	have the walruses that some salamanders haven't entertained smiled ?	haven't the walruses that some salamanders entertained have smiled ?
SRC	have her vultures who my tyrannosauruses haven't amused read ?	haven't her vultures who my tyrannosauruses amused some read ?
SRC	has our peacock that your tyrannosaurus hasn't applauded confused my tyrannosauruses ?	hasn't our peacock that your tyrannosaurus applauded has confused my tyrannosauruses ?
SRC	haven't the salamanders who our xylophones have comforted confused my raven ?	have the salamanders who our xylophones comforted confused my raven ? ?
SRC	has my salamander who hasn't annoyed the yaks annoyed some orangutan ?	hasn't my salamander who the annoyed the annoyed some orangutan ? ?
SRC	haven't your zebras who have comforted my zebra annoyed your tyrannosaurus ?	have your zebras who comforted my zebra annoyed your tyrannosaurus ? ?
SRC	hasn't her orangutan who the peacock has amused changed ?	has her orangutan who the peacock amused hasn't changed ? ?
SRC	have my quails that haven't admired our salamander accepted some vulture behind the vultures ?	haven't my quails that admired our salamander have accepted some vulture behind the vultures ?
SRC	haven't some xylophones that your peacocks have admired confused her vulture upon her raven ?	have some xylophones that your peacocks admired her confused her vulture upon her raven ?
SRC	has my xylophone that the newt hasn't annoyed applauded our yaks by my yaks ?	hasn't my xylophone that the newt annoyed our has applauded our yaks by my yaks ?
SRC	have some ravens who her orangutans haven't remembered applauded our quails near your salamanders ?	haven't some ravens who her orangutans remembered have applauded our quails near your salamanders ?
SRC	hasn't your xylophone who the yak has accepted accepted some zebras upon the orangutans ?	has your xylophone who the yak accepted accepted some zebras upon the orangutans ? ?
SRC	has our zebra that hasn't remembered her newt amused our walruses ?	hasn't our zebra that remembered her newt has amused our walruses ?
SRC	has her tyrannosaurus that our walrus hasn't amused admired your peacock ?	hasn't her tyrannosaurus that our walrus amused has admired your peacock ?
SRC	have our ravens who haven't annoyed her orangutans remembered my vultures ?	haven't our ravens who her orangutans annoyed remembered my vultures ? ?
SRC	have your quails that haven't accepted my salamanders applauded the newt ?	haven't your quails that accepted my salamanders have applauded the newt ?
SRC	hasn't my peacock who has admired some vulture applauded some quails ?	has my peacock who some vulture vulture hasn't applauded some quails ?
SRC	has some xylophone who hasn't moved accepted my peacocks with her peacocks ?	hasn't some xylophone who moved moved my peacocks with her peacocks with ?
SRC	have some peacocks that haven't slept amused our xylophones around our xylophones ?	haven't some peacocks that have amused our xylophones around our xylophones ? ?
SRC	hasn't your orangutan that has swum entertained the peacocks around her newt ?	has your orangutan that swum entertained the peacocks around her newt ? ?
SRC	haven't my xylophones who have eaten confused our peacocks above my orangutan ?	have my xylophones who eaten eaten eaten our peacocks above my orangutan ?
SRC	hasn't our vulture that has waited confused some quails below some zebra ?	hasn't our vulture that waited waited confused some quails below some zebra ?
SRC	hasn't your quail that my unicorn has comforted annoyed some tyrannosauruses ?	has your quail that my unicorn comforted annoyed some tyrannosauruses tyrannosauruses ?
SRC	haven't our quails that my salamanders have amused amused her raven ?	have our quails that my salamanders amused haven't amused her raven ?
SRC	have her ravens who haven't annoyed some tyrannosaurus confused your yaks ?	haven't her ravens who some tyrannosaurus some tyrannosaurus have confused your yaks ?
SRC	have my zebras that haven't applauded her walrus confused her vulture ?	haven't my zebras that applauded her walrus confused her vulture ? ?
SRC	haven't some ravens that have applauded our walrus amused her tyrannosauruses ?	have some ravens that applauded our walrus haven't amused her tyrannosauruses ?
SRC	has my vulture that hasn't admired our unicorns swum ?	hasn't my vulture that admired our unicorns has swum ?
SRC	has her walrus who hasn't annoyed your vultures giggled ?	hasn't her walrus who your annoyed your giggled ? ?
SRC	have the xylophones that my unicorns haven't confused swum ?	haven't the xylophones that my unicorns confused have swum ?
SRC	hasn't the orangutan who the yak has admired slept ?	has the orangutan who the yak admired hasn't slept ?
SRC	hasn't our tyrannosaurus that my quail has amused slept ?	has our tyrannosaurus that my quail amused hasn't slept ?
SRC	has your xylophone that the orangutan hasn't accepted eaten ?	hasn't your xylophone that the orangutan accepted has eaten ?
SRC	have our ravens who haven't applauded my zebras giggled ?	haven't our ravens who applauded my zebras have giggled ?
SRC	hasn't your newt that has giggled amused the newts ?	hasn't your newt that giggled amused the newts ? ?
SRC	hasn't some raven who has entertained her unicorn swum ?	has some raven who her entertained her swum ?
SRC	has her xylophone who hasn't admired our newt eaten ?	hasn't her xylophone who our newt our newt eaten ?
SRC	haven't your vultures that her zebras have annoyed entertained my peacocks behind our unicorn ?	have your vultures that her zebras annoyed my entertained my peacocks behind our unicorn ?
SRC	hasn't our salamander that some raven has applauded applauded the walrus below my orangutans ?	has our salamander that some raven applauded applauded the walrus below my orangutans ?
SRC	hasn't the quail that your vulture has amused annoyed her zebras behind my quails ?	has the quail that your vulture amused her annoyed her zebras behind my quails ?
SRC	have some xylophones who some walruses haven't amused entertained my yaks by her xylophones ?	haven't some xylophones who some walruses amused my yaks entertained my xylophones by her xylophones ?
SRC	have her yaks that the ravens haven't entertained accepted her walrus around some quail ?	haven't her yaks that the ravens entertained have accepted her walrus around some quail ?
SRC	have some yaks that haven't remembered some walruses eaten ?	haven't some yaks that remembered some walruses have eaten ?
SRC	haven't some unicorns who my orangutans have amused waited ?	have some unicorns who my orangutans amused haven't waited ?
SRC	have our zebras that our walruses haven't accepted smiled ?	haven't our zebras that our walruses accepted have smiled ?
SRC	have your xylophones that haven't annoyed your unicorn read ?	haven't your xylophones that your annoyed your unicorn read ?
SRC	have our newts who the newts haven't admired slept ?	haven't our newts who the newts admired have slept ?
SRC	haven't her yaks that our ravens have comforted giggled ?	have her yaks that our ravens comforted giggled ? ?
SRC	have her yaks who my salamanders haven't remembered changed ?	haven't her yaks who my salamanders remembered have changed ?
SRC	hasn't my quail that has amused our orangutan swum ?	has my quail that our orangutan orangutan hasn't swum ?
SRC	hasn't her raven who the walrus has comforted swum ?	has her raven who the walrus comforted swum ?
SRC	have our quails that her salamanders haven't annoyed read ?	haven't our quails that her salamanders annoyed have read ?
SRC	has my quail that hasn't accepted her tyrannosauruses applauded our quail ?	hasn't my quail that accepted her tyrannosauruses has applauded our quail ?
SRC	have my vultures who haven't annoyed your zebras annoyed our quail ?	haven't my vultures who your zebras annoyed our annoyed our quail ?
SRC	has some zebra who hasn't admired the newt confused the salamanders ?	hasn't some zebra who the admired the newt confused the salamanders ?
SRC	hasn't your xylophone that has comforted our walruses accepted some peacock ?	has your xylophone that our walruses our walruses hasn't accepted some peacock ?
SRC	has her xylophone that hasn't amused my peacock annoyed some quail ?	hasn't her xylophone that amused my peacock has annoyed some quail ?
SRC	hasn't some raven that has amused some walruses eaten ?	has some raven that amused some walruses hasn't eaten ?
SRC	haven't the orangutans that have slept accepted some peacocks ?	have the orangutans that haven't accepted some peacocks ? ?
SRC	have the yaks who haven't remembered her peacocks giggled ?	haven't the yaks who her remembered her giggled ? ?
SRC	has the walrus that hasn't amused our vulture moved ?	hasn't the walrus that amused our vulture has moved ?
SRC	have some quails who haven't amused the walrus changed ?	haven't some quails who amused the walrus have changed ?
SRC	haven't my xylophones that have annoyed your unicorn applauded my peacock below the peacock ?	have my xylophones that your annoyed your applauded my peacock below the peacock ? ?
SRC	haven't some peacocks who our walruses have admired applauded some vultures behind my quail ?	have some peacocks who our walruses admired applauded some vultures behind my quail ?
SRC	has the raven who hasn't confused the vulture admired your tyrannosaurus below the newt ?	hasn't the raven who the vulture the vulture has admired your tyrannosaurus below the newt ?
SRC	has our newt that hasn't admired my tyrannosaurus amused my tyrannosauruses with her xylophones ?	hasn't our newt that admired my tyrannosaurus has amused my tyrannosauruses with her xylophones ?
SRC	haven't her yaks that my quails have comforted amused my peacock upon some ravens ?	have her yaks that my quails comforted amused my peacock upon some ravens ? ?
SRC	have your orangutans that haven't entertained her vultures waited ?	haven't your orangutans that her entertained her waited ?
SRC	hasn't our newt who has eaten waited ?	hasn't our newt who eaten eaten ? ?
SRC	haven't our orangutans that have waited swum ?	have our orangutans that haven't swum ? ?
SRC	have my walruses that haven't slept read ?	haven't my walruses that have read ? ?
SRC	haven't the orangutans that have read swum ?	have the orangutans that haven't swum ? ?
SRC	haven't our walruses that have admired my peacocks moved ?	have our walruses that admired my peacocks moved ? ?
SRC	have the vultures that haven't applauded some zebra eaten ?	haven't the vultures that applauded some zebra eaten ?
SRC	have her orangutans who haven't annoyed my peacock swum ?	haven't her orangutans who annoyed my peacock swum ?
SRC	has the salamander that some vulture hasn't confused eaten ?	hasn't the salamander that some vulture confused has eaten ?
SRC	hasn't your xylophone that the peacock has annoyed eaten ?	has your xylophone that the peacock annoyed hasn't eaten ?
SRC	hasn't your orangutan that her salamander has amused applauded the salamanders with our unicorn ?	has your orangutan that her salamander amused the salamanders hasn't applauded our unicorn ?
SRC	have my tyrannosauruses who the unicorns haven't entertained confused some unicorns below some walruses ?	haven't my tyrannosauruses who the unicorns entertained have confused some unicorns below some walruses ?
SRC	have the unicorns that haven't comforted your vulture annoyed some orangutans by her unicorn ?	haven't the unicorns that comforted your vulture have annoyed some orangutans by her unicorn ?
SRC	has some peacock who your xylophone hasn't accepted accepted the yaks with the peacock ?	hasn't some peacock who your xylophone accepted accepted the yaks with the peacock ?
SRC	hasn't your vulture that the yak has accepted applauded our xylophones behind her walruses ?	has your vulture that the yak accepted our xylophones applauded our walruses behind her walruses ?
SRC	has your tyrannosaurus who hasn't slept waited ?	hasn't your tyrannosaurus who slept waited ?
SRC	has my xylophone who hasn't read moved ?	hasn't my xylophone who has moved ?
SRC	has my yak who hasn't moved waited ?	hasn't my yak who moved ? waited ?
SRC	hasn't our xylophone that has swum slept ?	has our xylophone that swum slept ?
SRC	have some salamanders who haven't read swum ?	haven't some salamanders who have swum ?
SRC	has our quail that hasn't giggled remembered her yak by some ravens ?	hasn't our quail that giggled remembered her yak by some ravens ? ?
SRC	have some orangutans who haven't smiled amused some salamanders by your yaks ?	haven't some orangutans who smiled amused some salamanders by your yaks by your
SRC	have our unicorns that haven't smiled comforted your vultures by some unicorns ?	haven't our unicorns that smiled comforted your vultures by some unicorns ? ?
SRC	have your tyrannosauruses who haven't read comforted her newt below some xylophone ?	haven't your tyrannosauruses who have comforted her newt below some xylophone ? ?
SRC	hasn't our yak who has read entertained some newts above some quails ?	hasn't our yak who hasn't entertained some newts above some quails ? ?
SRC	have your vultures who haven't entertained the salamanders swum ?	haven't your vultures who the salamanders the salamanders swum ?
SRC	hasn't some raven who has moved comforted the peacock ?	hasn't some raven who moved moved comforted the peacock ?
SRC	haven't my orangutans who have amused the walruses moved ?	have my orangutans who the amused the moved ? ?
SRC	has her peacock who hasn't amused my orangutans changed ?	hasn't her peacock who my amused my orangutans changed ?
SRC	has our orangutan who my tyrannosaurus hasn't annoyed smiled ?	hasn't our orangutan who my tyrannosaurus annoyed has smiled ?
SRC	have our yaks that haven't slept entertained my zebra ?	haven't our yaks that have entertained my zebra ? ?
SRC	hasn't our walrus who your unicorn has annoyed smiled ?	has our walrus who your unicorn annoyed hasn't smiled ?
SRC	have your ravens who the vultures haven't amused eaten ?	haven't your ravens who the vultures amused have eaten ?
SRC	haven't my peacocks that the yaks have comforted moved ?	have my peacocks that the yaks comforted haven't moved ?
SRC	hasn't some salamander that has amused my salamander slept ?	has some salamander that has amused my salamander slept ?
SRC	have some peacocks that haven't giggled applauded our salamanders around our yaks ?	haven't some peacocks that giggled applauded our salamanders around our yaks around our
SRC	hasn't our quail that has giggled admired her zebras upon some salamander ?	has our quail that giggled admired her zebras upon some zebras ? ?
SRC	haven't some newts who have smiled annoyed some ravens behind your quails ?	have some newts who have annoyed some ravens behind your quails ? ?
SRC	haven't our xylophones who have waited remembered the walruses behind some xylophone ?	have our xylophones who haven't remembered the walruses behind some walruses ? ?
SRC	has the salamander that hasn't moved entertained her peacock with the quail ?	hasn't the salamander that moved ? entertained her peacock with the quail ?
SRC	hasn't my orangutan that has confused your salamanders smiled ?	has my orangutan that your salamanders your smiled ? ?
SRC	haven't my zebras that have swum confused the peacock ?	have my zebras that swum confused the peacock ? ?
SRC	has her vulture who your walrus hasn't comforted waited ?	hasn't her vulture who your walrus comforted has waited ?
SRC	hasn't your walrus who the raven has comforted waited ?	has your walrus who the raven comforted waited ?
SRC	has our xylophone that hasn't entertained her ravens smiled ?	hasn't our xylophone that her entertained her smiled ? ?
SRC	haven't our xylophones that have moved amused my orangutans by the salamanders ?	have our xylophones that haven't amused my orangutans by the orangutans ? ?
SRC	hasn't your salamander that has eaten annoyed some orangutans by my ravens ?	has your salamander that eaten eaten annoyed some orangutans by my ravens ?
SRC	haven't her peacocks that have read admired the quails upon the quails ?	have her peacocks that haven't admired the quails upon the quails ? ?
SRC	have our quails who haven't waited admired our newt behind our walrus ?	haven't our quails who waited waited admired our newt behind our walrus ?
SRC	has some yak that hasn't changed amused our salamander around her xylophone ?	hasn't some yak that changed amused our salamander around her xylophone around her xylophone
SRC	hasn't your quail that has admired her vultures admired her walruses with her quail ?	has your quail that admired her vultures admired her walruses with her quail ? ?
SRC	haven't your peacocks who have annoyed some vultures annoyed your newt near some ravens ?	have your peacocks who some vultures annoyed your annoyed your newt near some ravens ?
SRC	hasn't some newt that some salamander has entertained annoyed my peacocks with our quails ?	has some newt that some salamander entertained hasn't annoyed my peacocks with our quails ?
SRC	haven't some zebras who our unicorns have applauded annoyed some vultures below some tyrannosauruses ?	have some zebras who our unicorns applauded annoyed some vultures below some tyrannosauruses below some tyrannosauruses
SRC	haven't your zebras that have amused her unicorns accepted her xylophones above some orangutan ?	have your zebras that her amused her accepted her xylophones above some orangutan ? ?
SRC	hasn't her salamander that has amused the ravens swum ?	has her salamander that amused the ravens hasn't swum ?
SRC	haven't your peacocks who have entertained her walrus eaten ?	have your peacocks who her entertained her eaten ? ?
SRC	has the quail who hasn't admired our xylophones swum ?	hasn't the quail who our xylophones our has swum ?
SRC	haven't your walruses who the quails have accepted swum ?	have your walruses who the quails accepted haven't swum ?
SRC	have the ravens that our orangutans haven't confused giggled ?	haven't the ravens that our orangutans confused have giggled ?
SRC	hasn't the orangutan who has annoyed your raven smiled ?	has the orangutan who your raven hasn't smiled ? ?
SRC	haven't our salamanders that her walruses have admired eaten ?	have our salamanders that her walruses admired haven't eaten ?
SRC	hasn't my newt that our salamander has annoyed waited ?	has my newt that our salamander annoyed hasn't waited ?
SRC	has some newt who hasn't accepted our zebra read ?	hasn't some newt who our zebra our zebra read ?
SRC	has her vulture who our salamander hasn't remembered read ?	hasn't her vulture who our salamander remembered has read ?
SRC	haven't the salamanders who have waited smiled ?	have the salamanders who have smiled ?
SRC	have my tyrannosauruses who haven't swum waited ?	haven't my tyrannosauruses who have waited waited ?
SRC	have your xylophones who haven't eaten read ?	haven't your xylophones who eaten eaten ?
SRC	hasn't her vulture that has swum swum ?	has her vulture that swum swum ?
SRC	hasn't some walrus who has moved swum ?	hasn't some walrus who moved moved ?
SRC	haven't the quails that have moved moved ?	have the quails that moved moved moved ?
SRC	has our walrus that hasn't eaten smiled ?	hasn't our walrus that eaten eaten ? ?
SRC	hasn't her vulture that has slept giggled ?	has her vulture that slept giggled giggled ?
SRC	has her salamander who hasn't smiled moved ?	hasn't her salamander who smiled moved ?
SRC	has some tyrannosaurus that hasn't giggled eaten ?	hasn't some tyrannosaurus that giggled eaten ?
SRC	has your quail that hasn't amused your zebras swum ?	hasn't your quail that amused your zebras has swum ?
SRC	hasn't your yak who our newt has comforted changed ?	has your yak who our newt comforted hasn't changed ?
SRC	have our yaks who haven't amused some salamanders giggled ?	haven't our yaks who some salamanders amused have giggled ?
SRC	hasn't your orangutan that has moved admired some yaks ?	hasn't your orangutan that moved moved some yaks ?
SRC	has the newt that her tyrannosaurus hasn't admired waited ?	hasn't the newt that her tyrannosaurus admired has waited ?
SRC	haven't some orangutans who have read read ?	have some orangutans who haven't read read ?
SRC	hasn't my tyrannosaurus who has swum giggled ?	has my tyrannosaurus who swum giggled ?
SRC	hasn't our xylophone that has eaten giggled ?	has our xylophone that eaten eaten ?
SRC	haven't my zebras who have slept changed ?	have my zebras who slept changed changed ?
SRC	have the quails that haven't moved smiled ?	haven't the quails that moved moved ? ?
SRC	has my quail who hasn't eaten giggled ?	hasn't my quail who eaten eaten ?
SRC	has my orangutan that hasn't slept giggled ?	hasn't my orangutan that slept giggled ?
SRC	hasn't her orangutan who has giggled slept ?	hasn't her orangutan who giggled slept ?
SRC	hasn't her orangutan that has read swum ?	hasn't her orangutan that read swum ?
SRC	has my tyrannosaurus that hasn't smiled swum ?	hasn't my tyrannosaurus that smiled smiled swum ?
SRC	haven't her quails who my zebras have annoyed waited ?	have her quails who my zebras annoyed haven't waited ?
SRC	has my newt who her tyrannosaurus hasn't applauded moved ?	hasn't my newt who her tyrannosaurus applauded has moved ?
SRC	hasn't your unicorn who has moved accepted some vultures ?	hasn't your unicorn who moved moved some vultures ? ?
SRC	has her vulture that our yak hasn't amused swum ?	hasn't her vulture that our yak amused has swum ?
SRC	haven't your tyrannosauruses who the yaks have confused smiled ?	have your tyrannosauruses who the yaks confused smiled ? ?
SRC	haven't some salamanders who your walruses have annoyed confused your unicorns ?	have some salamanders who your walruses annoyed haven't confused your unicorns ?
SRC	hasn't our xylophone who has annoyed some quails accepted the newts ?	has our xylophone who some annoyed some quails accepted the newts ?
SRC	hasn't our quail who our tyrannosaurus has entertained admired your zebras ?	has our quail who our tyrannosaurus entertained hasn't admired your zebras ?
SRC	hasn't some zebra that has comforted the vultures accepted the unicorn ?	has some zebra that comforted the vultures accepted the unicorn ? ?
SRC	haven't her orangutans who your salamanders have applauded comforted our newts ?	have her orangutans who your salamanders applauded our comforted our newts ?
SRC	have the ravens who haven't comforted my tyrannosauruses entertained your salamanders behind our unicorns ?	haven't the ravens who comforted my tyrannosauruses have entertained your salamanders behind our unicorns ?
SRC	haven't our quails who my tyrannosauruses have remembered entertained your orangutans behind the salamanders ?	have our quails who my tyrannosauruses remembered entertained your orangutans behind the salamanders ?
SRC	hasn't your salamander who has applauded the walruses accepted some xylophones behind some xylophone ?	has your salamander who applauded the walruses hasn't accepted some xylophones behind some xylophone ?
SRC	have her quails that haven't annoyed the newts accepted our xylophone with her salamanders ?	haven't her quails that annoyed the newts have accepted our xylophone with her salamanders ?
SRC	has her quail who the quail hasn't applauded applauded her unicorn near her orangutans ?	hasn't her quail who the quail applauded applauded her unicorn near her orangutans near her orangutans
SRC	has some walrus that some peacock hasn't admired comforted some tyrannosaurus around your walrus ?	hasn't some walrus that some peacock admired has comforted some tyrannosaurus around your walrus ?
SRC	have the salamanders that some tyrannosauruses haven't entertained confused your yaks with her salamanders ?	haven't the salamanders that some tyrannosauruses entertained have confused your yaks with her salamanders ?
SRC	has her yak that your newt hasn't applauded confused the quail behind our unicorn ?	hasn't her yak that your newt applauded the quail confused the quail behind our unicorn ?
SRC	has some yak that hasn't applauded my xylophone admired some ravens by your tyrannosaurus ?	hasn't some yak that applauded my xylophone has admired some ravens by your tyrannosaurus ?
SRC	haven't your orangutans that have entertained your yak comforted the peacocks around our raven ?	have your orangutans that your entertained your comforted the peacocks around our raven around ?
SRC	haven't the newts that have amused my walrus confused the salamander ?	have the newts that have amused my walrus confused the salamander ?
SRC	hasn't some raven who my raven has admired amused some walrus ?	has some raven who my raven admired hasn't amused some walrus ?
SRC	hasn't our yak who has remembered your xylophones remembered your vulture ?	has our yak who your xylophones remembered hasn't remembered your vulture ?
SRC	has my raven who your salamander hasn't comforted entertained her ravens ?	hasn't my raven who your salamander comforted her entertained her ravens ?
SRC	have the tyrannosauruses who some walruses haven't applauded comforted the ravens ?	haven't the tyrannosauruses who some walruses applauded the comforted the ravens ?
SRC	have my vultures who haven't amused the peacock giggled ?	haven't my vultures who amused the peacock have giggled ?
SRC	have her tyrannosauruses who haven't slept accepted your yak ?	haven't her tyrannosauruses who slept accepted your yak ?
SRC	hasn't her vulture that has annoyed her peacock eaten ?	has her vulture that annoyed her peacock hasn't eaten ?
SRC	have some zebras who haven't admired her xylophones read ?	haven't some zebras who her xylophones xylophones read ? ?
SRC	haven't our orangutans who her quails have confused read ?	have our orangutans who her quails confused haven't read ?
SRC	haven't her zebras that have entertained our vultures giggled ?	have her zebras that our vultures entertained our giggled ?
SRC	hasn't the salamander that her raven has admired moved ?	has the salamander that her raven admired hasn't moved ?
SRC	has her peacock that hasn't entertained her quails eaten ?	hasn't her peacock that her entertained her eaten ?
SRC	haven't our newts that my orangutans have comforted giggled ?	have our newts that my orangutans comforted giggled ? ?
SRC	haven't my yaks that have annoyed her xylophone moved ?	have my yaks that annoyed her xylophone moved ?
SRC	have her unicorns who haven't amused some raven comforted the yak upon the unicorns ?	haven't her unicorns who some amused some have comforted the yak upon the unicorns ?
SRC	has your walrus that hasn't confused some vulture comforted my salamander with our orangutans ?	hasn't your walrus that some vulture some has comforted my salamander with our orangutans ?
SRC	has our unicorn that our newt hasn't comforted remembered some orangutans by some walruses ?	hasn't our unicorn that our newt comforted remembered some orangutans by some walruses by some walruses
SRC	have the newts that our quails haven't comforted entertained our quail by some walruses ?	haven't the newts that our quails comforted entertained our quail by some walruses by some
SRC	haven't her zebras who the quails have remembered annoyed her vultures below our walruses ?	have her zebras who the quails remembered her annoyed her vultures below our walruses ?
SRC	haven't the tyrannosauruses that your yaks have entertained applauded our tyrannosaurus upon some newts ?	have the tyrannosauruses that your yaks entertained haven't applauded our tyrannosaurus upon some newts ?
SRC	hasn't some unicorn that has remembered her quail admired my unicorn behind my yak ?	has some unicorn that remembered her quail hasn't admired my unicorn behind my yak ?
SRC	haven't your unicorns who have accepted some peacocks amused our zebra upon the yak ?	have your unicorns who some peacocks some peacocks amused our zebra upon the yak ?
SRC	has our orangutan who hasn't waited confused some walruses upon my unicorn ?	hasn't our orangutan who has confused some walruses upon my walruses unicorn ? ?
SRC	hasn't some raven who has moved annoyed the salamander near some zebras ?	hasn't some raven who moved moved the salamander near some salamander ? ?
SRC	has her peacock who your salamander hasn't confused applauded your vulture ?	hasn't her peacock who your salamander confused has applauded your vulture ?
SRC	have the orangutans that haven't comforted our walrus confused some yaks ?	haven't the orangutans that our walrus confused have confused some yaks ?
SRC	have the zebras that our unicorns haven't confused comforted your peacocks ?	haven't the zebras that our unicorns confused have comforted your peacocks ?
SRC	has our tyrannosaurus who hasn't admired our salamander entertained her walruses ?	hasn't our tyrannosaurus who our salamander has entertained her entertained her walruses ?
SRC	haven't the ravens who our unicorns have accepted confused her orangutan ?	have the ravens who our unicorns accepted haven't confused her orangutan ?
SRC	haven't the zebras who have changed applauded your newt ?	have the zebras who changed applauded your newt ? ?
SRC	has her tyrannosaurus that hasn't admired her xylophone swum ?	hasn't her tyrannosaurus that admired her xylophone has swum ?
SRC	has her tyrannosaurus who hasn't read admired our xylophone ?	hasn't her tyrannosaurus who has admired our xylophone ? ?
SRC	hasn't my raven who has confused some newts eaten ?	has my raven who some newts some newts eaten ?
SRC	hasn't the orangutan that her quail has accepted waited ?	has the orangutan that her quail accepted hasn't waited ?
SRC	have her tyrannosauruses that haven't read swum ?	haven't her tyrannosauruses that read swum ?
SRC	has my walrus that hasn't smiled giggled ?	hasn't my walrus that smiled smiled giggled ?
SRC	has her unicorn who hasn't eaten changed ?	hasn't her unicorn who eaten eaten ?
SRC	have my peacocks who haven't changed slept ?	haven't my peacocks who changed slept ?
SRC	haven't some ravens who have eaten waited ?	have some ravens who eaten eaten ?
SRC	have the tyrannosauruses who haven't confused my newt applauded some salamander around my newts ?	haven't the tyrannosauruses who my newt my newt applauded some salamander around my newts ?
SRC	has my xylophone who my unicorn hasn't entertained applauded the newt near my quails ?	hasn't my xylophone who my unicorn entertained has applauded the newt near my quails ?
SRC	haven't some orangutans who some newts have applauded remembered your ravens with our salamander ?	have some orangutans who some newts applauded remembered your ravens with our salamander ?
SRC	has the peacock that our salamander hasn't annoyed confused some unicorn near your vulture ?	hasn't the peacock that our salamander annoyed some confused some unicorn near your vulture ?
SRC	haven't some ravens who my unicorns have applauded admired your salamander behind her peacock ?	have some ravens who my unicorns applauded your admired your salamander behind her peacock ?
SRC	has your yak that hasn't changed swum ?	hasn't your yak that changed swum ?
SRC	hasn't my vulture who has giggled waited ?	hasn't my vulture who giggled waited ?
SRC	hasn't our yak that has waited swum ?	has our yak that waited waited swum ?
SRC	hasn't the raven who has eaten eaten ?	hasn't the raven who eaten eaten ?
SRC	has some peacock who hasn't giggled waited ?	hasn't some peacock who giggled ? waited ?
SRC	has your vulture who some raven hasn't amused giggled ?	hasn't your vulture who some raven amused has giggled ?
SRC	hasn't my xylophone that the quail has comforted moved ?	has my xylophone that the quail comforted moved ?
SRC	has our vulture who the peacock hasn't accepted giggled ?	hasn't our vulture who the peacock accepted has giggled ?
SRC	have your quails who the peacocks haven't admired waited ?	haven't your quails who the peacocks admired have waited ?
SRC	has my orangutan who my salamander hasn't applauded changed ?	hasn't my orangutan who my salamander applauded has changed ?
SRC	has the zebra who hasn't confused our walruses accepted some quail ?	hasn't the zebra who our walruses has accepted some quail ? ?
SRC	hasn't my vulture that has applauded her newts remembered her orangutan ?	has my vulture that applauded her newts remembered her orangutan ? ?
SRC	have her peacocks who some tyrannosauruses haven't admired annoyed her zebras ?	haven't her peacocks who some tyrannosauruses admired her annoyed her zebras ?
SRC	have some salamanders who her salamanders haven't entertained applauded my peacock ?	haven't some salamanders who her salamanders entertained have applauded my peacock ?
SRC	have your tyrannosauruses who our walruses haven't confused entertained my raven ?	haven't your tyrannosauruses who our walruses confused have entertained my raven ?
SRC	have our newts that some newts haven't entertained amused my unicorn ?	haven't our newts that some newts entertained have amused my unicorn ?
SRC	has our zebra that hasn't remembered your vultures admired our unicorns ?	hasn't our zebra that remembered your vultures admired our unicorns ? ?
SRC	has my vulture who my orangutan hasn't remembered applauded your tyrannosaurus ?	hasn't my vulture who my orangutan remembered has applauded your tyrannosaurus ?
SRC	hasn't our salamander that my yak has accepted confused my newts ?	has our salamander that my yak accepted hasn't confused my newts ?
SRC	haven't some walruses who have accepted our orangutans amused some vultures ?	have some walruses who our orangutans haven't amused some vultures ? ?
SRC	has my salamander that hasn't applauded some zebras entertained my yak around her unicorns ?	hasn't my salamander that applauded some zebras has entertained my yak around her unicorns ?
SRC	have our ravens that haven't accepted the unicorn annoyed some peacocks behind my walruses ?	haven't our ravens that the accepted the unicorn annoyed some peacocks behind my walruses ?
SRC	hasn't the zebra that has entertained our yaks comforted some yak behind her xylophone ?	has the zebra that our yaks yaks hasn't comforted some yak behind her xylophone ?
SRC	has your peacock that hasn't amused my ravens entertained her xylophone by some tyrannosaurus ?	hasn't your peacock that amused my ravens entertained her xylophone by some tyrannosaurus ?
SRC	haven't my unicorns that have amused some zebra remembered her yak behind our quails ?	have my unicorns that amused some zebra remembered her yak behind our quails ?
SRC	haven't the quails that have confused your walrus waited ?	have the quails that your confused your waited ? ?
SRC	have some orangutans that my quails haven't annoyed changed ?	haven't some orangutans that my quails annoyed have changed ?
SRC	have the yaks that my vultures haven't entertained read ?	haven't the yaks that my vultures entertained have read ?
SRC	have some salamanders who haven't amused my newts read ?	haven't some salamanders who my amused my newts read ?
SRC	hasn't my newt who has confused her ravens slept ?	has my newt who her confused her slept ? ?
SRC	haven't my salamanders who have entertained your zebras moved ?	have my salamanders who your entertained your moved ? ?
SRC	haven't her vultures who our quails have annoyed eaten ?	have her vultures who our quails annoyed eaten ?
SRC	haven't her tyrannosauruses that have remembered our ravens moved ?	have her tyrannosauruses that remembered our ravens haven't moved ?
SRC	haven't some tyrannosauruses who have accepted some walrus moved ?	have some tyrannosauruses who some accepted some moved ?
SRC	has her xylophone that hasn't amused some peacock read ?	hasn't her xylophone that amused some peacock has read ?
SRC	has some raven who hasn't eaten smiled ?	hasn't some raven who eaten eaten ?
SRC	has my newt that hasn't smiled swum ?	hasn't my newt that smiled smiled swum ?
SRC	have my vultures that haven't waited swum ?	haven't my vultures that have swum ?
SRC	haven't our quails that have slept read ?	have our quails that have read ?
SRC	hasn't your tyrannosaurus that has giggled smiled ?	has your tyrannosaurus that giggled smiled ?
SRC	hasn't the unicorn that has slept annoyed my yak by your tyrannosaurus ?	has the unicorn that slept annoyed my yak by your tyrannosaurus by your tyrannosaurus
SRC	hasn't some orangutan who has eaten applauded our ravens upon her walrus ?	hasn't some orangutan who eaten eaten applauded our ravens upon her walrus ?
SRC	haven't some peacocks who have read applauded some unicorns around her yaks ?	have some peacocks who haven't applauded some unicorns around her yaks around her yaks
SRC	have her ravens that haven't giggled accepted my quail by my walruses ?	haven't her ravens that giggled accepted my quail by my walruses by my ?
SRC	have some yaks that haven't moved confused some newts above her yak ?	haven't some yaks that moved moved some newts above her yak above ?
SRC	haven't your quails who have comforted the zebras swum ?	have your quails who the comforted the swum ? ?
SRC	have some vultures who the newts haven't admired moved ?	haven't some vultures who the newts admired have moved ?
SRC	have some orangutans that haven't confused her xylophones giggled ?	haven't some orangutans that her xylophones xylophones have giggled ?
SRC	haven't your orangutans who some tyrannosauruses have annoyed eaten ?	have your orangutans who some tyrannosauruses annoyed eaten ?
SRC	hasn't my xylophone who has comforted your quail read ?	has my xylophone who your quail your quail read ?
SRC	haven't the peacocks who have accepted your peacocks changed ?	have the peacocks who your peacocks your peacocks haven't changed ?
SRC	have the yaks that haven't amused our orangutans smiled ?	haven't the yaks that our amused our orangutans smiled ?
SRC	haven't some unicorns who have accepted your vultures swum ?	have some unicorns who your vultures accepted haven't swum ?
SRC	have your xylophones that some vultures haven't accepted read ?	haven't your xylophones that some vultures accepted have read ?
SRC	has my orangutan that hasn't admired my xylophone giggled ?	hasn't my orangutan that admired my xylophone has giggled ?
SRC	has her newt that her walrus hasn't admired eaten ?	hasn't her newt that her walrus admired has eaten ?
SRC	has some xylophone who some unicorn hasn't amused smiled ?	hasn't some xylophone who some unicorn amused has smiled ?
SRC	have your tyrannosauruses that the yaks haven't entertained read ?	haven't your tyrannosauruses that the yaks entertained have read ?
SRC	has her salamander that your vulture hasn't amused slept ?	hasn't her salamander that your vulture amused has slept ?
SRC	haven't your orangutans who have entertained your xylophones changed ?	have your orangutans who your xylophones entertained haven't changed ?
SRC	have her xylophones that some newts haven't applauded waited ?	haven't her xylophones that some newts applauded have waited ?
SRC	have your peacocks who her tyrannosauruses haven't comforted eaten ?	haven't your peacocks who her tyrannosauruses comforted eaten ?
SRC	has some quail who hasn't admired my zebras smiled ?	hasn't some quail who my zebras my has smiled ?
SRC	haven't her unicorns that your tyrannosauruses have confused eaten ?	have her unicorns that your tyrannosauruses confused eaten ?
SRC	has the yak that hasn't remembered some tyrannosauruses waited ?	hasn't the yak that remembered some tyrannosauruses has waited ?
SRC	have your xylophones that our walruses haven't admired smiled ?	haven't your xylophones that our walruses admired have smiled ?
SRC	hasn't the quail that has accepted her tyrannosauruses read ?	has the quail that accepted her tyrannosauruses hasn't read ?
SRC	have my newts that haven't changed applauded her peacock ?	haven't my newts that changed applauded applauded her peacock ?
SRC	hasn't my quail who has eaten amused some unicorn ?	has my quail who eaten eaten amused some unicorn ?
SRC	has the walrus who hasn't read confused my vulture ?	hasn't the walrus who read confused my vulture ? ?
SRC	hasn't my salamander who has read eaten ?	hasn't my salamander who has eaten ?
SRC	has the walrus who hasn't read eaten ?	hasn't the walrus who read eaten ?
SRC	hasn't some salamander that has changed swum ?	has some salamander that changed swum ?
SRC	hasn't your vulture that has moved giggled ?	has your vulture that moved moved ?
SRC	hasn't her peacock who has moved smiled ?	hasn't her peacock who moved moved ?
SRC	haven't some walruses who have smiled applauded some peacocks upon your tyrannosauruses ?	have some walruses who smiled applauded applauded some peacocks upon your tyrannosauruses ?
SRC	has my unicorn that hasn't eaten comforted our zebras behind some walrus ?	hasn't my unicorn that eaten eaten ? our zebras behind some walrus ?
SRC	have our zebras who haven't annoyed my peacock confused her tyrannosauruses ?	haven't our zebras who annoyed my peacock confused her confused her tyrannosauruses ?
SRC	has some peacock who your yak hasn't entertained comforted the ravens ?	hasn't some peacock who your yak entertained has comforted the ravens ? ?
SRC	haven't your ravens who your ravens have confused entertained your orangutan ?	have your ravens who your ravens confused entertained your orangutan ? ?
SRC	hasn't my tyrannosaurus that the zebra has accepted swum ?	has my tyrannosaurus that the zebra accepted hasn't swum ?
SRC	hasn't my quail that has remembered the xylophone smiled ?	has my quail that remembered the xylophone hasn't smiled ?
SRC	has some xylophone who some walrus hasn't comforted moved ?	hasn't some xylophone who some walrus comforted has moved ?
SRC	has the zebra who hasn't admired my walruses smiled ?	hasn't the zebra who my walruses my smiled ? ?
SRC	has our peacock that hasn't accepted her ravens changed ?	hasn't our peacock that accepted her ravens has changed ?
SRC	hasn't her peacock who has read applauded the newts ?	hasn't her peacock who has applauded the newts ? ?
SRC	hasn't the newt who our xylophone has amused smiled ?	has the newt who our xylophone amused hasn't smiled ?
SRC	hasn't her raven who has accepted your xylophones giggled ?	has her raven who your xylophones xylophones giggled ? ?
SRC	hasn't the tyrannosaurus that has comforted our walrus eaten ?	has the tyrannosaurus that our comforted our walrus eaten ?
SRC	hasn't some walrus who has annoyed our raven slept ?	has some walrus who annoyed our raven hasn't slept ?
SRC	hasn't some xylophone who the raven has remembered slept ?	has some xylophone who the raven remembered hasn't slept ?
SRC	have the walruses who your unicorns haven't remembered smiled ?	haven't the walruses who your unicorns remembered have smiled ?
SRC	has her peacock that your xylophone hasn't confused slept ?	hasn't her peacock that your xylophone confused has slept ?
SRC	haven't her quails who have confused my newts swum ?	have her quails who my newts newts haven't swum ?
SRC	has the salamander who the tyrannosaurus hasn't accepted moved ?	hasn't the salamander who the tyrannosaurus accepted has moved ?
SRC	hasn't the salamander who has admired the orangutan entertained my tyrannosauruses above the newt ?	has the salamander who the orangutan the orangutan entertained my tyrannosauruses above the newt ?
SRC	hasn't our salamander who has confused her newt amused your orangutan near the orangutan ?	has our salamander who her confused her newt amused your orangutan near the orangutan ?
SRC	haven't my tyrannosauruses that the tyrannosauruses have admired applauded my walrus upon the salamander ?	have my tyrannosauruses that the tyrannosauruses admired applauded my walrus upon the salamander ?
SRC	have your walruses who haven't amused our peacock accepted her peacocks by the vulture ?	haven't your walruses who our amused our peacock accepted her peacocks by the vulture ?
SRC	hasn't our vulture who has accepted my xylophones applauded her zebra near your quail ?	has our vulture who my xylophones accepted hasn't applauded her zebra near your quail ?
SRC	has some tyrannosaurus who our walrus hasn't admired slept ?	hasn't some tyrannosaurus who our walrus admired has slept ?
SRC	haven't her yaks who my unicorns have remembered eaten ?	have her yaks who my unicorns remembered eaten ?
SRC	have her tyrannosauruses who haven't changed amused some walruses ?	haven't her tyrannosauruses who changed amused some walruses ? ?
SRC	haven't her peacocks who have remembered your ravens swum ?	have her peacocks who your ravens your swum ? ?
SRC	haven't my ravens that have annoyed her xylophones moved ?	have my ravens that annoyed her xylophones haven't moved ?
SRC	haven't her yaks that have changed slept ?	have her yaks that changed slept ?
SRC	has the peacock who hasn't smiled slept ?	hasn't the peacock who smiled ? slept ?
SRC	have her vultures who haven't read moved ?	haven't her vultures who have moved ?
SRC	has your tyrannosaurus who hasn't slept giggled ?	hasn't your tyrannosaurus who slept giggled ?
SRC	haven't her quails that have swum smiled ?	have her quails that swum smiled ?
SRC	has the orangutan who my quail hasn't entertained smiled ?	hasn't the orangutan who my quail entertained has smiled ?
SRC	have some salamanders who my quails haven't remembered changed ?	haven't some salamanders who my quails remembered have changed ?
SRC	hasn't your unicorn who has waited admired my salamander ?	hasn't your unicorn who has admired my salamander ? ?
SRC	have her walruses who our peacocks haven't remembered giggled ?	haven't her walruses who our peacocks remembered have giggled ?
SRC	haven't your zebras that have remembered some xylophones giggled ?	have your zebras that have some xylophones haven't giggled ?
SRC	have the walruses that haven't moved annoyed some peacocks ?	haven't the walruses that moved moved annoyed some peacocks ?
SRC	has the quail that hasn't entertained our vultures waited ?	hasn't the quail that our entertained our vultures ? ?
SRC	has your unicorn that hasn't amused our orangutans changed ?	hasn't your unicorn that our amused our orangutans changed ?
SRC	hasn't her unicorn who has slept admired your xylophone ?	hasn't her unicorn who slept admired your xylophone ? ?
SRC	haven't her quails who your tyrannosauruses have accepted smiled ?	have her quails who your tyrannosauruses accepted haven't smiled ?
SRC	have some walruses who haven't confused my vulture annoyed some tyrannosaurus upon your ravens ?	haven't some walruses who my vulture vulture have annoyed some tyrannosaurus upon your ravens ?
SRC	hasn't her tyrannosaurus who her orangutan has entertained remembered her peacock above our salamanders ?	has her tyrannosaurus who her orangutan entertained hasn't remembered her peacock above our salamanders ?
SRC	have your quails who her newts haven't admired amused our unicorns around our orangutan ?	haven't your quails who her newts admired have amused our unicorns around our orangutan ?
SRC	hasn't some yak that our salamander has applauded entertained some peacock near my salamander ?	has some yak that our salamander applauded some entertained some peacock near my salamander ?
SRC	haven't our vultures that her vultures have comforted remembered my raven by some newts ?	have our vultures that her vultures comforted remembered my raven by some newts by some newts
SRC	has the vulture that hasn't accepted the zebra slept ?	hasn't the vulture that the accepted the zebra slept ?
SRC	haven't some ravens who our salamanders have entertained swum ?	have some ravens who our salamanders entertained haven't swum ?
SRC	has the newt that hasn't amused your zebra slept ?	hasn't the newt that amused your zebra has slept ?
SRC	haven't my unicorns that some yaks have remembered read ?	have my unicorns that some yaks remembered haven't read ?
SRC	hasn't some unicorn who has entertained my walruses giggled ?	has some unicorn who my walruses my hasn't giggled ?
SRC	have her orangutans who haven't giggled applauded her newts near some tyrannosaurus ?	haven't her orangutans who giggled applauded her newts near some newts near some ?
SRC	have our unicorns who haven't read admired her quail below her orangutan ?	haven't our unicorns who read admired her quail below her quail below ?
SRC	hasn't my yak who has waited confused some salamander above my yak ?	hasn't my yak who has confused some salamander above my yak above my yak
SRC	have my ravens who haven't smiled accepted her yaks above the salamander ?	haven't my ravens who smiled accepted her yaks above the salamander ? ?
SRC	haven't our zebras who have swum comforted our zebras near some unicorn ?	have our zebras who have comforted our zebras near some zebras ? ?
SRC	has the tyrannosaurus who the yak hasn't entertained giggled ?	hasn't the tyrannosaurus who the yak entertained has giggled ?
SRC	has some peacock who the zebra hasn't accepted smiled ?	hasn't some peacock who the zebra accepted has smiled ?
SRC	hasn't her salamander who has applauded her zebra slept ?	has her salamander who applauded her zebra slept ? ?
SRC	has your xylophone that hasn't giggled confused your xylophones ?	hasn't your xylophone that giggled confused your xylophones ? ?
SRC	hasn't the xylophone who your peacock has accepted giggled ?	has the xylophone who your peacock accepted hasn't giggled ?
SRC	has her orangutan who hasn't slept entertained her walruses by the peacocks ?	hasn't her orangutan who has entertained her walruses by the walruses by the ?
SRC	hasn't the tyrannosaurus who has smiled annoyed our xylophones below the unicorn ?	hasn't the tyrannosaurus who smiled annoyed our xylophones below the unicorn ? ?
SRC	have my newts that haven't giggled admired my xylophones above her newt ?	haven't my newts that giggled admired my xylophones above her xylophones ? ?
SRC	haven't her unicorns who have swum comforted my unicorns by our quails ?	have her unicorns who have comforted comforted my unicorns by our quails ?
SRC	hasn't some zebra who has changed annoyed your vultures with the tyrannosaurus ?	hasn't some zebra who changed annoyed your vultures with the tyrannosaurus with ?
SRC	have our unicorns who the zebras haven't admired giggled ?	haven't our unicorns who the zebras admired have giggled ?
SRC	haven't our walruses that have confused her ravens giggled ?	have our walruses that her confused her giggled ? ?
SRC	has the raven that my orangutan hasn't confused read ?	hasn't the raven that my orangutan confused has read ?
SRC	has my quail that hasn't comforted the raven giggled ?	hasn't my quail that comforted the raven has giggled ?
SRC	has our tyrannosaurus who hasn't swum annoyed her vultures ?	hasn't our tyrannosaurus who swum annoyed her vultures ? ?
SRC	have our tyrannosauruses that my yaks haven't remembered remembered your newt upon her unicorns ?	haven't our tyrannosauruses that my yaks remembered remembered your newt upon her unicorns ?
SRC	has the newt who hasn't accepted some vulture annoyed your zebras behind your zebras ?	hasn't the newt who some vulture accepted her annoyed your zebras behind your zebras ?
SRC	hasn't her yak who has annoyed our vultures amused the xylophone behind our walrus ?	has her yak who our vultures amused hasn't amused the xylophone behind our walrus ?
SRC	has the orangutan that hasn't accepted your ravens entertained the unicorns with some orangutan ?	hasn't the orangutan that your accepted your has entertained the unicorns with some orangutan ?
SRC	hasn't your unicorn who has confused your walruses applauded her zebra upon the quail ?	has your unicorn who your walruses your walruses hasn't applauded her zebra upon the quail ?
SRC	have our walruses that haven't giggled amused her xylophone upon our zebras ?	haven't our walruses that giggled amused her xylophone upon our xylophone ? ?
SRC	have some yaks that haven't smiled amused your orangutans with your unicorns ?	haven't some yaks that smiled smiled amused your orangutans with your unicorns ?
SRC	have my yaks who haven't read entertained your peacocks by the vulture ?	haven't my yaks who have entertained your peacocks by the vulture ? ?
SRC	has the newt who hasn't moved confused your tyrannosauruses below our yak ?	hasn't the newt who moved moved your tyrannosauruses below our yak below ?
SRC	haven't her orangutans that have giggled remembered the walruses upon my xylophone ?	have her orangutans that giggled remembered the walruses upon my walruses ? ?
SRC	have some quails that the quails haven't entertained remembered her salamander ?	haven't some quails that the quails entertained have remembered her salamander ?
SRC	have the zebras that my salamanders haven't confused amused your salamanders ?	haven't the zebras that my salamanders confused have amused your salamanders ?
SRC	hasn't the newt that has confused my yak confused her tyrannosauruses ?	has the newt that my confused my yak confused her tyrannosauruses ?
SRC	has her orangutan who hasn't comforted our xylophones confused some unicorn ?	hasn't her orangutan who our xylophones our has confused some unicorn ?
SRC	hasn't her raven that our peacock has confused entertained my vulture ?	has her raven that our peacock confused hasn't entertained my vulture ?
SRC	has my orangutan that my vulture hasn't accepted eaten ?	hasn't my orangutan that my vulture accepted has eaten ?
SRC	hasn't your orangutan who has entertained our tyrannosauruses swum ?	has your orangutan who our tyrannosauruses hasn't swum ?
SRC	has my yak that hasn't changed confused my tyrannosaurus ?	hasn't my yak that changed confused my tyrannosaurus ? ?
SRC	hasn't some salamander who has confused some vulture changed ?	has some salamander who some vulture vulture hasn't changed ?
SRC	haven't our yaks who our walruses have applauded slept ?	have our yaks who our walruses applauded haven't slept ?
SRC	have the xylophones who haven't slept moved ?	haven't the xylophones who slept moved ?
SRC	have the newts that haven't giggled read ?	haven't the newts that giggled read ?
SRC	hasn't the zebra that has swum giggled ?	has the zebra that swum giggled giggled ?
SRC	has your zebra that hasn't eaten slept ?	hasn't your zebra that eaten eaten ?
SRC	haven't the zebras who have moved giggled ?	have the zebras who moved moved ?
SRC	hasn't her xylophone that has amused my vultures read ?	has her xylophone that amused my vultures read ? ?
SRC	hasn't our raven who has comforted her peacock waited ?	has our raven who comforted her peacock waited ?
SRC	have my peacocks who haven't annoyed her vultures swum ?	haven't my peacocks who her annoyed her swum ? ?
SRC	have the unicorns that her salamanders haven't admired smiled ?	haven't the unicorns that her salamanders admired have smiled ?
SRC	have your ravens who some newts haven't comforted slept ?	haven't your ravens who some newts comforted slept ? ?
SRC	haven't my salamanders who have applauded some xylophones amused our orangutan ?	have my salamanders who applauded some xylophones amused our orangutan ? ?
SRC	haven't the newts who have confused her orangutan confused the vulture ?	have the newts who her orangutan confused the confused the vulture ?
SRC	hasn't our zebra who has admired your unicorns entertained the ravens ?	has our zebra who your unicorns your entertained hasn't entertained the ravens ?
SRC	hasn't your unicorn who has comforted her newt entertained my orangutan ?	has your unicorn who her comforted her entertained hasn't entertained my orangutan ?
SRC	has the zebra that some vulture hasn't confused annoyed your vulture ?	hasn't the zebra that some vulture confused has annoyed your vulture ?
SRC	has the raven who hasn't slept comforted her tyrannosauruses above the yak ?	hasn't the raven who has comforted her tyrannosauruses above the tyrannosauruses above ?
SRC	have her peacocks who haven't changed annoyed the tyrannosaurus around your zebra ?	haven't her peacocks who changed annoyed the tyrannosaurus the tyrannosaurus around your zebra ?
SRC	hasn't my salamander that has eaten remembered your salamanders near her quail ?	has my salamander that eaten eaten remembered your salamanders near her quail ?
SRC	have her zebras that haven't moved comforted the salamanders below our xylophone ?	haven't her zebras that moved ? comforted the salamanders below our xylophone ?
SRC	has some xylophone who hasn't giggled annoyed my tyrannosaurus above her unicorns ?	hasn't some xylophone who giggled annoyed my tyrannosaurus above her tyrannosaurus above ?
SRC	have your vultures that some unicorns haven't comforted accepted our peacocks by her tyrannosaurus ?	haven't your vultures that some unicorns comforted accepted our peacocks by her tyrannosaurus ?
SRC	hasn't some yak that has amused your raven accepted my yaks around some zebra ?	has some yak that amused your raven hasn't accepted my yaks around some zebra ?
SRC	have some peacocks that her tyrannosauruses haven't comforted entertained her orangutan upon my newt ?	haven't some peacocks that her tyrannosauruses comforted her orangutan entertained her orangutan upon my newt ?
SRC	hasn't her raven who my newt has remembered admired my peacock by some raven ?	has her raven who my newt remembered hasn't admired my peacock by some raven ?
SRC	haven't your tyrannosauruses who have accepted her xylophones amused some salamander below your salamanders ?	have your tyrannosauruses who her xylophones accepted some amused some salamander below your salamanders ?
SRC	haven't her zebras who have eaten eaten ?	have her zebras who eaten eaten eaten ?
SRC	hasn't your tyrannosaurus that has giggled slept ?	has your tyrannosaurus that giggled slept ?
SRC	hasn't some salamander who has slept swum ?	hasn't some salamander who slept swum ?
SRC	has her zebra who hasn't giggled eaten ?	hasn't her zebra who giggled eaten ?
SRC	have the newts that haven't slept giggled ?	haven't the newts that have giggled ?
SRC	haven't my ravens that have eaten remembered our peacock above her tyrannosaurus ?	have my ravens that eaten eaten remembered our peacock above her tyrannosaurus ?
SRC	hasn't the tyrannosaurus that has read annoyed our newt above our walruses ?	hasn't the tyrannosaurus that has annoyed our newt above our walruses above ?
SRC	hasn't my raven who has swum entertained the yak around some newts ?	has my raven who swum entertained the yak around some around some newts ?
SRC	have some orangutans who haven't swum accepted my walrus above your newts ?	haven't some orangutans who have accepted my walrus above your walrus above ?
SRC	have the xylophones who haven't smiled amused your newt behind the tyrannosauruses ?	haven't the xylophones who smiled smiled amused your newt behind the tyrannosauruses ?
SRC	hasn't your raven that has read swum ?	hasn't your raven that has swum ?
SRC	has our salamander who hasn't eaten read ?	hasn't our salamander who eaten eaten ?
SRC	haven't her zebras that have smiled changed ?	have her zebras that smiled smiled changed ?
SRC	has the newt who hasn't waited eaten ?	hasn't the newt who has eaten ?
SRC	have the quails who haven't swum read ?	haven't the quails who have read ?
SRC	hasn't the raven who has slept waited ?	hasn't the raven who slept waited ?
SRC	have our salamanders that haven't moved eaten ?	haven't our salamanders that moved ? eaten ?
SRC	has our newt who hasn't eaten giggled ?	hasn't our newt who eaten eaten ?
SRC	have her salamanders who haven't waited eaten ?	haven't her salamanders who have eaten ?
SRC	have your zebras who haven't changed changed ?	haven't your zebras who changed changed changed ?
SRC	have my vultures who some peacocks haven't annoyed eaten ?	haven't my vultures who some peacocks annoyed have eaten ?
SRC	has my orangutan who my zebra hasn't accepted slept ?	hasn't my orangutan who my zebra accepted has slept ?
SRC	have our tyrannosauruses who haven't comforted the yak smiled ?	haven't our tyrannosauruses who comforted the yak have smiled ?
SRC	haven't her yaks that have accepted some ravens waited ?	have her yaks that some ravens accepted haven't waited ?
SRC	have our xylophones that haven't read applauded some unicorn ?	haven't our xylophones that have applauded some unicorn ? ?
SRC	hasn't my vulture who has amused my tyrannosaurus confused the walruses ?	has my vulture who my amused my tyrannosaurus hasn't confused the walruses ?
SRC	haven't her xylophones who your walruses have admired confused her xylophone ?	have her xylophones who your walruses admired haven't confused her xylophone ?
SRC	has your zebra who the quail hasn't applauded applauded the orangutans ?	hasn't your zebra who the quail applauded applauded the orangutans ? ?
SRC	haven't our yaks that some newts have applauded admired our xylophone ?	have our yaks that some newts applauded haven't admired our xylophone ?
SRC	have our newts that the tyrannosauruses haven't amused accepted your quails ?	haven't our newts that the tyrannosauruses amused have accepted your quails ?
SRC	haven't the walruses that have annoyed your raven smiled ?	have the walruses that your annoyed your smiled ? ?
SRC	have your vultures that haven't confused the newts giggled ?	haven't your vultures that the confused the newts giggled ?
SRC	have the orangutans that haven't comforted my unicorn moved ?	haven't the orangutans that comforted my unicorn moved ? ?
SRC	have my salamanders that haven't comforted my salamanders moved ?	haven't my salamanders that comforted my salamanders have moved ?
SRC	hasn't my unicorn who has admired her ravens eaten ?	has my unicorn who her ravens her eaten ?
SRC	has your raven who hasn't admired your peacock changed ?	hasn't your raven who your peacock admired has changed ?
SRC	has the vulture who hasn't slept accepted my unicorns ?	hasn't the vulture who slept accepted my unicorns ? ?
SRC	haven't my peacocks who have applauded some tyrannosauruses slept ?	have my peacocks who some tyrannosauruses tyrannosauruses haven't slept ?
SRC	haven't your orangutans who have admired her walrus changed ?	have your orangutans who her walrus haven't changed ?
SRC	has our yak who hasn't swum read ?	hasn't our yak who swum read ? ? ?
SRC	hasn't our zebra that has comforted the unicorns eaten ?	has our zebra that comforted the unicorns eaten ?
SRC	has her xylophone who hasn't swum admired some peacocks ?	hasn't her xylophone who swum admired some peacocks ? ?
SRC	haven't my yaks that have accepted the vulture slept ?	have my yaks that the accepted the vulture slept ?
SRC	hasn't her yak who has slept remembered our xylophone ?	hasn't her yak who slept remembered our xylophone ? ?
SRC	hasn't my xylophone who has confused my newt giggled ?	has my xylophone who my newt my newt giggled ?
SRC	haven't some yaks that have read accepted my orangutans ?	have some yaks that haven't accepted my orangutans ? ?
SRC	haven't the unicorns that her quails have applauded waited ?	have the unicorns that her quails applauded haven't waited ?
SRC	have my peacocks that my quails haven't amused giggled ?	haven't my peacocks that my quails amused have giggled ?
SRC	hasn't your quail who the vulture has applauded swum ?	has your quail who the vulture applauded hasn't swum ?
SRC	hasn't the raven who our salamander has annoyed swum ?	has the raven who our salamander annoyed swum ?
SRC	haven't your peacocks that have changed slept ?	have your peacocks that have slept ?
SRC	haven't the peacocks that have changed read ?	have the peacocks that have read ?
SRC	have our xylophones who haven't changed swum ?	haven't our xylophones who changed swum ?
SRC	have our salamanders who haven't eaten waited ?	haven't our salamanders who eaten eaten ?
SRC	have the newts that haven't eaten swum ?	haven't the newts that eaten eaten ?
SRC	has the quail who hasn't smiled changed ?	hasn't the quail who smiled ? changed ?
SRC	have your newts who haven't smiled read ?	haven't your newts who smiled smiled ?
SRC	hasn't the newt that has swum read ?	has the newt that swum read ?
SRC	haven't her quails that have waited eaten ?	have her quails that have eaten ?
SRC	haven't your walruses that have moved slept ?	have your walruses that haven't slept ?
SRC	hasn't my vulture that has remembered the unicorns eaten ?	has my vulture that remembered the unicorns eaten ?
SRC	haven't my xylophones that have swum confused our quail ?	have my xylophones that swum confused our quail ? ?
SRC	haven't your vultures that have eaten comforted my yak ?	have your vultures that eaten eaten eaten ? ?
SRC	haven't some newts who some peacocks have admired giggled ?	have some newts who some peacocks admired giggled ? ?
SRC	has the walrus that hasn't smiled amused your newt ?	hasn't the walrus that smiled smiled amused your newt ?
SRC	have some tyrannosauruses that haven't confused her vultures admired the ravens upon the yaks ?	haven't some tyrannosauruses that her confused her admired the ravens upon the yaks ?
SRC	have her unicorns that haven't applauded my newt entertained our quails behind the orangutans ?	haven't her unicorns that applauded my newt have entertained our quails behind the orangutans ?
SRC	hasn't her peacock who has comforted your quail comforted our orangutan with your quail ?	has her peacock who your quail comforted our comforted our orangutan with your quail ?
SRC	has my peacock that hasn't admired your peacocks confused our ravens below our vulture ?	hasn't my peacock that your peacocks admired has confused our ravens below our vulture ?
SRC	hasn't our quail who has applauded her zebra applauded your newt near your tyrannosauruses ?	has our quail who applauded her zebra applauded your newt near your tyrannosauruses near your tyrannosauruses
SRC	have our xylophones that haven't confused our yak slept ?	haven't our xylophones that confused our yak have slept ?
SRC	hasn't our raven that her orangutan has entertained read ?	has our raven that her orangutan entertained hasn't read ?
SRC	has your vulture who hasn't eaten admired our yaks ?	hasn't your vulture who eaten eaten admired our yaks ?
SRC	haven't your vultures that the tyrannosauruses have confused swum ?	have your vultures that the tyrannosauruses confused swum ?
SRC	haven't the walruses who her salamanders have annoyed slept ?	have the walruses who her salamanders annoyed haven't slept ?
SRC	hasn't some newt that has waited moved ?	hasn't some newt that has moved ?
SRC	have my vultures that haven't changed moved ?	haven't my vultures that changed moved ?
SRC	have her salamanders who haven't read waited ?	haven't her salamanders who have waited waited ?
SRC	hasn't the tyrannosaurus that has smiled swum ?	hasn't the tyrannosaurus that smiled smiled swum ?
SRC	hasn't my newt who has smiled eaten ?	hasn't my newt who smiled smiled eaten ?
SRC	hasn't her salamander who the unicorn has annoyed swum ?	has her salamander who the unicorn annoyed hasn't swum ?
SRC	haven't her peacocks that have applauded our xylophone read ?	have her peacocks that applauded our xylophone haven't read ?
SRC	hasn't my vulture who the peacock has confused giggled ?	has my vulture who the peacock confused hasn't giggled ?
SRC	hasn't some raven who our yak has entertained waited ?	has some raven who our yak entertained hasn't waited ?
SRC	hasn't our salamander who has remembered your orangutan eaten ?	has our salamander who your orangutan orangutan hasn't eaten ?
SRC	hasn't her newt that has giggled giggled ?	has her newt that giggled giggled giggled ?
SRC	hasn't my vulture that has changed waited ?	has my vulture that changed waited ?
SRC	haven't some unicorns who have eaten smiled ?	have some unicorns who eaten eaten ?
SRC	have some ravens that haven't changed giggled ?	haven't some ravens that changed giggled ?
SRC	have your peacocks who haven't giggled giggled ?	haven't your peacocks who giggled giggled giggled ?
SRC	haven't our peacocks who have giggled giggled ?	have our peacocks who giggled giggled giggled ?
SRC	haven't our tyrannosauruses who have moved smiled ?	have our tyrannosauruses who moved moved ?
SRC	hasn't your vulture who has waited smiled ?	hasn't your vulture who has smiled ? ?
SRC	hasn't her raven who has swum eaten ?	has her raven who swum eaten ?
SRC	haven't our ravens that have giggled waited ?	have our ravens that giggled waited waited ?
SRC	haven't our peacocks who have changed applauded our yak ?	have our peacocks who changed applauded our yak our yak ?
SRC	haven't her salamanders that have remembered my unicorn slept ?	have her salamanders that remembered my unicorn haven't slept ?
SRC	have our newts that haven't comforted our newt smiled ?	haven't our newts that our comforted our smiled ? ?
SRC	has our tyrannosaurus that hasn't applauded my walruses swum ?	hasn't our tyrannosaurus that applauded my walruses has swum ?
SRC	have your xylophones that haven't comforted some tyrannosaurus moved ?	haven't your xylophones that some comforted some tyrannosaurus moved ?
SRC	has her unicorn who my salamander hasn't comforted waited ?	hasn't her unicorn who my salamander comforted has waited ?
SRC	hasn't the newt that some salamander has remembered waited ?	has the newt that some salamander remembered hasn't waited ?
SRC	hasn't your zebra that has entertained some raven giggled ?	has your zebra that some entertained some giggled ? ?
SRC	has our salamander that hasn't accepted some yaks slept ?	hasn't our salamander that some accepted some slept ? ?
SRC	have some peacocks who haven't changed accepted my orangutans ?	haven't some peacocks who changed accepted my orangutans ? ?
SRC	hasn't the newt that has smiled read ?	hasn't the newt that smiled smiled ?
SRC	haven't her salamanders that have eaten giggled ?	have her salamanders that eaten eaten eaten ?
SRC	has our xylophone that hasn't changed swum ?	hasn't our xylophone that changed swum ?
SRC	haven't our zebras that have eaten waited ?	have our zebras that eaten eaten ?
SRC	has her yak who hasn't waited giggled ?	hasn't her yak who has giggled ?
SRC	haven't some ravens that your zebras have admired swum ?	have some ravens that your zebras admired haven't swum ?
SRC	have my walruses that your peacocks haven't admired read ?	haven't my walruses that your peacocks admired admired ? ?
SRC	hasn't our vulture who some tyrannosaurus has remembered moved ?	has our vulture who some tyrannosaurus remembered hasn't moved ?
SRC	hasn't our zebra who your newt has accepted swum ?	has our zebra who your newt accepted hasn't swum ?
SRC	haven't her walruses who my vultures have accepted moved ?	have her walruses who my vultures accepted haven't moved ?
SRC	have our yaks that my salamanders haven't applauded waited ?	haven't our yaks that my salamanders applauded applauded ? ?
SRC	haven't my xylophones who have annoyed some raven eaten ?	have my xylophones who some raven raven eaten ?
SRC	has our unicorn who hasn't swum remembered your tyrannosauruses ?	hasn't our unicorn who swum remembered your tyrannosauruses ? ?
SRC	has the newt that my salamander hasn't remembered swum ?	hasn't the newt that my salamander remembered has swum ?
SRC	have our xylophones that haven't entertained some yaks smiled ?	haven't our xylophones that some entertained some yaks smiled ?
SRC	hasn't our tyrannosaurus that has changed admired our peacock around my newts ?	has our tyrannosaurus that changed admired our peacock around my newts around ?
SRC	hasn't my raven who has changed confused your walrus upon some salamanders ?	hasn't my raven who changed confused your walrus upon some walrus ? ?
SRC	haven't my peacocks who have eaten accepted your tyrannosauruses behind the salamanders ?	have my peacocks who eaten eaten accepted your tyrannosauruses behind the salamanders ?
SRC	haven't my unicorns that have read entertained your walrus below your xylophone ?	have my unicorns that have entertained your walrus below your xylophone ? ?
SRC	haven't our unicorns who have slept remembered her tyrannosauruses by her unicorns ?	have our unicorns who slept remembered her tyrannosauruses by her tyrannosauruses by her unicorns
SRC	haven't her zebras that have remembered the raven eaten ?	have her zebras that remembered the raven haven't eaten ?
SRC	haven't her newts that have swum comforted the xylophones ?	have her newts that have comforted the xylophones ? ?
SRC	has her zebra who her xylophone hasn't admired smiled ?	hasn't her zebra who her xylophone admired has smiled ?
SRC	haven't her yaks who some ravens have entertained read ?	have her yaks who some ravens entertained haven't read ?
SRC	has my peacock that hasn't accepted our yaks read ?	hasn't my peacock that accepted our yaks has read ?
SRC	have my salamanders who our orangutans haven't admired confused your newts ?	haven't my salamanders who our orangutans admired have confused your newts ?
SRC	have her yaks that haven't comforted my walrus comforted my vulture ?	haven't her yaks that comforted my walrus comforted my vulture ? ?
SRC	haven't your walruses who have accepted the newt moved ?	have your walruses who the accepted the moved ? ? ?
SRC	haven't her orangutans who your salamanders have applauded eaten ?	have her orangutans who your salamanders applauded our eaten ? ?
SRC	have our ravens who haven't comforted our unicorn read ?	haven't our ravens who our comforted our unicorn read ? ?
SRC	have some quails who haven't changed remembered some zebras ?	haven't some quails who changed remembered some zebras ? ?
SRC	have some yaks that haven't admired my walrus waited ?	haven't some yaks that admired my walrus waited ?
SRC	hasn't our yak who has smiled entertained my xylophones ?	hasn't our yak who smiled entertained my xylophones ? ?
SRC	has some vulture who your raven hasn't remembered moved ?	hasn't some vulture who your raven remembered has moved ?
SRC	have her vultures who her tyrannosauruses haven't amused read ?	haven't her vultures who her tyrannosauruses amused some read ?
SRC	hasn't my raven that has entertained your zebra read ?	has my raven that your zebra entertained hasn't read ?
SRC	haven't some unicorns that our yaks have applauded slept ?	have some unicorns that our yaks applauded haven't slept ?
SRC	hasn't the salamander who has amused some raven changed ?	has the salamander who some amused some raven changed ?
SRC	has the vulture who hasn't amused the zebra eaten ?	hasn't the vulture who the amused the zebra eaten ?
SRC	has her newt that some quail hasn't amused giggled ?	hasn't her newt that some quail amused has giggled ?
SRC	haven't our peacocks who your walruses have comforted amused your xylophones near her yaks ?	have our peacocks who your walruses comforted amused your xylophones near her yaks near her yaks
SRC	has our peacock that hasn't annoyed your yak applauded her xylophone around our peacock ?	hasn't our peacock that your yak has applauded her applauded her peacock around our peacock ?
SRC	have my peacocks who some quails haven't comforted entertained our orangutans below your yaks ?	haven't my peacocks who some quails comforted our entertained our orangutans below your yaks ?
SRC	hasn't her salamander who some peacock has confused entertained the salamander below your orangutan ?	has her salamander who some peacock confused hasn't entertained the salamander below your orangutan ?
SRC	has her quail who some walrus hasn't annoyed admired your zebra near her unicorns ?	hasn't her quail who some walrus annoyed admired your zebra near her unicorns ?
SRC	has the yak that hasn't entertained my yak annoyed my tyrannosauruses below our vulture ?	hasn't the yak that my entertained my has annoyed my tyrannosauruses below our vulture ?
SRC	haven't my tyrannosauruses who our peacocks have confused amused my yaks with our unicorn ?	have my tyrannosauruses who our peacocks confused amused my yaks with our unicorn ?
SRC	have my unicorns that your orangutans haven't entertained remembered the tyrannosaurus above some zebra ?	haven't my unicorns that your orangutans entertained have remembered the tyrannosaurus above some zebra ?
SRC	hasn't your zebra that has confused some quail confused some salamanders behind the raven ?	has your zebra that some confused some quail hasn't confused some raven behind the raven ?
SRC	has some raven that hasn't comforted my peacock annoyed our xylophone below some newt ?	hasn't some raven that comforted my peacock has annoyed our xylophone below some newt ?
SRC	has our newt that your vulture hasn't annoyed moved ?	hasn't our newt that your vulture annoyed annoyed ?
SRC	have her tyrannosauruses that haven't giggled entertained our yak ?	haven't her tyrannosauruses that giggled entertained our yak ?
SRC	hasn't the xylophone who has amused the ravens waited ?	has the xylophone who amused the ravens waited ?
SRC	hasn't your orangutan who your salamander has applauded changed ?	has your orangutan who your salamander applauded changed ?
SRC	hasn't the orangutan who has slept annoyed her xylophone ?	hasn't the orangutan who slept annoyed her xylophone ?
SRC	has our quail who hasn't entertained my newts applauded some salamanders ?	hasn't our quail who my entertained my newts applauded some salamanders ?
SRC	hasn't your orangutan who our salamander has confused comforted the quail ?	has your orangutan who our salamander confused comforted the quail ? ?
SRC	haven't her yaks that have amused my zebra confused our walruses ?	have her yaks that have amused my zebra confused our walruses ?
SRC	hasn't the walrus who some xylophone has remembered amused your orangutans ?	has the walrus who some xylophone remembered amused your orangutans ? ?
SRC	haven't my vultures who the walruses have confused confused our walruses ?	have my vultures who the walruses confused confused our walruses confused ?
SRC	hasn't the peacock that has confused our orangutans comforted the zebra near our unicorn ?	has the peacock that confused our orangutans comforted the zebra near our unicorn ? ?
SRC	have your xylophones who haven't comforted your zebras annoyed some zebra upon my walruses ?	haven't your xylophones who your zebras have annoyed some zebra upon my walruses upon ?
SRC	haven't her unicorns that her orangutans have entertained admired your zebra above my peacocks ?	have her unicorns that her orangutans entertained haven't admired your zebra above my peacocks ?
SRC	have your newts that haven't admired my tyrannosauruses accepted my xylophone by some newts ?	haven't your newts that admired my tyrannosauruses have accepted my xylophone by some newts ?
SRC	hasn't your salamander who your walrus has accepted accepted our quail with our walrus ?	has your salamander who your walrus accepted our quail accepted our walrus with our walrus ?
SRC	has her raven that hasn't applauded the xylophone eaten ?	hasn't her raven that applauded the xylophone has eaten ?
SRC	has my vulture that her vulture hasn't comforted waited ?	hasn't my vulture that her vulture comforted has waited ?
SRC	haven't some yaks who have remembered her yaks giggled ?	have some yaks who have her yaks giggled ?
SRC	hasn't our zebra who has annoyed some peacock read ?	has our zebra who some peacock some peacock read ?
SRC	has her walrus who hasn't confused our unicorn eaten ?	hasn't her walrus who our unicorn unicorn eaten ?
SRC	hasn't some raven that has changed annoyed the walrus around your ravens ?	has some raven that changed annoyed the walrus around your ravens ? ?
SRC	haven't my newts who have swum admired her tyrannosauruses by some walrus ?	have my newts who have admired her tyrannosauruses by some walrus by some ?
SRC	hasn't the unicorn who has smiled accepted your vultures around some tyrannosaurus ?	hasn't the unicorn who smiled accepted your vultures around some tyrannosaurus around some tyrannosaurus
SRC	haven't her salamanders who have slept amused her ravens by the zebras ?	have her salamanders who slept amused her ravens by the zebras ? ?
SRC	hasn't some orangutan that has waited admired my peacocks upon your salamanders ?	hasn't some orangutan that waited waited admired my peacocks upon your salamanders ?
SRC	have our tyrannosauruses that some unicorns haven't accepted accepted some walruses ?	haven't our tyrannosauruses that some unicorns accepted have accepted some walruses ?
SRC	have our orangutans who haven't applauded her zebras applauded some newts ?	haven't our orangutans who applauded her zebras have applauded some newts ?
SRC	haven't the orangutans who our peacocks have annoyed amused her orangutan ?	have the orangutans who our peacocks annoyed amused her orangutan ? ?
SRC	has the yak who hasn't applauded her quail confused our peacocks ?	hasn't the yak who her quail her confused our peacocks ? ?
SRC	has our newt who hasn't accepted your vultures entertained some quails ?	hasn't our newt who your vultures entertained has entertained some quails ?
SRC	has your peacock who my salamander hasn't accepted giggled ?	hasn't your peacock who my salamander accepted has giggled ?
SRC	hasn't your quail that has remembered the vultures giggled ?	has your quail that remembered the vultures giggled ? ?
SRC	hasn't our unicorn that some peacock has comforted moved ?	has our unicorn that some peacock comforted hasn't moved ?
SRC	hasn't my peacock that has confused her unicorn giggled ?	has my peacock that her confused her giggled ? ?
SRC	haven't my salamanders that the peacocks have accepted eaten ?	have my salamanders that the peacocks accepted haven't eaten ?
SRC	has some xylophone who hasn't admired the raven swum ?	hasn't some xylophone who the admired the raven swum ?
SRC	have the tyrannosauruses who your unicorns haven't admired moved ?	haven't the tyrannosauruses who your unicorns admired have moved ?
SRC	has some newt who hasn't applauded your salamanders slept ?	hasn't some newt who applauded your salamanders has slept ?
SRC	have some xylophones who her salamanders haven't admired changed ?	haven't some xylophones who her salamanders admired have changed ?
SRC	haven't the xylophones who have admired some quails read ?	have the xylophones who some quails some read ? ?
SRC	hasn't the orangutan who has giggled accepted her walrus by her xylophone ?	hasn't the orangutan who giggled accepted her walrus by her xylophone ? ?
SRC	hasn't her quail that has moved applauded your newt upon our walrus ?	has her quail that moved moved your newt upon our walrus ? ?
SRC	has some xylophone that hasn't giggled applauded my unicorn with her salamander ?	hasn't some xylophone that giggled applauded my unicorn with her salamander ? ?
SRC	haven't the peacocks that have smiled amused your zebra behind her xylophone ?	have the peacocks that smiled smiled amused your zebra behind her xylophone ?
SRC	has our yak that hasn't swum annoyed your walruses with my tyrannosauruses ?	hasn't our yak that swum annoyed your walruses with my tyrannosauruses with ?
SRC	hasn't the quail who our newt has applauded swum ?	has the quail who our newt applauded hasn't swum ?
SRC	hasn't the tyrannosaurus who our quail has annoyed swum ?	has the tyrannosaurus who our quail annoyed hasn't swum ?
SRC	hasn't the xylophone who has giggled accepted some xylophone ?	has the xylophone who giggled accepted some xylophone ? ?
SRC	have our salamanders who our salamanders haven't annoyed changed ?	haven't our salamanders who our salamanders annoyed have changed ?
SRC	haven't our xylophones who have comforted our tyrannosauruses read ?	have our xylophones who our tyrannosauruses tyrannosauruses haven't read ?
SRC	hasn't our orangutan who her orangutan has confused smiled ?	has our orangutan who her orangutan confused hasn't smiled ?
SRC	haven't the zebras who have confused your walrus moved ?	have the zebras who your walrus confused moved ? ?
SRC	have my unicorns that some quails haven't accepted giggled ?	haven't my unicorns that some quails accepted have giggled ?
SRC	hasn't her vulture who the zebra has entertained moved ?	has her vulture who the zebra entertained hasn't moved ?
SRC	has the xylophone who the peacock hasn't applauded giggled ?	hasn't the xylophone who the peacock applauded has giggled ?
SRC	has some tyrannosaurus that hasn't confused her vultures comforted her orangutan ?	hasn't some tyrannosaurus that her confused her vultures comforted her orangutan ?
SRC	have the tyrannosauruses that haven't applauded our peacocks confused her raven ?	haven't the tyrannosauruses that applauded our peacocks have confused her raven ?
SRC	haven't some xylophones who our zebras have entertained annoyed my quail ?	have some xylophones who our zebras entertained haven't annoyed my quail ?
SRC	have some tyrannosauruses who some yaks haven't confused amused some walrus ?	haven't some tyrannosauruses who some yaks confused have amused some walrus ?
SRC	hasn't her tyrannosaurus who has comforted her newts accepted our newt ?	has her tyrannosaurus who her comforted her accepted our newt ? ?
SRC	haven't some vultures that have waited swum ?	have some vultures that haven't swum ?
SRC	has our newt who hasn't slept slept ?	hasn't our newt who slept slept ?
SRC	has your walrus who hasn't moved slept ?	hasn't your walrus who moved ? slept ?
SRC	hasn't her walrus that has slept read ?	hasn't her walrus that slept read ?
SRC	haven't her orangutans who have swum giggled ?	have her orangutans who swum giggled giggled ?
SRC	have our tyrannosauruses that your quails haven't amused changed ?	haven't our tyrannosauruses that your quails amused have changed ?
SRC	haven't our tyrannosauruses that have amused the peacock smiled ?	have our tyrannosauruses that amused the peacock haven't smiled ?
SRC	has my unicorn that hasn't admired some unicorn smiled ?	hasn't my unicorn that some admired some unicorn smiled ?
SRC	haven't her unicorns that have remembered our orangutan eaten ?	have her unicorns that remembered our orangutan eaten ?
SRC	haven't her ravens that your ravens have entertained swum ?	have her ravens that your ravens entertained haven't swum ?
SRC	has her peacock that hasn't swum waited ?	hasn't her peacock that swum waited ?
SRC	hasn't my salamander that has swum changed ?	has my salamander that swum changed changed ?
SRC	have the yaks that haven't swum slept ?	haven't the yaks that swum slept ?
SRC	have the quails who haven't waited read ?	haven't the quails who have read ?
SRC	hasn't some walrus who has changed giggled ?	hasn't some walrus who changed giggled ?
SRC	has your orangutan that our xylophone hasn't amused moved ?	hasn't your orangutan that our xylophone amused has moved ?
SRC	have the walruses that haven't applauded the salamanders changed ?	haven't the walruses that applauded the salamanders have changed ?
SRC	haven't some ravens who have admired some raven changed ?	have some ravens who some raven raven changed ?
SRC	haven't our vultures that the orangutans have confused waited ?	have our vultures that the orangutans confused haven't waited ?
SRC	has some newt who our zebra hasn't confused read ?	hasn't some newt who our zebra confused has read ?
SRC	hasn't my orangutan that has confused your orangutans eaten ?	has my orangutan that your confused your orangutans eaten ?
SRC	have some quails who haven't entertained some walruses eaten ?	haven't some quails who some walruses some eaten ?
SRC	have my quails who our salamanders haven't accepted eaten ?	haven't my quails who our salamanders accepted have eaten ?
SRC	hasn't her walrus that the newt has comforted slept ?	has her walrus that the newt comforted slept ? ?
SRC	has our unicorn who hasn't comforted your tyrannosaurus read ?	hasn't our unicorn who your comforted your has read ?
SRC	haven't the quails who my quails have confused remembered our quail ?	have the quails who my quails confused remembered our quail ? ?
SRC	hasn't the peacock that some newt has applauded applauded our salamanders ?	has the peacock that some newt applauded applauded our salamanders our salamanders ?
SRC	have some xylophones that haven't admired my peacocks comforted our unicorns ?	haven't some xylophones that admired my peacocks have comforted our unicorns ?
SRC	has her raven that your unicorn hasn't confused annoyed the zebras ?	hasn't her raven that your unicorn confused has annoyed the zebras ?
SRC	has the quail who hasn't accepted the tyrannosauruses comforted her raven ?	hasn't the quail who the accepted the tyrannosauruses has comforted her raven ?
SRC	hasn't our vulture that has swum waited ?	has our vulture that swum waited waited ?
SRC	have my yaks who haven't slept moved ?	haven't my yaks who have moved ?
SRC	haven't your ravens who have moved eaten ?	have your ravens who moved moved eaten ?
SRC	have our peacocks that haven't moved slept ?	haven't our peacocks that moved ? slept ?
SRC	haven't her xylophones that have changed waited ?	have her xylophones that have waited ?
SRC	hasn't the yak who our xylophone has comforted smiled ?	has the yak who our xylophone comforted smiled ? ?
SRC	hasn't the unicorn who the newt has annoyed slept ?	has the unicorn who the newt annoyed hasn't slept ?
SRC	haven't some unicorns who have eaten entertained some unicorn ?	have some unicorns who eaten eaten entertained some unicorn ?
SRC	hasn't her salamander who has annoyed the walruses eaten ?	has her salamander who the annoyed the walruses eaten ?
SRC	has your xylophone that my vulture hasn't annoyed moved ?	hasn't your xylophone that my vulture annoyed annoyed ? ?
SRC	hasn't my unicorn who her newt has accepted confused our quail with my tyrannosauruses ?	has my unicorn who her newt accepted our quail confused our tyrannosauruses with my tyrannosauruses ?
SRC	have the salamanders that our xylophones haven't accepted applauded my peacock behind your quails ?	haven't the salamanders that our xylophones accepted have applauded my peacock behind your quails ?
SRC	has our xylophone who hasn't annoyed some ravens remembered some xylophones behind my vultures ?	hasn't our xylophone who some ravens some remembered some xylophones behind my vultures ?
SRC	hasn't my vulture who our newt has entertained remembered your salamander above some newt ?	has my vulture who our newt entertained hasn't remembered your salamander above some newt ?
SRC	haven't our salamanders that have accepted your peacocks annoyed some unicorn below her tyrannosaurus ?	have our salamanders that your peacocks your peacocks haven't annoyed some tyrannosaurus below her tyrannosaurus ?
SRC	hasn't your tyrannosaurus that your walrus has remembered smiled ?	has your tyrannosaurus that your walrus remembered hasn't smiled ?
SRC	has my yak that my zebra hasn't admired swum ?	hasn't my yak that my zebra admired has swum ?
SRC	haven't our orangutans who the newts have confused giggled ?	have our orangutans who the newts confused giggled ? ?
SRC	haven't your ravens who have comforted the vulture read ?	have your ravens who comforted the vulture read ? ?
SRC	have the yaks that haven't eaten amused our peacocks ?	haven't the yaks that eaten eaten amused our peacocks ?
SRC	has the salamander that my newt hasn't admired remembered the tyrannosaurus upon her orangutan ?	hasn't the salamander that my newt admired has remembered the tyrannosaurus upon her orangutan ?
SRC	hasn't our walrus that has entertained your quails applauded our walrus near our xylophones ?	has our walrus that your entertained your applauded our walrus near our xylophones ? ?
SRC	have her tyrannosauruses that haven't entertained some unicorns remembered your peacocks above our quails ?	haven't her tyrannosauruses that some entertained some unicorns remembered your peacocks above our quails ?
SRC	has your vulture that hasn't comforted our walrus comforted the xylophones with my vulture ?	hasn't your vulture that our comforted our walrus comforted the xylophones with my vulture ?
SRC	hasn't her quail who some zebra has admired confused some newts by my vultures ?	has her quail who some zebra admired hasn't confused some newts by my vultures ?
SRC	hasn't some quail that has eaten waited ?	has some quail that eaten eaten ?
SRC	has some salamander that hasn't changed changed ?	hasn't some salamander that changed changed changed ?
SRC	have some quails who haven't giggled moved ?	haven't some quails who giggled moved ?
SRC	have the walruses that haven't giggled waited ?	haven't the walruses that giggled waited ?
SRC	haven't the vultures who have smiled giggled ?	have the vultures who have giggled giggled ?
SRC	has my salamander who hasn't admired her yaks amused some xylophones ?	hasn't my salamander who her yaks amused has amused some xylophones ?
SRC	haven't our newts that have confused my salamanders amused our ravens ?	have our newts that my salamanders haven't amused our ravens ? ?
SRC	have our salamanders that the yaks haven't accepted admired my tyrannosaurus ?	haven't our salamanders that the yaks accepted have admired my tyrannosaurus ?
SRC	haven't some walruses that your zebras have applauded amused my walruses ?	have some walruses that your zebras applauded amused my walruses ? ?
SRC	hasn't her xylophone who your xylophone has applauded comforted the ravens ?	has her xylophone who your xylophone applauded the comforted the ravens ?
SRC	has the quail who hasn't annoyed my vulture accepted your raven ?	hasn't the quail who my vulture accepted your raven accepted your raven ?
SRC	has my zebra that hasn't accepted your ravens remembered some tyrannosaurus ?	hasn't my zebra that your ravens your remembered some tyrannosaurus ? ?
SRC	haven't my tyrannosauruses that have confused our xylophones accepted our peacocks ?	have my tyrannosauruses that our xylophones haven't accepted our peacocks ? ?
SRC	has our yak that my newt hasn't confused accepted our unicorn ?	hasn't our yak that my newt confused has accepted our unicorn ?
SRC	has some yak who hasn't remembered your walruses annoyed our zebras ?	hasn't some yak who your walruses your has annoyed our zebras ?
SRC	haven't your salamanders that have confused my xylophones swum ?	have your salamanders that my xylophones my xylophones swum ?
SRC	have some peacocks that haven't applauded the vultures waited ?	haven't some peacocks that applauded the vultures waited ? ?
SRC	has some yak that some quail hasn't admired waited ?	hasn't some yak that some quail admired has waited ?
SRC	have some tyrannosauruses who your peacocks haven't comforted smiled ?	haven't some tyrannosauruses who your peacocks comforted smiled ? ?
SRC	have my quails who haven't annoyed our xylophones slept ?	haven't my quails who our xylophones xylophones slept ? ?
SRC	haven't my tyrannosauruses that some ravens have admired waited ?	have my tyrannosauruses that some ravens admired haven't waited ?
SRC	hasn't the tyrannosaurus that her xylophone has remembered giggled ?	has the tyrannosaurus that her xylophone remembered hasn't giggled ?
SRC	haven't some zebras who our zebras have remembered waited ?	have some zebras who our zebras remembered haven't waited ?
SRC	has our quail who your newt hasn't admired changed ?	hasn't our quail who your newt admired has changed ?
SRC	haven't the orangutans that have smiled applauded some orangutan ?	have the orangutans that smiled applauded applauded some orangutan ?
SRC	has her walrus that her tyrannosaurus hasn't entertained accepted your newts ?	hasn't her walrus that her tyrannosaurus entertained has accepted your newts ?
SRC	hasn't my raven that has admired my peacock amused our zebra ?	has my raven that admired my peacock hasn't amused our zebra ?
SRC	haven't some tyrannosauruses that some vultures have admired comforted the salamanders ?	have some tyrannosauruses that some vultures admired haven't comforted the salamanders ?
SRC	hasn't my zebra who her quail has entertained entertained the zebra ?	has my zebra who her quail entertained hasn't entertained the zebra ?
SRC	have the xylophones who your peacocks haven't applauded remembered our walrus ?	haven't the xylophones who your peacocks applauded remembered our walrus ? ?
SRC	haven't the vultures that have amused some quails smiled ?	have the vultures that some amused some smiled ? ?
SRC	have her peacocks who our newts haven't annoyed giggled ?	haven't her peacocks who our newts annoyed have giggled ?
SRC	haven't her walruses who have confused our raven swum ?	have her walruses who our raven raven swum ?
SRC	haven't her ravens that some unicorns have entertained read ?	have her ravens that some unicorns entertained haven't read ?
SRC	haven't the yaks who have applauded the walrus read ?	have the yaks who applauded the walrus haven't read ?
SRC	have your zebras who haven't giggled entertained my tyrannosaurus ?	haven't your zebras who giggled entertained my tyrannosaurus ? ?
SRC	has your salamander who hasn't remembered her vulture eaten ?	hasn't your salamander who her remembered her eaten ?
SRC	haven't her yaks who have amused my walrus smiled ?	have her yaks who my walrus walrus haven't smiled ?
SRC	haven't her zebras who have entertained my newts eaten ?	have her zebras who my entertained my newts ?
SRC	has her tyrannosaurus who hasn't comforted my newt swum ?	hasn't her tyrannosaurus who my newt my newt swum ?
SRC	hasn't some xylophone who has comforted the yak accepted her peacock behind some tyrannosaurus ?	has some xylophone who the yak hasn't accepted her peacock behind some tyrannosaurus ?
SRC	have our peacocks who haven't accepted our unicorn annoyed my ravens below my walruses ?	haven't our peacocks who our unicorn accepted have annoyed my ravens below my walruses ?
SRC	have my salamanders that haven't eaten entertained your yaks with your ravens ?	haven't my salamanders that eaten eaten entertained your yaks with your ravens ? ?
SRC	have your orangutans who haven't waited confused my orangutans behind the salamanders ?	haven't your orangutans who have confused my orangutans behind the orangutans ? ?
SRC	has some peacock who hasn't read amused her salamander behind my vultures ?	hasn't some peacock who read amused her salamander behind my vultures ? ?
SRC	haven't her newts who some salamanders have amused applauded some orangutans below some peacocks ?	have her newts who some salamanders amused haven't applauded some orangutans below some peacocks ?
SRC	has your orangutan who some orangutan hasn't applauded entertained your newt below some vultures ?	hasn't your orangutan who some orangutan applauded your entertained your newt below some vultures ?
SRC	hasn't her raven that her orangutan has amused annoyed your vultures behind our salamander ?	has her raven that her orangutan amused hasn't annoyed your vultures behind our salamander ?
SRC	hasn't my quail that has applauded our orangutans amused some unicorn by some yaks ?	has my quail that applauded our orangutans amused some unicorn by some yaks by some yaks
SRC	hasn't her peacock who your peacock has annoyed amused the newts below some peacock ?	has her peacock who your peacock annoyed hasn't amused the newts below some peacock ?
SRC	hasn't some tyrannosaurus who some newt has remembered smiled ?	has some tyrannosaurus who some newt remembered hasn't smiled ?
SRC	have our quails who some xylophones haven't applauded giggled ?	haven't our quails who some xylophones applauded have giggled ?
SRC	hasn't her walrus that has confused the yaks moved ?	has her walrus that the yaks confused hasn't moved ?
SRC	has her newt who your yak hasn't comforted giggled ?	hasn't her newt who your yak comforted has giggled ?
SRC	have your xylophones who haven't confused the tyrannosaurus swum ?	haven't your xylophones who the confused the tyrannosaurus swum ?
SRC	have my yaks who haven't eaten slept ?	haven't my yaks who eaten eaten ?
SRC	haven't some yaks who have smiled giggled ?	have some yaks who smiled giggled giggled ?
SRC	have her walruses who haven't moved giggled ?	haven't her walruses who moved ? giggled ?
SRC	haven't our salamanders that have read changed ?	have our salamanders that have changed changed ?
SRC	hasn't the yak that has changed smiled ?	has the yak that changed smiled ?
SRC	hasn't her xylophone that has confused some raven admired some xylophones above some xylophone ?	has her xylophone that some raven raven hasn't admired some xylophones above some xylophone ?
SRC	have her zebras that haven't confused your quail accepted our newt upon our quails ?	haven't her zebras that your confused your quail accepted our newt upon our quails ?
SRC	hasn't the peacock that has amused the vultures confused our xylophone with the peacocks ?	has the peacock that amused the vultures confused our xylophone with the peacocks with the peacocks
SRC	has our walrus that some orangutan hasn't annoyed applauded the vultures upon my salamanders ?	hasn't our walrus that some orangutan annoyed the vultures applauded the salamanders upon my salamanders ?
SRC	has our orangutan that her raven hasn't amused remembered her walruses with the yaks ?	hasn't our orangutan that her raven amused has remembered her walruses with the yaks ?
SRC	have our xylophones who haven't slept annoyed my peacocks above some vultures ?	haven't our xylophones who slept annoyed my peacocks above some peacocks above ?
SRC	hasn't the zebra that has read admired your newts behind our zebra ?	has the zebra that hasn't admired your newts behind our zebra ? ?
SRC	has some zebra that hasn't read annoyed her newts around our orangutans ?	hasn't some zebra that hasn't annoyed her newts around our orangutans ? ?
SRC	have your unicorns that haven't swum entertained some quail above her raven ?	haven't your unicorns that swum entertained some quail above her quail ? ?
SRC	has our tyrannosaurus that hasn't eaten applauded your vultures below some unicorn ?	hasn't our tyrannosaurus that eaten eaten applauded your vultures below some unicorn ?
SRC	hasn't my quail that your peacock has applauded applauded the orangutans around the orangutans ?	has my quail that your peacock applauded applauded the orangutans around the orangutans around the orangutans
SRC	haven't some salamanders who have annoyed your xylophone accepted our tyrannosaurus around your xylophones ?	have some salamanders who your annoyed your xylophone accepted our tyrannosaurus around your xylophones ?
SRC	have the unicorns that haven't admired my orangutans remembered my xylophone behind our yak ?	haven't the unicorns that admired my orangutans remembered my xylophone behind our yak ?
SRC	hasn't her zebra who my orangutan has comforted annoyed some walruses below my unicorns ?	has her zebra who my orangutan comforted annoyed some walruses below my unicorns ?
SRC	haven't her tyrannosauruses that our newts have entertained admired some walruses upon your peacock ?	have her tyrannosauruses that our newts entertained haven't admired some walruses upon your peacock ?
SRC	have some salamanders that haven't remembered the peacock confused the walruses around your xylophones ?	haven't some salamanders that remembered the peacock have confused the walruses around your xylophones ?
SRC	have my tyrannosauruses that haven't applauded my walruses annoyed the zebras above our newts ?	haven't my tyrannosauruses that applauded my walruses have annoyed the zebras above our newts ?
SRC	hasn't some walrus who my tyrannosaurus has confused accepted the quails below her newt ?	has some walrus who my tyrannosaurus confused hasn't accepted the quails below her newt ?
SRC	haven't the tyrannosauruses who have comforted some quail comforted your zebras around the yak ?	have the tyrannosauruses who some comforted some comforted your zebras around the yak ?
SRC	hasn't her tyrannosaurus who has amused our salamanders annoyed some newts below your walrus ?	has her tyrannosaurus who our salamanders our salamanders annoyed some newts below your walrus ?
SRC	has some newt that hasn't waited accepted our quails by her vultures ?	hasn't some newt that waited waited accepted our quails by her vultures ?
SRC	has some salamander who hasn't read annoyed our walrus below some xylophone ?	hasn't some salamander who read annoyed our walrus below some xylophone ? ?
SRC	have my tyrannosauruses that haven't swum confused the zebra with the zebras ?	haven't my tyrannosauruses that swum confused the zebra with the zebras ? ?
SRC	haven't my xylophones who have moved annoyed our vultures with her peacocks ?	have my xylophones who moved moved our vultures with her peacocks with ?
SRC	have our unicorns that haven't slept admired the peacock with my peacocks ?	haven't our unicorns that slept admired the peacock with my peacocks ? ?
SRC	has our orangutan who hasn't admired my zebra swum ?	hasn't our orangutan who my zebra my zebra swum ?
SRC	have your walruses who haven't accepted your salamander changed ?	haven't your walruses who your salamander accepted have changed ?
SRC	has your unicorn that the zebra hasn't comforted smiled ?	hasn't your unicorn that the zebra comforted has smiled ?
SRC	haven't your newts that have applauded our peacocks slept ?	have your newts that applauded our peacocks haven't slept ?
SRC	hasn't her xylophone that has comforted my newts giggled ?	has her xylophone that comforted my newts hasn't giggled ?
SRC	has our quail who hasn't read accepted our yaks near some vulture ?	hasn't our quail who has accepted our yaks near some vulture ? ?
SRC	has our orangutan who hasn't changed annoyed some newts behind some vulture ?	hasn't our orangutan who changed annoyed some newts behind some vulture ? ?
SRC	has our walrus that hasn't eaten entertained the salamander around her walruses ?	hasn't our walrus that eaten eaten entertained the salamander around her walruses ?
SRC	has the unicorn who hasn't moved annoyed her quails above some yaks ?	hasn't the unicorn who moved moved annoyed her quails above some yaks ?
SRC	has my zebra who hasn't moved admired her unicorn near your vultures ?	hasn't my zebra who moved moved admired her unicorn near your vultures ?
SRC	has the quail who hasn't swum entertained our walruses ?	hasn't the quail who swum entertained our walruses ? ?
SRC	has the unicorn who my quail hasn't applauded giggled ?	hasn't the unicorn who my quail applauded has giggled ?
SRC	has the newt who hasn't giggled admired your quail ?	hasn't the newt who giggled admired your quail ? ?
SRC	has your quail that the salamander hasn't applauded giggled ?	hasn't your quail that the salamander applauded has giggled ?
SRC	hasn't your peacock that has admired my walrus swum ?	has your peacock that admired my walrus hasn't swum ?
SRC	have some ravens who haven't annoyed some tyrannosauruses confused our tyrannosauruses above my peacock ?	haven't some ravens who annoyed some tyrannosauruses have confused our tyrannosauruses above my peacock ?
SRC	haven't our peacocks who have entertained the yak accepted the yak around the vultures ?	have our peacocks who the entertained the accepted the yak around the vultures around the
SRC	haven't your orangutans who the quails have admired applauded her tyrannosauruses above our yak ?	have your orangutans who the quails admired her applauded her tyrannosauruses above our yak ?
SRC	haven't some quails that have admired the walruses annoyed the newt near our ravens ?	have some quails that the admired the walruses annoyed the newt near our ravens ?
SRC	has our tyrannosaurus who your walrus hasn't amused accepted the zebra upon some newt ?	hasn't our tyrannosaurus who your walrus amused has accepted the zebra upon some newt ?
SRC	haven't some zebras who some unicorns have accepted waited ?	have some zebras who some unicorns accepted haven't waited ?
SRC	hasn't some quail that has changed admired some xylophones ?	hasn't some quail that changed admired some xylophones ? ?
SRC	have the peacocks who haven't confused some orangutan giggled ?	haven't the peacocks who some orangutan confused have giggled ?
SRC	hasn't some yak that has swum applauded the orangutans ?	has some yak that swum applauded applauded the orangutans ?
SRC	has some salamander who hasn't applauded her quails giggled ?	hasn't some salamander who applauded her quails has giggled ?
SRC	have her unicorns that her xylophones haven't confused remembered our salamander ?	haven't her unicorns that her xylophones confused have remembered our salamander ?
SRC	haven't my peacocks that our zebras have remembered entertained her newt ?	have my peacocks that our zebras remembered entertained her newt ? ?
SRC	has your tyrannosaurus that some zebra hasn't comforted amused your raven ?	hasn't your tyrannosaurus that some zebra comforted amused your raven ? ?
SRC	has our orangutan who her salamander hasn't remembered accepted your tyrannosaurus ?	hasn't our orangutan who her salamander remembered has accepted your tyrannosaurus ?
SRC	have the xylophones that her orangutans haven't admired comforted the unicorns ?	haven't the xylophones that her orangutans admired have comforted the unicorns ?
SRC	haven't some zebras who her yaks have entertained waited ?	have some zebras who her yaks entertained haven't waited ?
SRC	have your orangutans that haven't swum amused some zebras ?	haven't your orangutans that swum amused some zebras ? ?
SRC	hasn't some tyrannosaurus that your walrus has amused read ?	has some tyrannosaurus that your walrus amused hasn't read ?
SRC	has my tyrannosaurus that her walrus hasn't admired moved ?	hasn't my tyrannosaurus that her walrus admired has moved ?
SRC	has your walrus who her newt hasn't remembered waited ?	hasn't your walrus who her newt remembered has waited ?
SRC	have her salamanders who haven't giggled read ?	haven't her salamanders who giggled read ?
SRC	has the zebra who hasn't smiled waited ?	hasn't the zebra who smiled smiled ?
SRC	hasn't my unicorn who has eaten eaten ?	has my unicorn who eaten eaten ?
SRC	have my xylophones who haven't swum moved ?	haven't my xylophones who swum moved ?
SRC	has our zebra that hasn't smiled changed ?	hasn't our zebra that smiled changed changed ?
SRC	haven't my peacocks who have smiled read ?	have my peacocks who smiled smiled read ?
SRC	hasn't some yak who has swum moved ?	has some yak who swum moved ?
SRC	have our ravens who haven't waited giggled ?	haven't our ravens who have giggled ?
SRC	haven't our zebras that have changed read ?	have our zebras that have read ?
SRC	haven't our tyrannosauruses who have read moved ?	have our tyrannosauruses who haven't moved ?
SRC	hasn't some unicorn that has smiled smiled ?	has some unicorn that smiled smiled smiled ?
SRC	has my peacock that hasn't eaten read ?	hasn't my peacock that eaten eaten ?
SRC	haven't our vultures who have waited slept ?	have our vultures who have slept ?
SRC	has the unicorn who hasn't giggled eaten ?	hasn't the unicorn who giggled eaten ?
SRC	haven't the zebras that have smiled eaten ?	have the zebras that smiled smiled eaten ?
SRC	has some tyrannosaurus that hasn't entertained the orangutans smiled ?	hasn't some tyrannosaurus that entertained the orangutans has smiled ?
SRC	has our raven that hasn't moved accepted our xylophone ?	hasn't our raven that moved has accepted our xylophone ?
SRC	has her tyrannosaurus who hasn't annoyed her walrus changed ?	hasn't her tyrannosaurus who her walrus walrus has changed ?
SRC	hasn't my raven that her raven has admired read ?	has my raven that her raven admired admired ? ?
SRC	hasn't my raven who has admired some quail waited ?	has my raven who some quail some waited ?
SRC	have our vultures who my quails haven't applauded eaten ?	haven't our vultures who my quails applauded have eaten ?
SRC	has our raven who the orangutan hasn't confused waited ?	hasn't our raven who the orangutan confused has waited ?
SRC	haven't my unicorns who have entertained some yaks slept ?	have my unicorns who some yaks some yaks slept ?
SRC	have the salamanders who the vultures haven't amused slept ?	haven't the salamanders who the vultures amused have slept ?
SRC	has your walrus that our unicorn hasn't entertained changed ?	hasn't your walrus that our unicorn entertained has changed ?
SRC	have your tyrannosauruses that her ravens haven't admired read ?	haven't your tyrannosauruses that her ravens admired admired ? ?
SRC	have her vultures that the walruses haven't comforted giggled ?	haven't her vultures that the walruses comforted have giggled ?
SRC	have her quails that the walruses haven't annoyed giggled ?	haven't her quails that the walruses annoyed have giggled ?
SRC	has your raven who her tyrannosaurus hasn't amused changed ?	hasn't your raven who her tyrannosaurus amused has changed ?
SRC	has my xylophone who her vulture hasn't amused moved ?	hasn't my xylophone who her vulture amused has moved ?
SRC	have our peacocks who haven't moved moved ?	haven't our peacocks who moved moved moved ?
SRC	haven't her tyrannosauruses that have eaten read ?	have her tyrannosauruses that eaten eaten ?
SRC	have our salamanders that haven't moved changed ?	haven't our salamanders that moved ? changed ?
SRC	hasn't the raven who has smiled smiled ?	hasn't the raven who smiled smiled smiled ?
SRC	has our walrus that hasn't waited swum ?	hasn't our walrus that waited waited swum ?
SRC	have our peacocks that haven't waited giggled ?	haven't our peacocks that have giggled giggled ?
SRC	has some unicorn that hasn't smiled swum ?	hasn't some unicorn that smiled smiled swum ?
SRC	hasn't our tyrannosaurus who has swum slept ?	hasn't our tyrannosaurus who swum slept ?
SRC	haven't your newts that have read giggled ?	have your newts that have giggled giggled ?
SRC	has the unicorn who hasn't eaten slept ?	hasn't the unicorn who eaten eaten ?
SRC	have the peacocks that haven't remembered some salamander waited ?	haven't the peacocks that remembered some salamander waited ? ?
SRC	have the tyrannosauruses who my salamanders haven't admired smiled ?	haven't the tyrannosauruses who my salamanders admired have smiled ?
SRC	haven't the vultures who have confused the ravens smiled ?	have the vultures who the ravens the ravens smiled ?
SRC	has our orangutan that our xylophone hasn't remembered giggled ?	hasn't our orangutan that our xylophone remembered has giggled ?
SRC	has our salamander that hasn't swum applauded my salamander ?	hasn't our salamander that swum applauded applauded my salamander ?
SRC	hasn't our orangutan that your peacock has applauded smiled ?	has our orangutan that your peacock applauded hasn't smiled ?
SRC	hasn't the walrus who has confused your xylophones smiled ?	has the walrus who your xylophones xylophones smiled ? ?
SRC	has the raven that hasn't read amused your tyrannosaurus ?	hasn't the raven that has amused your tyrannosaurus ? ?
SRC	have my xylophones that some vultures haven't comforted read ?	haven't my xylophones that some vultures comforted comforted read ?
SRC	hasn't our orangutan that has remembered our orangutan moved ?	has our orangutan that remembered our orangutan hasn't moved ?
SRC	hasn't her zebra that has applauded her orangutans eaten ?	has her zebra that applauded her orangutans hasn't eaten ?
SRC	has her xylophone who your zebra hasn't amused moved ?	hasn't her xylophone who your zebra amused has moved ?
SRC	haven't our tyrannosauruses who have entertained your xylophones eaten ?	have our tyrannosauruses who your xylophones entertained haven't eaten ?
SRC	has the peacock that hasn't admired your ravens read ?	hasn't the peacock that your ravens your read ? ?
SRC	hasn't the unicorn that has accepted your salamander smiled ?	has the unicorn that your salamander accepted hasn't smiled ?
SRC	haven't the yaks who some orangutans have confused admired some orangutans ?	have the yaks who some orangutans confused haven't admired some orangutans ?
SRC	hasn't your peacock who has comforted her vultures entertained some newts ?	has your peacock who comforted her vultures entertained hasn't entertained some newts ?
SRC	hasn't your zebra who your zebra has applauded confused some peacocks ?	has your zebra who your zebra applauded some peacocks confused some peacocks ?
SRC	haven't your salamanders who the quails have confused admired our yaks ?	have your salamanders who the quails confused our yaks admired our yaks ?
SRC	haven't our xylophones who my salamanders have admired applauded some salamander ?	have our xylophones who my salamanders admired haven't applauded some salamander ?
SRC	has your tyrannosaurus who some yak hasn't comforted read ?	hasn't your tyrannosaurus who some yak comforted has read ?
SRC	haven't some xylophones who have accepted our yaks giggled ?	have some xylophones who our yaks yaks giggled ? ?
SRC	haven't your newts who the ravens have confused read ?	have your newts who the ravens confused read ? ?
SRC	have our xylophones that some zebras haven't entertained waited ?	haven't our xylophones that some zebras entertained have waited ?
SRC	have her tyrannosauruses who haven't eaten accepted her peacocks ?	haven't her tyrannosauruses who eaten eaten accepted her peacocks ?
SRC	haven't her tyrannosauruses who your quails have entertained amused our tyrannosauruses with your tyrannosauruses ?	have her tyrannosauruses who your quails entertained haven't amused our tyrannosauruses with your tyrannosauruses ?
SRC	hasn't the newt who has comforted the vulture remembered my zebra below our newt ?	has the newt who comforted the vulture remembered my zebra below our newt ?
SRC	has your yak that your newt hasn't accepted applauded my raven around some vultures ?	hasn't your yak that your newt accepted has applauded my raven around some vultures ?
SRC	haven't your quails who have applauded your quail accepted my unicorns near my walruses ?	have your quails who applauded your quail haven't accepted my unicorns near my walruses ?
SRC	haven't my ravens who have applauded my peacocks comforted the peacock upon some yak ?	have my ravens who applauded my peacocks haven't comforted the peacock upon some yak ?
SRC	haven't my orangutans who have annoyed my walrus slept ?	have my orangutans who have annoyed my walrus slept ?
SRC	hasn't your tyrannosaurus who your peacock has entertained slept ?	has your tyrannosaurus who your peacock entertained hasn't slept ?
SRC	haven't her peacocks who some zebras have entertained smiled ?	have her peacocks who some zebras entertained haven't smiled ?
SRC	haven't the zebras that some vultures have admired read ?	have the zebras that some vultures admired haven't read ?
SRC	has the salamander that hasn't annoyed some unicorns swum ?	hasn't the salamander that annoyed some unicorns swum ?
SRC	haven't our salamanders that your peacocks have accepted accepted your yaks by the orangutan ?	have our salamanders that your peacocks accepted accepted your yaks by the orangutan ? ?
SRC	haven't my ravens who the zebras have accepted remembered the vulture near our raven ?	have my ravens who the zebras accepted haven't remembered the vulture near our raven ?
SRC	haven't her vultures that have remembered her vultures confused my peacock with your walrus ?	have her vultures that remembered her vultures confused my peacock with your walrus ?
SRC	has my yak who our tyrannosaurus hasn't confused comforted our yaks with my zebras ?	hasn't my yak who our tyrannosaurus confused has comforted our yaks with my zebras ?
SRC	hasn't her yak that some yak has remembered admired the zebra near her vulture ?	has her yak that some yak remembered hasn't admired the zebra near her vulture ?
SRC	haven't my salamanders that have swum read ?	have my salamanders that have read ?
SRC	has the vulture who hasn't waited slept ?	hasn't the vulture who has slept ?
SRC	have our yaks that haven't slept giggled ?	haven't our yaks that slept giggled ?
SRC	haven't my tyrannosauruses who have swum moved ?	have my tyrannosauruses who have moved ?
SRC	hasn't some walrus that has read moved ?	hasn't some walrus that has moved ?
SRC	has my tyrannosaurus that hasn't eaten entertained my unicorns ?	hasn't my tyrannosaurus that eaten eaten entertained my unicorns ?
SRC	hasn't some peacock that has waited confused our walruses ?	has some peacock that waited waited confused our walruses ?
SRC	have your newts who haven't confused the xylophones swum ?	haven't your newts who the xylophones xylophones swum ? ?
SRC	hasn't some unicorn who my tyrannosaurus has accepted read ?	has some unicorn who my tyrannosaurus accepted hasn't read ?
SRC	has the zebra who hasn't confused my salamanders giggled ?	hasn't the zebra who my salamanders giggled ? ?
SRC	haven't my newts who our unicorns have remembered comforted your salamander around the quail ?	have my newts who our unicorns remembered haven't comforted your salamander around the quail ?
SRC	have the newts that haven't admired the peacock applauded the yak by the newt ?	haven't the newts that the admired the peacock have applauded the newt ? ?
SRC	hasn't the salamander who has remembered our peacock confused the tyrannosaurus near our tyrannosaurus ?	has the salamander who our peacock confused the peacock near the tyrannosaurus near our tyrannosaurus ?
SRC	have her ravens that your orangutans haven't confused admired your walrus near some orangutan ?	haven't her ravens that your orangutans confused have admired your walrus near some orangutan ?
SRC	hasn't our quail who has comforted your yaks remembered our quail around the unicorns ?	has our quail who your yaks your remembered our quail around the unicorns ?
SRC	hasn't the xylophone that has annoyed the orangutan waited ?	has the xylophone that the orangutan the orangutan waited ?
SRC	has the newt that hasn't comforted some salamander eaten ?	hasn't the newt that comforted some salamander has eaten ?
SRC	haven't our yaks that have comforted some vultures smiled ?	have our yaks that comforted some vultures haven't smiled ?
SRC	haven't the orangutans that our tyrannosauruses have comforted waited ?	have the orangutans that our tyrannosauruses comforted waited ?
SRC	has my walrus who hasn't smiled entertained some salamander ?	hasn't my walrus who smiled entertained some salamander ? ?
SRC	has your tyrannosaurus that hasn't changed moved ?	hasn't your tyrannosaurus that changed moved ?
SRC	have our salamanders that haven't swum swum ?	haven't our salamanders that swum swum ?
SRC	haven't our walruses that have giggled moved ?	have our walruses that giggled moved ?
SRC	has our walrus who hasn't waited smiled ?	hasn't our walrus who waited waited ? ?
SRC	has some vulture that hasn't moved changed ?	hasn't some vulture that moved ? changed ?
SRC	hasn't her quail that has waited applauded my orangutan near her peacock ?	has her quail that waited waited applauded my orangutan near her peacock ?
SRC	haven't some walruses that have moved amused her unicorns upon her yak ?	have some walruses that haven't amused her unicorns upon her unicorns ? ?
SRC	has my tyrannosaurus that hasn't slept amused some salamanders around our xylophone ?	hasn't my tyrannosaurus that has amused some salamanders around our salamanders around our
SRC	hasn't the unicorn that has smiled accepted your tyrannosauruses with my yaks ?	has the unicorn that smiled accepted your tyrannosauruses with my yaks with ?
SRC	has my xylophone that hasn't changed confused my salamanders below your peacock ?	hasn't my xylophone that changed confused my salamanders below your peacock ? ?
SRC	has our zebra that her vulture hasn't comforted moved ?	hasn't our zebra that her vulture comforted has moved ?
SRC	has my newt who some orangutan hasn't amused read ?	hasn't my newt who some orangutan amused has read ?
SRC	have her newts who haven't accepted some unicorn eaten ?	haven't her newts who some accepted some eaten ?
SRC	have the zebras that haven't entertained my yaks swum ?	haven't the zebras that my entertained my yaks swum ?
SRC	has our vulture that hasn't admired my zebra waited ?	hasn't our vulture that admired my zebra waited ? ?
SRC	have her peacocks that haven't accepted her vultures admired some ravens around your salamander ?	haven't her peacocks that accepted her vultures have admired some ravens around your salamander ?
SRC	have our peacocks that my ravens haven't confused admired my salamanders upon our ravens ?	haven't our peacocks that my ravens confused have admired my salamanders upon our ravens ?
SRC	hasn't our xylophone that has amused my raven applauded my xylophone above my orangutan ?	has our xylophone that has my raven hasn't applauded my xylophone above my orangutan ?
SRC	haven't some vultures who have amused our quail annoyed some yaks around my vulture ?	have some vultures who our amused our quail annoyed some yaks around my vulture ?
SRC	has the raven who the yak hasn't accepted entertained the salamanders below her yak ?	hasn't the raven who the yak accepted the entertained the salamanders below her yak ?
SRC	haven't our xylophones that have amused our ravens changed ?	have our xylophones that our amused our ravens ? ?
SRC	have your yaks who haven't confused your orangutan smiled ?	haven't your yaks who your orangutan confused have smiled ?
SRC	hasn't her tyrannosaurus that has confused my xylophone moved ?	has her tyrannosaurus that my confused my xylophone moved ?
SRC	haven't some walruses that her quails have amused giggled ?	have some walruses that her quails amused giggled ? ?
SRC	has our raven who hasn't confused some newts read ?	hasn't our raven who some confused some newts read ?
SRC	have our newts who haven't remembered our quails eaten ?	haven't our newts who our quails have eaten ?
SRC	hasn't some vulture who has entertained your salamander moved ?	has some vulture who your entertained your salamander moved ?
SRC	has your raven who hasn't applauded my peacocks changed ?	hasn't your raven who applauded my peacocks has changed ?
SRC	haven't the peacocks who your orangutans have confused eaten ?	have the peacocks who your orangutans confused eaten ? ?
SRC	haven't the walruses who have moved swum ?	have the walruses who moved moved ? ? ?
SRC	have some ravens that haven't read swum ?	haven't some ravens that have swum ?
SRC	has your zebra that hasn't slept waited ?	hasn't your zebra that slept waited ?
SRC	haven't my newts who have smiled moved ?	have my newts who smiled moved ?
SRC	hasn't your quail who has swum slept ?	has your quail who swum slept ?
SRC	have our unicorns who haven't changed swum ?	haven't our unicorns who changed swum ?
SRC	has my zebra who hasn't accepted your orangutans eaten ?	hasn't my zebra who your accepted your has eaten ?
SRC	have her xylophones who haven't confused some peacocks eaten ?	haven't her xylophones who some peacocks some eaten ? ?
SRC	haven't some vultures that her orangutans have remembered read ?	have some vultures that her orangutans remembered haven't read ?
SRC	haven't our unicorns who have changed amused our unicorns ?	have our unicorns who changed amused our unicorns ?
SRC	haven't your peacocks who our orangutans have entertained giggled ?	have your peacocks who our orangutans entertained haven't giggled ?
SRC	have our orangutans that our orangutans haven't entertained smiled ?	haven't our orangutans that our orangutans entertained have smiled ?
SRC	has your tyrannosaurus who the unicorn hasn't amused moved ?	hasn't your tyrannosaurus who the unicorn amused has moved ?
SRC	hasn't our raven who some xylophone has entertained smiled ?	has our raven who some xylophone entertained hasn't smiled ?
SRC	have the salamanders that haven't confused our xylophone moved ?	haven't the salamanders that our confused our xylophone moved ?
SRC	hasn't the yak who our zebra has amused changed ?	has the yak who our zebra amused hasn't changed ?
SRC	hasn't the peacock that has annoyed her salamander admired the orangutans with your vultures ?	has the peacock that annoyed her salamander hasn't admired the orangutans with your vultures ?
SRC	haven't her xylophones that have changed applauded the peacock below your newts ?	have her xylophones that have applauded applauded the peacock below your newts ? ?
SRC	hasn't your walrus that has giggled annoyed the unicorn with the salamander ?	hasn't your walrus that giggled annoyed the unicorn with the salamander ? ?
SRC	have some xylophones who haven't swum remembered my salamanders with our peacock ?	haven't some xylophones who swum remembered my salamanders with my peacock ? ?
SRC	has the vulture who hasn't giggled admired your quail below some zebras ?	hasn't the vulture who giggled admired your quail below some quail below ? ?
SRC	have our quails that the tyrannosauruses haven't accepted slept ?	haven't our quails that the tyrannosauruses accepted have slept ?
SRC	hasn't my quail that has confused my yak changed ?	has my quail that my yak hasn't changed ? ?
SRC	hasn't your walrus who her raven has amused read ?	has your walrus who her raven amused hasn't read ?
SRC	have some zebras that haven't amused our xylophones eaten ?	haven't some zebras that our xylophones xylophones have eaten ?
SRC	has my walrus who hasn't accepted our newt read ?	hasn't my walrus who our newt our has read ?
SRC	has her vulture who hasn't admired our zebras slept ?	hasn't her vulture who our zebras our has slept ?
SRC	have the orangutans who our peacocks haven't admired slept ?	haven't the orangutans who our peacocks admired have slept ?
SRC	haven't the tyrannosauruses who our yaks have admired eaten ?	have the tyrannosauruses who our yaks admired haven't eaten ?
SRC	has your xylophone that her quail hasn't entertained swum ?	hasn't your xylophone that her quail entertained has swum ?
SRC	has her newt that the yak hasn't accepted read ?	hasn't her newt that the yak accepted has read ?
SRC	have some salamanders that our xylophones haven't amused annoyed my walrus ?	haven't some salamanders that our xylophones amused have annoyed my walrus ?
SRC	hasn't our raven that has amused your newts amused some xylophone ?	has our raven that amused your newts amused some xylophone ? ?
SRC	hasn't the peacock who our vulture has remembered confused her yak ?	has the peacock who our vulture remembered hasn't confused her yak ?
SRC	have some tyrannosauruses who some vultures haven't entertained remembered your xylophones ?	haven't some tyrannosauruses who some vultures entertained have remembered your xylophones ?
SRC	have my yaks who our zebras haven't remembered applauded some quail ?	haven't my yaks who our zebras remembered applauded some quail ? ?
SRC	haven't my tyrannosauruses who the salamanders have remembered slept ?	have my tyrannosauruses who the salamanders remembered haven't slept ?
SRC	hasn't your yak that her yak has admired swum ?	has your yak that her yak admired hasn't swum ?
SRC	haven't your ravens who have applauded some orangutans smiled ?	have your ravens who applauded some orangutans haven't smiled ?
SRC	have her unicorns who haven't remembered our vulture swum ?	haven't her unicorns who our vulture our vulture swum ?
SRC	hasn't our peacock that has accepted your salamander read ?	has our peacock that your accepted your salamander read ?
SRC	has our unicorn that hasn't swum confused the raven with my zebra ?	hasn't our unicorn that swum confused the raven with my zebra ? ?
SRC	haven't some unicorns who have waited annoyed the ravens with some salamander ?	have some unicorns who have annoyed the ravens with some salamander ? ?
SRC	hasn't our tyrannosaurus that has waited amused some zebra upon the peacock ?	has our tyrannosaurus that waited waited amused some zebra upon the peacock ?
SRC	have your zebras that haven't swum remembered some xylophones by her ravens ?	haven't your zebras that swum remembered some xylophones by her ravens ? ?
SRC	has our tyrannosaurus that hasn't changed admired the newt by our walruses ?	hasn't our tyrannosaurus that changed admired the newt by our walruses by our ?
SRC	have our xylophones that haven't comforted your quails slept ?	haven't our xylophones that your comforted your quails slept ?
SRC	haven't some peacocks that my newts have applauded changed ?	have some peacocks that my newts applauded haven't changed ?
SRC	has my salamander who the orangutan hasn't comforted waited ?	hasn't my salamander who the orangutan comforted has waited ?
SRC	haven't her salamanders who have accepted your peacocks moved ?	have her salamanders who your peacocks your moved ? ?
SRC	have your quails who my tyrannosauruses haven't admired eaten ?	haven't your quails who my tyrannosauruses admired have eaten ?
SRC	hasn't our yak that your unicorn has entertained slept ?	has our yak that your unicorn entertained hasn't slept ?
SRC	have our salamanders who some newts haven't accepted waited ?	haven't our salamanders who some newts accepted have waited ?
SRC	haven't my tyrannosauruses that my yaks have entertained waited ?	have my tyrannosauruses that my yaks entertained haven't waited ?
SRC	haven't your zebras that my newts have entertained giggled ?	have your zebras that my newts entertained haven't giggled ?
SRC	have some tyrannosauruses who my tyrannosauruses haven't accepted waited ?	haven't some tyrannosauruses who my tyrannosauruses accepted have waited ?
SRC	haven't some xylophones that the ravens have comforted smiled ?	have some xylophones that the ravens comforted smiled ? ?
SRC	haven't your xylophones that have accepted some tyrannosaurus waited ?	have your xylophones that some accepted some waited ? ?
SRC	hasn't some orangutan that your orangutan has comforted swum ?	has some orangutan that your orangutan comforted swum ?
SRC	have the orangutans who the peacocks haven't annoyed eaten ?	haven't the orangutans who the peacocks annoyed eaten ? ?
SRC	has my peacock that hasn't annoyed her vultures moved ?	hasn't my peacock that annoyed her vultures has moved ?
SRC	hasn't the peacock that my vulture has annoyed amused your peacocks ?	has the peacock that my vulture annoyed hasn't amused your peacocks ?
SRC	has some newt who hasn't annoyed her raven remembered my walrus ?	hasn't some newt who her annoyed her remembered my walrus ? ?
SRC	have our orangutans who her walruses haven't annoyed applauded some tyrannosauruses ?	haven't our orangutans who her walruses annoyed have applauded some tyrannosauruses ?
SRC	has her zebra that hasn't annoyed her tyrannosaurus admired the yak ?	hasn't her zebra that her annoyed her tyrannosaurus has admired the yak ?
SRC	have some orangutans that my ravens haven't applauded annoyed our salamanders ?	haven't some orangutans that my ravens applauded our annoyed our salamanders ?
SRC	hasn't your newt that my unicorn has admired waited ?	has your newt that my unicorn admired hasn't waited ?
SRC	hasn't some newt who some walrus has amused moved ?	has some newt who some walrus amused hasn't moved ?
SRC	hasn't her raven who your zebra has annoyed waited ?	has her raven who your zebra annoyed hasn't waited ?
SRC	have my ravens that her peacocks haven't comforted read ?	haven't my ravens that her peacocks comforted comforted read ?
SRC	have my orangutans that haven't comforted the orangutans slept ?	haven't my orangutans that comforted the orangutans have slept ?
SRC	have the xylophones that haven't remembered my quails admired some walruses ?	haven't the xylophones that remembered my quails have admired some walruses ?
SRC	hasn't your zebra who has comforted some salamander comforted your orangutan ?	has your zebra who some comforted some salamander comforted your orangutan ?
SRC	have my xylophones who her zebras haven't comforted annoyed my tyrannosaurus ?	haven't my xylophones who her zebras comforted annoyed my tyrannosaurus ? ?
SRC	hasn't her raven who our raven has comforted amused my salamanders ?	has her raven who our raven comforted amused my salamanders ? ?
SRC	have her peacocks that haven't comforted her salamanders remembered the unicorns ?	haven't her peacocks that comforted her salamanders have remembered the unicorns ?
SRC	have your quails who haven't moved read ?	haven't your quails who moved ? read ?
SRC	have the salamanders that haven't giggled waited ?	haven't the salamanders that giggled have waited ?
SRC	haven't the zebras that have swum swum ?	have the zebras that swum swum ?
SRC	has her orangutan that hasn't eaten eaten ?	hasn't her orangutan that eaten eaten ?
SRC	has my xylophone that hasn't changed slept ?	hasn't my xylophone that changed slept ?
SRC	haven't the newts that your xylophones have applauded smiled ?	have the newts that your xylophones applauded smiled ? ?
SRC	have my ravens who haven't amused the peacock eaten ?	haven't my ravens who amused the peacock have eaten ?
SRC	hasn't the walrus who the unicorn has accepted eaten ?	has the walrus who the unicorn accepted hasn't eaten ?
SRC	haven't some ravens that have slept admired my zebra ?	have some ravens that have admired my zebra ? ?
SRC	have your unicorns that your salamanders haven't applauded swum ?	haven't your unicorns that your salamanders applauded have swum ?
SRC	has some xylophone that hasn't admired our peacock slept ?	hasn't some xylophone that admired our peacock has slept ?
SRC	has your zebra that hasn't amused the yak changed ?	hasn't your zebra that amused the yak has changed ?
SRC	hasn't our unicorn who our yak has comforted swum ?	has our unicorn who our yak comforted swum ?
SRC	haven't the walruses that our walruses have annoyed smiled ?	have the walruses that our walruses annoyed haven't smiled ?
SRC	have your salamanders that my walruses haven't accepted eaten ?	haven't your salamanders that my walruses accepted have eaten ?
SRC	has her salamander who hasn't read waited ?	hasn't her salamander who read waited waited ?
SRC	has my tyrannosaurus that hasn't slept changed ?	hasn't my tyrannosaurus that has changed ?
SRC	hasn't our xylophone who has slept changed ?	hasn't our xylophone who slept changed changed ?
SRC	haven't my walruses that have slept moved ?	have my walruses that haven't moved ?
SRC	hasn't her orangutan who has eaten giggled ?	hasn't her orangutan who eaten eaten ?
SRC	has our salamander that our salamander hasn't comforted admired the peacocks around her vultures ?	hasn't our salamander that our salamander comforted the admired the peacocks around her vultures ?
SRC	have some xylophones that haven't accepted some unicorns comforted your yak upon the peacock ?	haven't some xylophones that accepted some unicorns have comforted your yak upon the peacock ?
SRC	has her xylophone that some salamander hasn't comforted remembered some zebra upon her xylophone ?	hasn't her xylophone that some salamander comforted remembered some zebra upon her xylophone ?
SRC	hasn't our walrus who has remembered my peacock applauded my tyrannosaurus by some walruses ?	has our walrus who remembered my peacock applauded my tyrannosaurus by some walruses by some walruses
SRC	have your newts that some newts haven't amused confused our newts behind her tyrannosaurus ?	haven't your newts that some newts amused have confused our newts behind her tyrannosaurus ?
SRC	hasn't some xylophone that has applauded the vulture comforted the peacocks with her tyrannosaurus ?	has some xylophone that applauded the vulture hasn't comforted the peacocks with her tyrannosaurus ?
SRC	have our ravens who haven't confused your tyrannosaurus comforted her tyrannosauruses by her unicorn ?	haven't our ravens who your tyrannosaurus tyrannosaurus have comforted her tyrannosauruses by her unicorn ?
SRC	has her xylophone who hasn't annoyed the walrus confused my vultures above her walruses ?	hasn't her xylophone who the annoyed the walrus confused my vultures above her walruses ?
SRC	hasn't my peacock who has entertained our xylophone applauded her vultures above my peacocks ?	has my peacock who our xylophone xylophone applauded her vultures above my peacocks ? ?
SRC	haven't our vultures who my ravens have admired applauded the unicorns by some raven ?	have our vultures who my ravens admired applauded the unicorns by some raven by some raven
SRC	hasn't her walrus who the vulture has amused changed ?	has her walrus who the vulture amused hasn't changed ?
SRC	have my salamanders who our xylophones haven't entertained giggled ?	haven't my salamanders who our xylophones entertained have giggled ?
SRC	haven't our salamanders that have confused your zebras changed ?	have our salamanders that your zebras confused haven't changed ?
SRC	hasn't the tyrannosaurus who our peacock has amused smiled ?	has the tyrannosaurus who our peacock amused hasn't smiled ?
SRC	has your peacock that my xylophone hasn't confused smiled ?	hasn't your peacock that my xylophone confused has smiled ?
SRC	haven't our yaks that have eaten slept ?	have our yaks that eaten eaten ?
SRC	has my unicorn who hasn't moved eaten ?	hasn't my unicorn who moved ? eaten ?
SRC	have my newts who haven't swum giggled ?	haven't my newts who have giggled ?
SRC	haven't my newts who have changed smiled ?	have my newts who changed smiled ?
SRC	has my xylophone who hasn't swum giggled ?	hasn't my xylophone who swum giggled ?
SRC	hasn't my yak who has eaten slept ?	has my yak who eaten eaten ?
SRC	haven't some vultures who have swum read ?	have some vultures who have swum ?
SRC	has the zebra that hasn't eaten read ?	hasn't the zebra that eaten eaten ?
SRC	hasn't my quail who has changed moved ?	hasn't my quail who changed moved ?
SRC	has your salamander who hasn't smiled moved ?	hasn't your salamander who smiled moved ?
SRC	have her peacocks who haven't applauded my walruses waited ?	haven't her peacocks who applauded my walruses have waited ?
SRC	have my peacocks who haven't annoyed my tyrannosauruses slept ?	haven't my peacocks who annoyed my tyrannosauruses have slept ?
SRC	haven't my tyrannosauruses who have entertained her peacock moved ?	have my tyrannosauruses who her entertained her moved ? ?
SRC	haven't my zebras who have comforted my vulture swum ?	have my zebras who comforted my vulture haven't swum ?
SRC	has our yak that hasn't annoyed her xylophones giggled ?	hasn't our yak that annoyed her xylophones has giggled ?
SRC	has your newt who hasn't smiled moved ?	hasn't your newt who smiled moved ?
SRC	hasn't some vulture who has changed changed ?	hasn't some vulture who changed changed changed ?
SRC	haven't my salamanders who have slept eaten ?	have my salamanders who slept eaten ?
SRC	haven't the ravens who have waited slept ?	have the ravens who have slept ?
SRC	has some yak that hasn't changed slept ?	hasn't some yak that changed slept ?
SRC	hasn't our vulture that has read moved ?	hasn't our vulture that has moved ?
SRC	haven't my newts that have waited moved ?	have my newts that haven't moved ?
SRC	haven't some unicorns that have giggled eaten ?	have some unicorns that giggled eaten ?
SRC	hasn't the unicorn who has swum moved ?	hasn't the unicorn who swum moved ?
SRC	hasn't the unicorn that has read moved ?	has the unicorn that hasn't moved ?
SRC	hasn't my salamander who my newt has amused smiled ?	has my salamander who my newt amused hasn't smiled ?
SRC	have my ravens who haven't confused your tyrannosaurus read ?	haven't my ravens who your tyrannosaurus tyrannosaurus have read ?
SRC	has my vulture that the newt hasn't comforted smiled ?	hasn't my vulture that the newt comforted has smiled ?
SRC	has our newt who hasn't annoyed my tyrannosaurus smiled ?	hasn't our newt who annoyed my tyrannosaurus has smiled ?
SRC	haven't some orangutans that have moved accepted our salamanders ?	have some orangutans that haven't accepted our salamanders ? ?
SRC	has the yak who hasn't accepted some unicorn confused your walruses ?	hasn't the yak who some accepted some unicorn confused your walruses ?
SRC	have your ravens that my salamanders haven't annoyed applauded her yaks ?	haven't your ravens that my salamanders annoyed applauded her yaks applauded ?
SRC	has my walrus that the walrus hasn't annoyed amused my unicorns ?	hasn't my walrus that the walrus annoyed has amused my unicorns ?
SRC	hasn't her orangutan that has amused some tyrannosauruses entertained her quails ?	has her orangutan that amused some tyrannosauruses hasn't entertained her quails ?
SRC	hasn't the newt that the tyrannosaurus has admired comforted our quails ?	has the newt that the tyrannosaurus admired our comforted our quails ?
SRC	haven't our walruses that the xylophones have accepted changed ?	have our walruses that the xylophones accepted haven't changed ?
SRC	hasn't my salamander that some zebra has amused swum ?	has my salamander that some zebra amused hasn't swum ?
SRC	haven't your peacocks who have comforted my zebra read ?	have your peacocks who comforted my zebra read ? ?
SRC	has some newt who our salamander hasn't applauded swum ?	hasn't some newt who our salamander applauded has swum ?
SRC	haven't your tyrannosauruses who have comforted our walrus moved ?	have your tyrannosauruses who our comforted our walrus ? ?
SRC	has our yak that her raven hasn't confused eaten ?	hasn't our yak that her raven confused has eaten ?
SRC	hasn't your zebra who some yak has entertained slept ?	has your zebra who some yak entertained hasn't slept ?
SRC	have some zebras that haven't moved accepted my quails ?	haven't some zebras that moved moved my quails ? ?
SRC	haven't the salamanders that have applauded our xylophone slept ?	have the salamanders that applauded our xylophone haven't slept ?
SRC	hasn't the unicorn that has giggled admired her zebras ?	has the unicorn that giggled admired her zebras ? ?
SRC	have some unicorns that haven't comforted our yaks swum ?	haven't some unicorns that comforted our yaks swum ?
SRC	haven't the quails who our tyrannosauruses have amused moved ?	have the quails who our tyrannosauruses amused haven't moved ?
SRC	haven't some unicorns who have accepted my unicorn changed ?	have some unicorns who accepted my unicorn changed ?
SRC	hasn't my raven who her raven has accepted moved ?	has my raven who her raven accepted hasn't moved ?
SRC	hasn't our xylophone that has changed applauded the ravens ?	has our xylophone that changed applauded applauded the ravens ?
SRC	haven't your quails who the newts have comforted confused your ravens ?	have your quails who the newts comforted confused your ravens ? ?
SRC	haven't our ravens who have accepted our tyrannosaurus entertained some walrus ?	have our ravens who our tyrannosaurus our tyrannosaurus entertained some walrus ?
SRC	hasn't our quail who has amused her peacock applauded the quail ?	has our quail who her amused her peacock hasn't applauded the quail ?
SRC	has the newt who hasn't comforted your vulture comforted her ravens ?	hasn't the newt who your vulture vulture has comforted her ravens ?
SRC	hasn't your raven who some raven has confused admired our newts ?	has your raven who some raven confused hasn't admired our newts ?
SRC	haven't her yaks who have giggled remembered your newts ?	have her yaks who haven't remembered your newts ? ?
SRC	hasn't some walrus that has annoyed our salamanders read ?	has some walrus that annoyed our salamanders read ? ?
SRC	hasn't her quail that some vulture has comforted swum ?	has her quail that some vulture comforted swum ?
SRC	has our newt that hasn't remembered our unicorn slept ?	hasn't our newt that remembered our unicorn has slept ?
SRC	has her peacock that hasn't applauded your peacock giggled ?	hasn't her peacock that applauded your peacock has giggled ?
SRC	have your zebras that haven't applauded our xylophones swum ?	haven't your zebras that applauded our xylophones swum ? ?
SRC	haven't my zebras that her peacocks have confused waited ?	have my zebras that her peacocks confused haven't waited ?
SRC	haven't your walruses that our salamanders have admired read ?	have your walruses that our salamanders admired haven't read ?
SRC	hasn't the walrus who some newt has applauded slept ?	has the walrus who some newt applauded slept ? ?
SRC	haven't my peacocks who some yaks have applauded waited ?	have my peacocks who some yaks applauded waited ?
SRC	haven't your peacocks who have admired some quails waited ?	have your peacocks who some admired some waited ? ?
SRC	has your unicorn that hasn't accepted my raven changed ?	hasn't your unicorn that accepted my raven has changed ?
SRC	has her vulture who hasn't annoyed the orangutan eaten ?	hasn't her vulture who the orangutan orangutan has eaten ?
SRC	has your yak that hasn't admired the xylophone slept ?	hasn't your yak that the admired the has slept ?
SRC	have her yaks that the unicorns haven't applauded moved ?	haven't her yaks that the unicorns applauded applauded ? ?
SRC	have the salamanders who haven't confused your orangutan waited ?	haven't the salamanders who your orangutan confused have waited ?
SRC	hasn't some vulture who our walrus has remembered smiled ?	has some vulture who our walrus remembered hasn't smiled ?
SRC	has the unicorn who hasn't annoyed some quails eaten ?	hasn't the unicorn who some annoyed some eaten ?
SRC	have some orangutans that haven't slept applauded the quails ?	haven't some orangutans that have applauded applauded the quails ?
SRC	hasn't her raven who your raven has confused slept ?	has her raven who your raven confused hasn't slept ?
SRC	has your xylophone who some zebra hasn't entertained accepted my tyrannosaurus by her xylophone ?	hasn't your xylophone who some zebra entertained has accepted my tyrannosaurus by her xylophone ?
SRC	haven't her quails that have admired our unicorns admired our ravens near the walrus ?	have her quails that admired our unicorns admired our ravens near the walrus near the walrus
SRC	have my salamanders that haven't amused her newts admired her orangutans by your vultures ?	haven't my salamanders that amused her newts have admired her orangutans by your vultures ?
SRC	have our xylophones who our yaks haven't applauded annoyed your peacock above the vultures ?	haven't our xylophones who our yaks applauded annoyed your peacock above the vultures ? ?
SRC	hasn't her vulture who my zebra has admired entertained some peacock by our peacock ?	has her vulture who my zebra admired hasn't entertained some peacock by our peacock ?
SRC	hasn't our walrus who has eaten swum ?	hasn't our walrus who eaten eaten ?
SRC	has my tyrannosaurus who hasn't changed moved ?	hasn't my tyrannosaurus who changed moved ?
SRC	haven't our walruses who have giggled swum ?	have our walruses who giggled swum ?
SRC	hasn't some raven that has eaten eaten ?	has some raven that eaten eaten ?
SRC	hasn't some tyrannosaurus who has read changed ?	hasn't some tyrannosaurus who read changed changed ?
SRC	hasn't the vulture who has admired her salamanders changed ?	has the vulture who her salamanders admired her changed ?
SRC	has her raven that hasn't annoyed some salamanders giggled ?	hasn't her raven that some salamanders some giggled ? ?
SRC	has some walrus who hasn't read annoyed my tyrannosauruses ?	hasn't some walrus who read annoyed my tyrannosauruses ? ?
SRC	haven't her ravens who have moved applauded your yak ?	have her ravens who moved moved your yak ?
SRC	has the xylophone who hasn't annoyed our xylophone swum ?	hasn't the xylophone who our xylophone xylophone has swum ?
SRC	haven't some ravens who have amused her xylophone eaten ?	have some ravens who her amused her eaten ?
SRC	have my ravens that haven't comforted the tyrannosauruses moved ?	haven't my ravens that comforted the tyrannosauruses have moved ?
SRC	haven't her vultures that some orangutans have amused giggled ?	have her vultures that some orangutans amused giggled ? ?
SRC	have some xylophones that my walruses haven't accepted giggled ?	haven't some xylophones that my walruses accepted have giggled ?
SRC	haven't our zebras who have admired some yak read ?	have our zebras who some yak some read ? ?
SRC	hasn't some raven that has admired her xylophone eaten ?	has some raven that admired her xylophone hasn't eaten ?
SRC	hasn't some yak who the salamander has accepted changed ?	has some yak who the salamander accepted hasn't changed ?
SRC	has my xylophone who hasn't confused our newts giggled ?	hasn't my xylophone who our newts newts has giggled ?
SRC	has our newt who hasn't applauded some vulture swum ?	hasn't our newt who applauded some vulture has swum ?
SRC	has your orangutan that hasn't admired the xylophones read ?	hasn't your orangutan that the admired the xylophones read ?
SRC	has my salamander that our peacock hasn't accepted confused your ravens ?	hasn't my salamander that our peacock accepted has confused your ravens ?
SRC	has our zebra that hasn't comforted our vultures applauded our tyrannosauruses ?	hasn't our zebra that our comforted our vultures applauded our tyrannosauruses ?
SRC	has our quail that our salamander hasn't amused amused the newts ?	hasn't our quail that our salamander amused has amused the newts ?
SRC	hasn't her walrus that our walrus has accepted accepted some orangutan ?	has her walrus that our walrus accepted hasn't accepted some orangutan ?
SRC	hasn't her xylophone that your unicorn has amused admired your newt ?	has her xylophone that your unicorn amused hasn't admired your newt ?
SRC	have her tyrannosauruses that my yaks haven't admired amused my quail ?	haven't her tyrannosauruses that my yaks admired have amused my quail ?
SRC	haven't her unicorns that have admired some xylophone remembered our orangutans ?	have her unicorns that some admired some remembered our orangutans ? ?
SRC	hasn't some salamander who your tyrannosaurus has admired comforted some salamander ?	has some salamander who your tyrannosaurus admired hasn't comforted some salamander ?
SRC	hasn't my zebra who our zebra has accepted admired our salamanders ?	has my zebra who our zebra accepted hasn't admired our salamanders ?
SRC	haven't our yaks that your yaks have admired smiled ?	have our yaks that your yaks admired haven't smiled ? ?
SRC	hasn't her vulture who has moved annoyed the newt ?	hasn't her vulture who moved moved the newt ? ?
SRC	have your walruses who haven't entertained her unicorns moved ?	haven't your walruses who her entertained her moved ? ?
SRC	hasn't our peacock who has giggled amused some tyrannosaurus ?	hasn't our peacock who giggled amused some tyrannosaurus ? ?
SRC	have our newts that haven't eaten entertained her yaks ?	haven't our newts that eaten eaten entertained her yaks ?
SRC	haven't the vultures who my salamanders have comforted smiled ?	have the vultures who my salamanders comforted smiled ? ?
SRC	has some tyrannosaurus who some quail hasn't remembered moved ?	hasn't some tyrannosaurus who some quail remembered has moved ?
SRC	has some orangutan that my unicorn hasn't remembered smiled ?	hasn't some orangutan that my unicorn remembered has smiled ?
SRC	hasn't your peacock that has amused our peacocks swum ?	has your peacock that our amused our peacocks swum ?
SRC	haven't some newts that have remembered your xylophone swum ?	have some newts that remembered your xylophone haven't swum ?
SRC	haven't our walruses who have confused the zebras slept ?	have our walruses who the zebras confused slept ? ?
SRC	haven't the walruses who have remembered our orangutans admired some walruses near your tyrannosauruses ?	have the walruses who our orangutans haven't admired some walruses near your tyrannosauruses ? ?
SRC	haven't your zebras that have amused some unicorns admired your newts behind the zebra ?	have your zebras that some amused some unicorns admired your newts behind the zebra ?
SRC	have our zebras that haven't amused some vulture confused our quails upon our orangutan ?	haven't our zebras that some amused some vulture have confused our orangutan upon our orangutan ?
SRC	haven't her quails who the orangutans have entertained admired some peacocks below your walruses ?	have her quails who the orangutans entertained haven't admired some peacocks below your walruses ?
SRC	hasn't the raven who my newt has amused entertained our tyrannosaurus upon my vultures ?	has the raven who my newt amused hasn't entertained our tyrannosaurus upon my vultures ?
SRC	have your newts who our newts haven't annoyed eaten ?	haven't your newts who our newts annoyed have eaten ?
SRC	has our yak that hasn't comforted some walrus eaten ?	hasn't our yak that comforted some walrus has eaten ?
SRC	have her vultures who your quails haven't confused giggled ?	haven't her vultures who your quails confused have giggled ?
SRC	has some quail that hasn't annoyed the peacocks slept ?	hasn't some quail that the annoyed the peacocks slept ?
SRC	hasn't the quail who has read confused our unicorns ?	hasn't the quail who read confused our unicorns ? ?
SRC	haven't our salamanders that have waited moved ?	have our salamanders that have moved ?
SRC	haven't the ravens who have eaten swum ?	have the ravens who eaten eaten ?
SRC	haven't her vultures that have giggled moved ?	have her vultures that giggled moved ?
SRC	hasn't our walrus who has eaten read ?	hasn't our walrus who eaten eaten ?
SRC	have the walruses who haven't slept changed ?	haven't the walruses who slept changed changed ?
SRC	haven't your yaks who have swum amused some ravens near her salamander ?	have your yaks who have amused some ravens near her salamander ? ?
SRC	haven't your tyrannosauruses who have moved remembered some quails with our newt ?	have your tyrannosauruses who moved moved remembered some quails with our newt ?
SRC	has some zebra who hasn't waited remembered some xylophone by my vulture ?	hasn't some zebra who has remembered some xylophone by my vulture by my ?
SRC	have my ravens that haven't smiled comforted some vulture above our salamander ?	haven't my ravens that smiled comforted some vulture above our vulture ? ?
SRC	hasn't my raven who has eaten amused her unicorn upon our walrus ?	hasn't my raven who eaten eaten amused her unicorn upon our walrus ?
SRC	have the salamanders that haven't giggled read ?	haven't the salamanders that giggled read ?
SRC	has your raven that hasn't giggled waited ?	hasn't your raven that giggled ? waited ?
SRC	has some vulture that hasn't read smiled ?	hasn't some vulture that read smiled ?
SRC	has the orangutan who hasn't read swum ?	hasn't the orangutan who has swum ?
SRC	have some xylophones that haven't changed swum ?	haven't some xylophones that changed swum ?
SRC	haven't my orangutans that have waited giggled ?	have my orangutans that haven't giggled ?
SRC	hasn't the raven that has swum waited ?	has the raven that swum waited waited ?
SRC	has your quail who hasn't slept giggled ?	hasn't your quail who slept giggled ? ?
SRC	has my newt that hasn't swum slept ?	hasn't my newt that swum slept ?
SRC	have my newts who haven't giggled swum ?	haven't my newts who giggled swum ?
SRC	have our peacocks that haven't moved annoyed the peacocks ?	haven't our peacocks that moved moved the peacocks ? ?
SRC	haven't our unicorns that have comforted our tyrannosauruses smiled ?	have our unicorns that comforted our tyrannosauruses haven't smiled ?
SRC	hasn't your zebra that has applauded my quails moved ?	has your zebra that applauded my quails hasn't moved ?
SRC	hasn't some walrus that has confused some quail giggled ?	has some walrus that some confused some giggled ? ?
SRC	haven't your vultures who have comforted her quail eaten ?	have your vultures who comforted her quail haven't eaten ?
SRC	hasn't my salamander who my raven has comforted comforted my walrus ?	has my salamander who my raven comforted comforted my walrus ? ?
SRC	have the walruses that haven't entertained the walrus admired my newts ?	haven't the walruses that the entertained the admired my newts ? ?
SRC	hasn't her zebra who your xylophone has amused entertained the xylophones ?	has her zebra who your xylophone amused hasn't entertained the xylophones ?
SRC	have your ravens that her vultures haven't amused confused our peacocks ?	haven't your ravens that her vultures amused confused our peacocks ? ?
SRC	hasn't my quail who my yak has accepted admired my vulture ?	has my quail who my yak accepted hasn't admired my vulture ?
SRC	haven't the walruses who have applauded your walruses moved ?	have the walruses who applauded your walruses haven't moved ?
SRC	has the xylophone that her walrus hasn't comforted read ?	hasn't the xylophone that her walrus comforted has read ?
SRC	hasn't my unicorn who has changed confused our salamanders ?	hasn't my unicorn who changed confused our salamanders ? ?
SRC	hasn't some xylophone that your salamander has confused changed ?	has some xylophone that your salamander confused hasn't changed ?
SRC	hasn't her xylophone that has changed entertained some tyrannosauruses ?	has her xylophone that changed entertained some tyrannosauruses ? ?
SRC	has her salamander who hasn't changed moved ?	hasn't her salamander who changed moved ?
SRC	has some tyrannosaurus that hasn't waited waited ?	hasn't some tyrannosaurus that waited waited waited ?
SRC	haven't your zebras that have changed read ?	have your zebras that have read ?
SRC	hasn't my zebra who has waited smiled ?	hasn't my zebra who has smiled ?
SRC	hasn't some zebra that has smiled smiled ?	hasn't some zebra that smiled smiled smiled ?
SRC	have the xylophones who haven't accepted her salamander changed ?	haven't the xylophones who her accepted her changed ? ?
SRC	has her xylophone that hasn't slept annoyed our newt ?	hasn't her xylophone that slept annoyed our newt ? ?
SRC	haven't some quails that have accepted her orangutans smiled ?	have some quails that accepted her orangutans haven't smiled ?
SRC	hasn't our walrus that my quail has admired waited ?	has our walrus that my quail admired hasn't waited ?
SRC	hasn't the unicorn who has accepted the newt eaten ?	has the unicorn who the accepted the newt ?
SRC	have her orangutans who haven't smiled smiled ?	haven't her orangutans who smiled smiled smiled ?
SRC	has the zebra who hasn't read swum ?	hasn't the zebra who read swum ?
SRC	hasn't the salamander who has eaten changed ?	hasn't the salamander who eaten eaten ?
SRC	has the peacock who hasn't eaten slept ?	hasn't the peacock who eaten eaten ?
SRC	haven't your salamanders that have waited changed ?	have your salamanders that have changed changed ?
SRC	haven't some walruses that have eaten smiled ?	have some walruses that eaten eaten ?
SRC	hasn't the unicorn that has changed changed ?	has the unicorn that changed changed changed ?
SRC	has our peacock that hasn't smiled smiled ?	hasn't our peacock that smiled smiled smiled ?
SRC	haven't the xylophones that have waited waited ?	have the xylophones that haven't waited waited ?
SRC	have some orangutans that haven't moved changed ?	haven't some orangutans that moved ? changed ?
SRC	hasn't our vulture who has comforted her zebras applauded the peacock below your unicorn ?	has our vulture who her zebras her applauded the peacock below your unicorn ?
SRC	hasn't her salamander who your unicorn has amused accepted my tyrannosauruses below her salamanders ?	has her salamander who your unicorn amused hasn't accepted my tyrannosauruses below her salamanders ?
SRC	has my peacock that our raven hasn't remembered admired my peacocks below her quails ?	hasn't my peacock that our raven remembered has admired my peacocks below her quails ?
SRC	haven't some zebras that have confused our unicorn accepted some unicorn near our zebras ?	have some zebras that our confused our unicorn accepted some unicorn near our zebras ?
SRC	hasn't our unicorn who our quail has comforted accepted my walruses behind your vulture ?	has our unicorn who our quail comforted my walruses accepted my walruses behind your vulture ?
SRC	has some xylophone who hasn't waited read ?	hasn't some xylophone who waited waited ?
SRC	hasn't her quail that has giggled changed ?	has her quail that giggled changed changed ?
SRC	haven't her walruses who have smiled giggled ?	have her walruses who smiled giggled giggled ?
SRC	haven't some salamanders that have swum moved ?	have some salamanders that swum moved ?
SRC	have the orangutans who haven't slept giggled ?	haven't the orangutans who slept giggled ?
SRC	hasn't our newt who has admired your salamanders accepted the vultures ?	has our newt who your salamanders admired your vultures accepted the vultures ?
SRC	have the walruses that haven't amused your raven annoyed some raven ?	haven't the walruses that your amused your raven annoyed some raven ?
SRC	haven't my peacocks that have comforted my raven confused the ravens ?	have my peacocks that comforted my raven confused the ravens ? ?
SRC	hasn't the tyrannosaurus that has entertained some tyrannosaurus comforted my yak ?	has the tyrannosaurus that some entertained some tyrannosaurus hasn't comforted my yak ?
SRC	haven't your salamanders who have comforted the vulture amused the unicorn ?	have your salamanders who the comforted the vulture amused the unicorn ?
SRC	has our quail who her xylophone hasn't comforted read ?	hasn't our quail who her xylophone comforted has read ?
SRC	haven't some peacocks who your orangutans have entertained swum ?	have some peacocks who your orangutans entertained haven't swum ?
SRC	hasn't the peacock who my unicorn has annoyed giggled ?	has the peacock who my unicorn annoyed hasn't giggled ?
SRC	have some tyrannosauruses that haven't accepted my unicorn giggled ?	haven't some tyrannosauruses that accepted my unicorn giggled ? ?
SRC	haven't our vultures who have applauded our quail moved ?	have our vultures who applauded our quail haven't moved ?
SRC	have my walruses who our ravens haven't remembered applauded the zebra ?	haven't my walruses who our ravens remembered have applauded the zebra ?
SRC	have the tyrannosauruses who haven't remembered the vultures entertained our zebra ?	haven't the tyrannosauruses who the vultures entertained have entertained our zebra ?
SRC	hasn't her quail who my unicorn has applauded amused the newt ?	has her quail who my unicorn applauded hasn't amused the newt ?
SRC	hasn't her yak that has amused your unicorn admired her salamanders ?	has her yak that amused your unicorn hasn't admired her salamanders ?
SRC	has my tyrannosaurus who hasn't accepted our unicorns annoyed your unicorn ?	hasn't my tyrannosaurus who our unicorns our has annoyed your unicorn ?
SRC	haven't the yaks that the orangutans have applauded applauded the zebras below my zebra ?	have the yaks that the orangutans applauded applauded the zebras below my zebra below ?
SRC	haven't your unicorns who have accepted my unicorn annoyed the unicorn with my peacock ?	have your unicorns who my accepted my unicorn annoyed the unicorn with my peacock ?
SRC	have her ravens that my walruses haven't entertained confused our peacocks below our quails ?	haven't her ravens that my walruses entertained have confused our peacocks below our quails ?
SRC	have my quails who the vultures haven't applauded remembered my orangutans with the zebra ?	haven't my quails who the vultures applauded remembered my orangutans with the zebra ?
SRC	hasn't the yak who has entertained some walrus entertained our newts by her salamanders ?	has the yak who some walrus entertained hasn't entertained our newts by her salamanders ?
SRC	has your salamander who hasn't read read ?	hasn't your salamander who read read read ?
SRC	haven't the newts who have eaten changed ?	have the newts who eaten eaten ?
SRC	haven't the tyrannosauruses that have eaten moved ?	have the tyrannosauruses that eaten eaten ?
SRC	has our raven who hasn't changed read ?	hasn't our raven who changed read ?
SRC	have your walruses who haven't smiled slept ?	haven't your walruses who smiled ? slept ?
SRC	have our ravens that your zebras haven't annoyed applauded some vulture near your tyrannosaurus ?	haven't our ravens that your zebras annoyed applauded some vulture near your tyrannosaurus ? ?
SRC	have my xylophones that haven't entertained our vultures amused your yaks near some newts ?	haven't my xylophones that our vultures amused have amused your yaks near some newts ?
SRC	has some newt who hasn't remembered the raven admired your walrus near the orangutan ?	hasn't some newt who remembered the raven admired your walrus near the orangutan near the orangutan
SRC	haven't your salamanders who have remembered some zebras confused her peacock behind her walrus ?	have your salamanders who have some zebras confused her peacock behind her walrus ?
SRC	has the vulture who your peacock hasn't applauded applauded the quails near your unicorns ?	hasn't the vulture who your peacock applauded applauded the quails near your unicorns ?
SRC	has her tyrannosaurus who some quail hasn't remembered amused my quails ?	hasn't her tyrannosaurus who some quail remembered amused my quails ? ?
SRC	haven't our tyrannosauruses who have entertained my tyrannosaurus comforted her orangutan ?	have our tyrannosauruses who my entertained my comforted her orangutan ? ?
SRC	hasn't the vulture that has amused my walrus confused my tyrannosauruses ?	has the vulture that amused my walrus hasn't confused my tyrannosauruses ?
SRC	haven't some vultures who have admired some walruses admired your xylophones ?	have some vultures who some walruses admired admired your xylophones admired ?
SRC	haven't the ravens who have applauded our yak remembered her peacock ?	have the ravens who our yak yak remembered her remembered her peacock ?
SRC	haven't our ravens that have smiled smiled ?	have our ravens that smiled smiled smiled ?
SRC	have my newts that haven't read eaten ?	haven't my newts that have eaten ?
SRC	haven't some salamanders that have smiled moved ?	have some salamanders that smiled moved ?
SRC	haven't our peacocks who have read eaten ?	have our peacocks who haven't eaten ?
SRC	has her peacock who hasn't smiled eaten ?	hasn't her peacock who smiled eaten ?
SRC	haven't our xylophones that have smiled entertained her vultures upon some unicorn ?	have our xylophones that smiled entertained her vultures upon some unicorn ? ?
SRC	have some tyrannosauruses that haven't moved annoyed my salamanders upon some zebras ?	haven't some tyrannosauruses that moved moved annoyed my salamanders upon some zebras ?
SRC	has the tyrannosaurus that hasn't giggled accepted her zebras with my salamanders ?	hasn't the tyrannosaurus that giggled accepted her zebras with my with my salamanders ?
SRC	has my yak that hasn't moved annoyed the salamanders with our walrus ?	hasn't my yak that moved moved the salamanders with the salamanders with ?
SRC	hasn't my quail who has swum admired our vulture with the newts ?	has my quail who swum admired our vulture with the vulture ? ?
SRC	has my salamander that hasn't swum read ?	hasn't my salamander that swum ? read ?
SRC	has my newt who hasn't smiled waited ?	hasn't my newt who smiled smiled waited ?
SRC	hasn't our xylophone that has slept changed ?	has our xylophone that slept changed changed ?
SRC	hasn't our walrus who has eaten moved ?	hasn't our walrus who eaten eaten ?
SRC	have my xylophones who haven't slept moved ?	haven't my xylophones who slept moved ?
SRC	have some quails that her zebras haven't accepted entertained the zebra around my zebra ?	haven't some quails that her zebras accepted have entertained the zebra around my zebra ?
SRC	has your quail that some walrus hasn't accepted comforted some xylophone around her orangutans ?	hasn't your quail that some walrus accepted some has comforted some orangutans around her orangutans ?
SRC	hasn't the tyrannosaurus that our peacock has annoyed remembered her unicorns by our tyrannosauruses ?	has the tyrannosaurus that our peacock annoyed hasn't remembered her unicorns by our tyrannosauruses ?
SRC	has the peacock that her quail hasn't confused accepted our salamander above her salamanders ?	hasn't the peacock that her quail confused our salamander accepted our salamander above her salamanders ?
SRC	have my yaks that haven't annoyed the zebras amused our orangutans around her xylophones ?	haven't my yaks that annoyed the zebras amused our orangutans around her xylophones around ?
SRC	have our newts who our ravens haven't amused remembered my orangutans by some quails ?	haven't our newts who our ravens amused remembered my orangutans by some quails ?
SRC	hasn't her zebra that has applauded the tyrannosauruses annoyed my quails behind some xylophones ?	has her zebra that applauded the tyrannosauruses hasn't annoyed my quails behind some xylophones ?
SRC	have our zebras who haven't confused some quails remembered your raven near our tyrannosauruses ?	haven't our zebras who some confused some remembered your raven near our tyrannosauruses ? ?
SRC	haven't your yaks who her vultures have confused entertained the salamanders behind our tyrannosaurus ?	have your yaks who her vultures confused the entertained the salamanders behind our tyrannosaurus ?
SRC	hasn't some zebra that has amused our orangutan accepted our zebra below your tyrannosaurus ?	has some zebra that amused our orangutan hasn't accepted our zebra below your tyrannosaurus ?
SRC	has some vulture that hasn't smiled remembered her salamanders ?	hasn't some vulture that smiled ? remembered her salamanders ?
SRC	have some ravens that haven't confused my orangutans eaten ?	haven't some ravens that my confused my orangutans eaten ?
SRC	hasn't the raven that her peacock has admired smiled ?	has the raven that her peacock admired hasn't smiled ?
SRC	have my salamanders that haven't admired some zebra eaten ?	haven't my salamanders that some admired some eaten ?
SRC	haven't my vultures that have amused some vultures waited ?	have my vultures that have amused some waited ?
SRC	haven't my newts that have slept eaten ?	have my newts that have eaten ?
SRC	haven't our zebras who have swum giggled ?	have our zebras who have giggled giggled ?
SRC	hasn't our newt who has changed changed ?	hasn't our newt who changed changed changed ?
SRC	hasn't some zebra who has swum changed ?	has some zebra who swum changed ?
SRC	hasn't our salamander that has giggled waited ?	has our salamander that giggled waited waited ?
SRC	hasn't the unicorn who the unicorn has admired moved ?	has the unicorn who the unicorn admired hasn't moved ?
SRC	have the yaks that haven't entertained some ravens eaten ?	haven't the yaks that some entertained some ravens eaten ?
SRC	haven't some vultures that our quails have remembered moved ?	have some vultures that our quails remembered haven't moved ?
SRC	hasn't our vulture who has annoyed our vulture moved ?	has our vulture who annoyed our vulture hasn't moved ?
SRC	hasn't the vulture that has amused her zebras smiled ?	has the vulture that her amused her smiled ? ?
SRC	have my quails who haven't swum giggled ?	haven't my quails who swum giggled ?
SRC	has her xylophone that hasn't giggled waited ?	hasn't her xylophone that giggled ? waited ?
SRC	have our tyrannosauruses that haven't swum eaten ?	haven't our tyrannosauruses that swum eaten ?
SRC	haven't my newts that have slept moved ?	have my newts that have moved ?
SRC	hasn't our raven that has swum slept ?	has our raven that swum slept ?
SRC	haven't my quails that have applauded her peacock admired some quail above some newts ?	have my quails that applauded her peacock admired some quail above some newts ?
SRC	haven't her yaks that have accepted my yaks entertained your unicorn upon some unicorn ?	have her yaks that accepted my yaks entertained your unicorn upon some unicorn ?
SRC	haven't some salamanders who have accepted some walrus remembered my yaks above our peacocks ?	have some salamanders who some accepted some remembered my yaks above our peacocks above our peacocks
SRC	hasn't my xylophone who has admired our unicorn amused some tyrannosauruses below the tyrannosaurus ?	has my xylophone who our unicorn admired hasn't amused some tyrannosauruses below the tyrannosaurus ?
SRC	hasn't her xylophone who your zebra has accepted remembered her vultures above our salamander ?	has her xylophone who your zebra accepted hasn't remembered her vultures above our salamander ?
SRC	haven't her ravens that have remembered our newts read ?	have her ravens that remembered our newts haven't read ?
SRC	have our orangutans who our tyrannosauruses haven't comforted swum ?	haven't our orangutans who our tyrannosauruses comforted swum ?
SRC	hasn't your orangutan who our salamander has remembered smiled ?	has your orangutan who our salamander remembered hasn't smiled ?
SRC	haven't your walruses that have annoyed the zebras read ?	have your walruses that the zebras the zebras read ?
SRC	have the unicorns who haven't amused her xylophone smiled ?	haven't the unicorns who her amused her smiled ? ?
SRC	have some newts that haven't moved comforted some xylophone ?	haven't some newts that moved ? comforted some xylophone ?
SRC	haven't her yaks who have confused the peacocks giggled ?	have her yaks who the peacocks the giggled ? ?
SRC	have her peacocks who her ravens haven't confused changed ?	haven't her peacocks who her ravens confused have changed ?
SRC	hasn't your walrus that your raven has confused moved ?	has your walrus that your raven confused hasn't moved ?
SRC	haven't our tyrannosauruses that have waited admired my tyrannosauruses ?	have our tyrannosauruses that haven't admired my tyrannosauruses ? ?
SRC	has some tyrannosaurus who hasn't waited applauded her newt with our peacocks ?	hasn't some tyrannosaurus who has applauded her newt with our peacocks with ?
SRC	has the walrus who hasn't smiled accepted some zebra behind the orangutan ?	hasn't the walrus who smiled accepted some zebra behind the orangutan behind ?
SRC	has my peacock who hasn't accepted the salamanders entertained our xylophone ?	hasn't my peacock who the accepted the salamanders has entertained our xylophone ?
SRC	haven't my xylophones that some quails have comforted applauded our zebra ?	have my xylophones that some quails comforted applauded our zebra ? ?
SRC	hasn't some raven who has remembered our tyrannosauruses annoyed the yak ?	has some raven who our tyrannosauruses hasn't annoyed the yak annoyed ? ?
SRC	hasn't our newt who has annoyed my xylophones read ?	has our newt who annoyed my xylophones read ? ?
SRC	has our walrus that our salamander hasn't remembered giggled ?	hasn't our walrus that our salamander remembered has giggled ?
SRC	have some zebras that haven't giggled confused your quails ?	haven't some zebras that giggled confused your quails ? ?
SRC	have your newts who the ravens haven't confused swum ?	haven't your newts who the ravens confused have swum ?
SRC	hasn't my raven that some xylophone has admired smiled ?	has my raven that some xylophone admired hasn't smiled ?
SRC	has some quail who hasn't accepted her salamander waited ?	hasn't some quail who her accepted her salamander waited ?
SRC	has your vulture who my peacock hasn't applauded moved ?	hasn't your vulture who my peacock applauded has moved ?
SRC	have my vultures who haven't changed remembered our unicorn ?	haven't my vultures who changed remembered our unicorn ? ?
SRC	hasn't some raven that has read remembered your unicorns ?	hasn't some raven that read remembered your unicorns ?
SRC	has our raven that the zebra hasn't confused eaten ?	hasn't our raven that the zebra confused has eaten ?
SRC	haven't our vultures who her newts have comforted read ?	have our vultures who her newts comforted haven't read ?
SRC	haven't some xylophones who have amused our unicorns eaten ?	have some xylophones who our amused our unicorns eaten ?
SRC	haven't our newts that our salamanders have applauded changed ?	have our newts that our salamanders applauded haven't changed ?
SRC	has her salamander who hasn't accepted my salamanders moved ?	hasn't her salamander who my salamanders accepted my moved ?
SRC	haven't your unicorns that your newts have annoyed slept ?	have your unicorns that your newts annoyed haven't slept ?
SRC	haven't some xylophones that have entertained her xylophone accepted the vulture above her peacock ?	have some xylophones that her entertained her accepted the vulture above her peacock ? ?
SRC	have some ravens that haven't accepted my orangutans entertained your quail near our vulture ?	haven't some ravens that accepted my orangutans entertained your quail near our vulture ? ?
SRC	hasn't our xylophone that your vulture has remembered annoyed my walruses near our vulture ?	has our xylophone that your vulture remembered hasn't annoyed my walruses near our vulture ?
SRC	has the vulture that her zebra hasn't admired admired the tyrannosaurus behind some walruses ?	hasn't the vulture that her zebra admired admired the tyrannosaurus behind some walruses behind ?
SRC	hasn't my salamander who has entertained our unicorn comforted my unicorns around the peacocks ?	has my salamander who entertained our unicorn comforted my unicorns around the peacocks ?
SRC	have some walruses that my yaks haven't accepted giggled ?	haven't some walruses that my yaks accepted have giggled ?
SRC	haven't her tyrannosauruses who have remembered your newt eaten ?	have her tyrannosauruses who your remembered your eaten ?
SRC	has the orangutan that hasn't entertained the unicorn eaten ?	hasn't the orangutan that the entertained the unicorn eaten ?
SRC	have the ravens that your peacocks haven't applauded read ?	haven't the ravens that your peacocks applauded some read ?
SRC	haven't my ravens who some vultures have remembered moved ?	have my ravens who some vultures remembered haven't moved ?
SRC	have my salamanders that haven't eaten entertained your tyrannosaurus behind our xylophones ?	haven't my salamanders that eaten eaten entertained your tyrannosaurus behind our xylophones ?
SRC	hasn't your orangutan who has slept entertained some orangutans near our quail ?	hasn't your orangutan who has entertained some orangutans near our orangutans ? ?
SRC	has my xylophone who hasn't moved accepted the tyrannosauruses with our salamander ?	hasn't my xylophone who moved has accepted the tyrannosauruses with our salamander ?
SRC	have her yaks that haven't giggled comforted our yak by my peacocks ?	haven't her yaks that giggled comforted our yak by my peacocks ? ?
SRC	haven't her salamanders that have swum accepted her ravens below my tyrannosaurus ?	have her salamanders that swum accepted her ravens below my ravens ? ?
SRC	has her vulture that hasn't swum comforted my newt behind some salamander ?	hasn't her vulture that swum comforted comforted my newt behind some salamander ?
SRC	haven't the salamanders who have waited annoyed her quail by the unicorns ?	have the salamanders who have annoyed her quail by the quail by the unicorns
SRC	hasn't the xylophone who has smiled confused our peacocks below my peacock ?	hasn't the xylophone who smiled smiled confused our peacocks below my peacock ?
SRC	have some orangutans who haven't smiled entertained the raven below some raven ?	haven't some orangutans who smiled entertained the raven below some raven below ?
SRC	have my xylophones that haven't eaten confused your tyrannosauruses behind our tyrannosauruses ?	haven't my xylophones that eaten eaten eaten confused your tyrannosauruses behind our tyrannosauruses ?
SRC	hasn't the zebra who has moved slept ?	hasn't the zebra who moved moved ?
SRC	has some yak that hasn't read swum ?	hasn't some yak that has swum ?
SRC	hasn't her quail that has waited changed ?	has her quail that hasn't changed changed ?
SRC	has our walrus that hasn't swum read ?	hasn't our walrus that swum ? read ?
SRC	has some salamander that hasn't smiled waited ?	hasn't some salamander that smiled smiled waited ?
SRC	haven't your peacocks who have swum comforted your walruses near your orangutan ?	have your peacocks who have comforted your walruses near your walruses ? ?
SRC	haven't your quails who have slept remembered some unicorns below the salamanders ?	have your quails who slept remembered some unicorns below the salamanders below ?
SRC	has the unicorn who hasn't eaten remembered some unicorn below the orangutans ?	hasn't the unicorn who eaten eaten remembered some unicorn below the orangutans ?
SRC	have your xylophones who haven't swum confused my peacock near some newts ?	haven't your xylophones who swum confused my peacock near some newts ? ?
SRC	hasn't our xylophone that has smiled amused the tyrannosaurus behind my orangutan ?	has our xylophone that smiled amused the tyrannosaurus behind my orangutan behind ?
SRC	haven't her tyrannosauruses who have changed read ?	have her tyrannosauruses who changed read ?
SRC	has your xylophone who hasn't changed eaten ?	hasn't your xylophone who changed eaten ?
SRC	has your newt who hasn't moved waited ?	hasn't your newt who moved ? waited ?
SRC	has my tyrannosaurus that hasn't giggled waited ?	hasn't my tyrannosaurus that giggled ? waited ?
SRC	hasn't some zebra that has changed changed ?	has some zebra that changed changed changed ?
SRC	hasn't your newt who has amused the vulture moved ?	has your newt who amused the vulture hasn't moved ?
SRC	haven't the peacocks that have comforted the unicorn giggled ?	have the peacocks that comforted the unicorn giggled ? ?
SRC	have the walruses that haven't entertained my newt slept ?	haven't the walruses that my entertained my slept ? ?
SRC	have some salamanders that haven't accepted our orangutan slept ?	haven't some salamanders that accepted our orangutan slept ? ?
SRC	has our vulture who some raven hasn't remembered waited ?	hasn't our vulture who some raven remembered has waited ?
SRC	hasn't the yak that has confused my peacock smiled ?	has the yak that my peacock my peacock smiled ?
SRC	have our zebras who our zebras haven't entertained swum ?	haven't our zebras who our zebras entertained have swum ?
SRC	hasn't her peacock who has read entertained the zebras ?	hasn't her peacock who read entertained the zebras ? ?
SRC	have the yaks who my xylophones haven't remembered read ?	haven't the yaks who my xylophones remembered have read ?
SRC	have my vultures that haven't read entertained the walrus ?	haven't my vultures that read entertained the walrus ? ?
SRC	has her zebra who hasn't read waited ?	hasn't her zebra who read waited waited ?
SRC	hasn't the yak who has waited slept ?	hasn't the yak who waited waited ?
SRC	haven't some ravens who have swum waited ?	have some ravens who have waited waited ?
SRC	have your tyrannosauruses who haven't slept slept ?	haven't your tyrannosauruses who slept slept ? ?
SRC	hasn't some zebra who has changed smiled ?	hasn't some zebra who changed smiled ?
SRC	have your newts who your unicorns haven't remembered waited ?	haven't your newts who your unicorns remembered have waited ?
SRC	has her quail who my xylophone hasn't applauded changed ?	hasn't her quail who my xylophone applauded has changed ?
SRC	has your quail that hasn't slept amused some tyrannosaurus ?	hasn't your quail that slept amused some tyrannosaurus ? ?
SRC	hasn't her vulture who your walrus has annoyed swum ?	has her vulture who your walrus annoyed hasn't swum ?
SRC	has our walrus who hasn't swum comforted the salamanders ?	hasn't our walrus who swum comforted the salamanders ? ?
SRC	haven't her unicorns that have changed confused your unicorn behind her salamander ?	have her unicorns that changed confused your unicorn behind her salamander ? ?
SRC	has your unicorn who hasn't slept entertained her quails around our peacocks ?	hasn't your unicorn who has entertained her quails around our peacocks around our
SRC	has some yak who hasn't eaten entertained my walrus below my zebra ?	hasn't some yak who eaten eaten entertained my walrus below my zebra ?
SRC	haven't our xylophones that have smiled accepted her salamander near your newt ?	have our xylophones that smiled accepted her salamander near your salamander newt ?
SRC	hasn't her raven that has moved annoyed your salamanders below her orangutans ?	has her raven that moved moved your salamanders below her orangutans ? ?
SRC	have our quails who haven't admired your newts applauded some peacock behind the newt ?	haven't our quails who your newts newts have applauded some peacock behind the newt ?
SRC	hasn't our xylophone that has applauded my tyrannosauruses admired some walruses around her orangutan ?	has our xylophone that applauded my tyrannosauruses hasn't admired some walruses around her orangutan ?
SRC	hasn't the xylophone that has smiled applauded your zebras by some quails ?	has the xylophone that smiled applauded your zebras by some zebras ? ?
SRC	haven't my yaks who have read comforted your newts upon my tyrannosaurus ?	have my yaks who haven't comforted your newts upon my tyrannosaurus ? ?
SRC	have the yaks who haven't read annoyed some yak below your tyrannosaurus ?	haven't the yaks who have annoyed some yak below your tyrannosaurus ? ?
SRC	have your newts who my orangutans haven't comforted entertained my walruses above some yak ?	haven't your newts who my orangutans comforted entertained have entertained my walruses above some yak ?
SRC	have the peacocks who haven't remembered some orangutans confused some orangutans by the walruses ?	haven't the peacocks who some orangutans confused have confused some orangutans by the walruses ?
SRC	hasn't some salamander that some walrus has confused comforted some vulture with some newts ?	has some salamander that some walrus confused some comforted some vulture with some newts ?
SRC	have my ravens that my peacocks haven't applauded entertained some unicorns around some xylophone ?	haven't my ravens that my peacocks applauded some unicorns entertained some xylophone around some xylophone ?
SRC	hasn't some peacock that has applauded our vultures accepted her tyrannosaurus by my raven ?	has some peacock that applauded our vultures accepted her tyrannosaurus by my raven by my
SRC	hasn't our yak who my salamander has amused changed ?	has our yak who my salamander amused hasn't changed ?
SRC	have the peacocks who haven't entertained my salamander smiled ?	haven't the peacocks who entertained my salamander have smiled ?
SRC	haven't the tyrannosauruses who have confused her quail smiled ?	have the tyrannosauruses who her confused her smiled ? ?
SRC	hasn't our peacock that has amused my unicorn eaten ?	has our peacock that amused my unicorn eaten ?
SRC	have her zebras that your ravens haven't comforted smiled ?	haven't her zebras that your ravens comforted smiled ? ?
SRC	haven't some salamanders that have read admired your orangutans ?	have some salamanders that have admired your orangutans ? ?
SRC	have some tyrannosauruses that haven't comforted my tyrannosauruses read ?	haven't some tyrannosauruses that comforted my tyrannosauruses have read ?
SRC	haven't her salamanders that the salamanders have accepted smiled ?	have her salamanders that the salamanders accepted haven't smiled ?
SRC	haven't your unicorns that have entertained some xylophone eaten ?	have your unicorns that some entertained some eaten ? ?
SRC	hasn't the vulture that has remembered our newts moved ?	has the vulture that remembered our newts moved ?
SRC	have the zebras who haven't admired your tyrannosaurus read ?	haven't the zebras who your tyrannosaurus your tyrannosaurus read ?
SRC	hasn't our vulture that some unicorn has annoyed eaten ?	has our vulture that some unicorn annoyed hasn't eaten ?
SRC	has the raven who some salamander hasn't comforted giggled ?	hasn't the raven who some salamander comforted giggled ? ?
SRC	haven't the salamanders that our orangutans have comforted eaten ?	have the salamanders that our orangutans comforted eaten ?
SRC	has your zebra who hasn't amused your quails slept ?	hasn't your zebra who your amused your slept ? ?
SRC	has our yak that the orangutan hasn't entertained read ?	hasn't our yak that the orangutan entertained has read ?
SRC	has our peacock that hasn't amused the quails changed ?	hasn't our peacock that amused the quails has changed ?
SRC	haven't her newts that your zebras have comforted eaten ?	have her newts that your zebras comforted eaten ?
SRC	hasn't my zebra that has accepted the newt eaten ?	has my zebra that the accepted the newt ?
SRC	hasn't some raven that has comforted our zebra smiled ?	has some raven that our comforted our zebra smiled ?
SRC	hasn't her tyrannosaurus that has confused your orangutan admired your salamanders behind some orangutans ?	has her tyrannosaurus that your orangutan orangutan hasn't admired your salamanders behind some orangutans ?
SRC	has your walrus that hasn't applauded your orangutan remembered my vulture with your zebras ?	hasn't your walrus that applauded your orangutan has remembered my vulture with your zebras ?
SRC	haven't my walruses that have remembered my yak remembered our xylophone upon your ravens ?	have my walruses that remembered my yak remembered our xylophone upon your ravens upon your
SRC	has my salamander who her tyrannosaurus hasn't annoyed amused your xylophones by her salamanders ?	hasn't my salamander who her tyrannosaurus annoyed has amused your xylophones by her salamanders ?
SRC	haven't her unicorns who have entertained our zebras accepted the zebra around my vultures ?	have her unicorns who our zebras our zebras accepted the zebra around my vultures ?
SRC	have the peacocks who haven't changed accepted our newt behind the orangutans ?	haven't the peacocks who changed accepted our newt behind the orangutans ? ?
SRC	have the newts that haven't read accepted some walrus above her walrus ?	haven't the newts that have accepted some walrus above her walrus ? ?
SRC	has the tyrannosaurus who hasn't slept applauded our zebra with my walruses ?	hasn't the tyrannosaurus who slept applauded our zebra with my walruses with ?
SRC	has our vulture that hasn't slept admired your raven above your vulture ?	hasn't our vulture that slept admired your raven above your vulture ? ?
SRC	has her raven who hasn't smiled comforted your ravens around your tyrannosauruses ?	hasn't her raven who smiled comforted your ravens around your around your tyrannosauruses ?
SRC	have some orangutans who some zebras haven't applauded changed ?	haven't some orangutans who some zebras applauded changed ? ?
SRC	haven't her ravens who have annoyed my ravens slept ?	have her ravens who have annoyed my ravens slept ?
SRC	haven't our orangutans that have smiled read ?	have our orangutans that smiled smiled ? ? ?
SRC	hasn't your salamander who has moved changed ?	hasn't your salamander who moved moved ? ? ?
SRC	haven't your yaks who have smiled swum ?	have your yaks who smiled smiled swum ? ?
SRC	hasn't the zebra that some walrus has confused slept ?	has the zebra that some walrus confused hasn't slept ?
SRC	haven't some yaks who have annoyed my quails changed ?	have some yaks who have annoyed my quails changed ?
SRC	hasn't my tyrannosaurus who your vulture has confused eaten ?	has my tyrannosaurus who your vulture confused hasn't eaten ?
SRC	have our orangutans who haven't remembered some orangutans slept ?	haven't our orangutans who some orangutans confused have slept ?
SRC	has our yak who hasn't confused our newts read ?	hasn't our yak who our newts confused has read ?
SRC	have our zebras who the salamanders haven't admired slept ?	haven't our zebras who the salamanders admired have slept ?
SRC	have the vultures that some vultures haven't applauded giggled ?	haven't the vultures that some vultures applauded have giggled ?
SRC	hasn't my salamander that your xylophone has confused changed ?	has my salamander that your xylophone confused hasn't changed ?
SRC	have your tyrannosauruses who her yaks haven't comforted giggled ?	haven't your tyrannosauruses who her yaks comforted have giggled ?
SRC	have our xylophones who some zebras haven't applauded smiled ?	haven't our xylophones who some zebras applauded applauded smiled ?
SRC	has her tyrannosaurus that hasn't entertained my vultures comforted some unicorns ?	hasn't her tyrannosaurus that my entertained my vultures comforted some unicorns ?
SRC	haven't the yaks who her ravens have remembered confused some walrus ?	have the yaks who her ravens remembered haven't confused some walrus ?
SRC	haven't our unicorns who have confused your peacock remembered our salamander ?	have our unicorns who your peacock confused remembered our salamander ? ?
SRC	have my vultures that haven't applauded her vultures comforted her unicorn ?	haven't my vultures that applauded her vultures have comforted her unicorn ?
SRC	hasn't my walrus that my yak has accepted read ?	has my walrus that my yak accepted hasn't read ? ?
SRC	haven't some zebras who have moved swum ?	have some zebras who moved moved swum ?
SRC	haven't her tyrannosauruses who have smiled moved ?	have her tyrannosauruses who smiled moved ?
SRC	have the vultures that haven't changed giggled ?	haven't the vultures that changed giggled ?
SRC	haven't the xylophones that have smiled read ?	have the xylophones that smiled smiled read ?
SRC	have the yaks who haven't giggled slept ?	haven't the yaks who giggled slept ?
SRC	haven't some orangutans who have remembered the xylophones giggled ?	have some orangutans who have the xylophones giggled ? ?
SRC	has her xylophone that hasn't applauded my peacock swum ?	hasn't her xylophone that applauded my peacock has swum ?
SRC	have her salamanders who the xylophones haven't annoyed read ?	haven't her salamanders who the xylophones annoyed have read ?
SRC	haven't the quails that your ravens have confused changed ?	have the quails that your ravens confused haven't changed ?
SRC	have our yaks who our salamanders haven't admired eaten ?	haven't our yaks who our salamanders admired have eaten ?
SRC	haven't her unicorns that our vultures have annoyed waited ?	have her unicorns that our vultures annoyed waited ?
SRC	haven't the unicorns who have applauded my unicorns slept ?	have the unicorns who applauded my unicorns slept ? ?
SRC	has the tyrannosaurus who hasn't swum confused your ravens ?	hasn't the tyrannosaurus who swum confused your ravens ? ?
SRC	haven't the salamanders who my ravens have applauded eaten ?	have the salamanders who my ravens applauded our eaten ?
SRC	haven't her newts who my ravens have applauded swum ?	have her newts who my ravens applauded haven't swum ?
SRC	haven't our orangutans that have waited remembered our quail behind her vultures ?	have our orangutans that haven't remembered our quail behind her quail ? ?
SRC	have the zebras who haven't smiled comforted some vulture by my zebra ?	haven't the zebras who smiled comforted some vulture by my zebra ? ?
SRC	has your vulture that hasn't slept accepted our vulture above our xylophone ?	hasn't your vulture that slept accepted our vulture above our vulture ? ?
SRC	haven't your vultures that have slept comforted our newts behind the vulture ?	have your vultures that have comforted our newts behind the vulture ? ?
SRC	has the salamander who hasn't entertained some tyrannosaurus admired my walrus ?	hasn't the salamander who some entertained some tyrannosaurus has admired my walrus ?
SRC	has some peacock who hasn't accepted the quails giggled ?	hasn't some peacock who the accepted the quails giggled ?
SRC	hasn't my xylophone who has entertained my orangutan changed ?	has my xylophone who entertained my orangutan hasn't changed ?
SRC	haven't your xylophones who have moved amused the xylophones ?	have your xylophones who moved moved the xylophones ? ?
SRC	has her orangutan that hasn't waited comforted our salamander ?	hasn't her orangutan that waited ? comforted our salamander ?
SRC	has her salamander that hasn't amused your tyrannosaurus moved ?	hasn't her salamander that amused your tyrannosaurus has moved ?
SRC	has the zebra who her vulture hasn't accepted slept ?	hasn't the zebra who her vulture accepted has slept ?
SRC	haven't your walruses that have admired some zebra eaten ?	have your walruses that some admired some eaten ? ?
SRC	haven't the salamanders that have amused our unicorns moved ?	have the salamanders that our amused our unicorns ? ?
SRC	haven't the vultures who our orangutans have confused eaten ?	have the vultures who our orangutans confused eaten ?
SRC	has her newt that hasn't admired my zebra moved ?	hasn't her newt that admired my zebra has moved ?
SRC	hasn't some newt that has slept smiled ?	has some newt that slept smiled ?
SRC	hasn't your peacock that has smiled moved ?	hasn't your peacock that smiled smiled moved ?
SRC	hasn't your orangutan who has eaten slept ?	hasn't your orangutan who eaten eaten ?
SRC	hasn't our yak who has smiled read ?	hasn't our yak who smiled smiled ?
SRC	has some quail who hasn't swum eaten ?	hasn't some quail who swum ? eaten ?
SRC	haven't my newts that have amused our walruses changed ?	have my newts that our walruses haven't changed ?
SRC	hasn't your vulture that has applauded her walrus moved ?	has your vulture that applauded her walrus hasn't moved ?
SRC	hasn't the salamander who has amused her walrus eaten ?	has the salamander who her amused her eaten ?
SRC	haven't the walruses that our quails have amused read ?	have the walruses that our quails amused haven't read ?
SRC	hasn't some newt that her quail has accepted waited ?	has some newt that her quail accepted hasn't waited ?
SRC	hasn't the peacock who her orangutan has entertained eaten ?	has the peacock who her orangutan entertained hasn't eaten ?
SRC	have our ravens who haven't entertained my walrus giggled ?	haven't our ravens who entertained my walrus have giggled ?
SRC	has her raven who hasn't amused my zebras giggled ?	hasn't her raven who my zebras my has giggled ?
SRC	hasn't the raven who my yak has admired waited ?	has the raven who my yak admired hasn't waited ?
SRC	has her tyrannosaurus who our quail hasn't confused giggled ?	hasn't her tyrannosaurus who our quail confused has giggled ?
SRC	has our unicorn that hasn't giggled annoyed our xylophone upon my newt ?	hasn't our unicorn that giggled annoyed our xylophone upon my xylophone ? ?
SRC	hasn't the xylophone that has read confused the walruses behind her raven ?	has the xylophone that read confused the walruses behind her walruses ? ?
SRC	have some peacocks that haven't swum confused some walrus by my walrus ?	haven't some peacocks that swum confused some walrus by my walrus by my ?
SRC	has some peacock who hasn't giggled applauded my vulture with the peacock ?	hasn't some peacock who giggled applauded my vulture with my peacock ? ?
SRC	has your quail who hasn't smiled annoyed my tyrannosauruses below her walrus ?	hasn't your quail who smiled ? annoyed my tyrannosauruses below her walrus ?
SRC	have our quails who haven't waited smiled ?	haven't our quails who waited waited ? ?
SRC	have your tyrannosauruses that haven't smiled eaten ?	haven't your tyrannosauruses that smiled smiled eaten ?
SRC	haven't her zebras who have smiled giggled ?	have her zebras who smiled giggled giggled ?
SRC	have some orangutans who haven't read read ?	haven't some orangutans who read read ?
SRC	haven't your zebras that have swum changed ?	have your zebras that have changed changed ?
SRC	has her zebra who our yak hasn't amused moved ?	hasn't her zebra who our yak amused has moved ?
SRC	hasn't some vulture that has accepted our unicorns giggled ?	has some vulture that accepted our unicorns giggled ? ?
SRC	has the salamander that hasn't amused the salamanders eaten ?	hasn't the salamander that amused the salamanders has eaten ?
SRC	have our tyrannosauruses that some walruses haven't amused swum ?	haven't our tyrannosauruses that some walruses amused have swum ?
SRC	has the newt who hasn't amused my yak eaten ?	hasn't the newt who my yak has eaten ?
SRC	have some yaks who my walruses haven't comforted remembered my orangutan ?	haven't some yaks who my walruses comforted remembered my orangutan ? ?
SRC	have her vultures that our unicorns haven't accepted annoyed my orangutan ?	haven't her vultures that our unicorns accepted have annoyed my orangutan ?
SRC	haven't my tyrannosauruses that have remembered our walruses applauded the newt ?	have my tyrannosauruses that remembered our walruses haven't applauded the newt ?
SRC	have her vultures who your salamanders haven't applauded applauded my xylophone ?	haven't her vultures who your salamanders applauded applauded my xylophone applauded ?
SRC	have your peacocks who her orangutans haven't remembered applauded our vultures ?	haven't your peacocks who her orangutans remembered our vultures applauded our vultures ?
SRC	has the raven who hasn't read entertained the quail ?	hasn't the raven who has entertained the quail ? ?
SRC	haven't your walruses who have accepted our quails read ?	have your walruses who our quails haven't read ? ?
SRC	have some yaks who haven't accepted your raven read ?	haven't some yaks who your accepted your raven read ?
SRC	have the newts who haven't confused the walruses changed ?	haven't the newts who the confused the changed ? ?
SRC	hasn't my tyrannosaurus that has confused the vulture slept ?	has my tyrannosaurus that the vulture vulture hasn't slept ?
SRC	have our quails who your salamanders haven't annoyed swum ?	haven't our quails who your salamanders annoyed swum ? ?
SRC	hasn't her salamander who has applauded the tyrannosaurus moved ?	has her salamander who applauded the tyrannosaurus hasn't moved ?
SRC	haven't your quails that the orangutans have admired read ?	have your quails that the orangutans admired haven't read ?
SRC	has the yak who hasn't annoyed your salamander giggled ?	hasn't the yak who your salamander annoyed giggled ? ?
SRC	has my quail who hasn't applauded the peacocks smiled ?	hasn't my quail who applauded the peacocks has smiled ?
SRC	has some newt that hasn't eaten swum ?	hasn't some newt that eaten eaten ?
SRC	haven't the zebras who have slept waited ?	have the zebras who slept waited ?
SRC	haven't my yaks who have swum swum ?	have my yaks who swum swum ?
SRC	has the vulture that hasn't moved moved ?	hasn't the vulture that moved moved ?
SRC	has the yak who hasn't smiled moved ?	hasn't the yak who smiled moved ?
SRC	have our tyrannosauruses that your newts haven't annoyed read ?	haven't our tyrannosauruses that your newts annoyed have read ?
SRC	has some walrus that hasn't slept admired her zebra ?	hasn't some walrus that slept admired her zebra ? ?
SRC	has the walrus who hasn't entertained your vulture smiled ?	hasn't the walrus who your entertained your smiled ? ?
SRC	has the quail that hasn't entertained the tyrannosauruses eaten ?	hasn't the quail that the entertained the tyrannosauruses eaten ?
SRC	hasn't the zebra that has confused her zebras read ?	has the zebra that her confused her read ? ?
SRC	have my tyrannosauruses who some orangutans haven't accepted swum ?	haven't my tyrannosauruses who some orangutans accepted have swum ?
SRC	hasn't her quail who some zebra has remembered eaten ?	has her quail who some zebra remembered hasn't eaten ?
SRC	haven't her zebras that the newts have admired giggled ?	have her zebras that the newts admired giggled ? ?
SRC	have my quails that haven't entertained your zebras changed ?	haven't my quails that your entertained your zebras have changed ?
SRC	has my yak that hasn't annoyed some quail swum ?	hasn't my yak that some quail some has swum ?
SRC	has some tyrannosaurus that our orangutan hasn't accepted comforted your yaks ?	hasn't some tyrannosaurus that our orangutan accepted has comforted your yaks ?
SRC	haven't your xylophones who your vultures have entertained admired some raven ?	have your xylophones who your vultures entertained haven't admired some raven ?
SRC	hasn't my salamander who has amused our newt accepted her zebras ?	has my salamander who our amused our newt hasn't accepted her zebras ?
SRC	have your salamanders who haven't admired our yak amused the xylophone ?	haven't your salamanders who our yak have amused the xylophone ? ?
SRC	hasn't some zebra who your orangutan has confused admired her zebras ?	has some zebra who your orangutan confused hasn't admired her zebras ?
SRC	hasn't her zebra that has applauded the peacock admired my raven ?	has her zebra that applauded the peacock admired my raven ? ?
SRC	hasn't our orangutan that my peacock has confused comforted my walrus ?	has our orangutan that my peacock confused hasn't comforted my walrus ?
SRC	has some newt who hasn't annoyed her zebras applauded our orangutans ?	hasn't some newt who her annoyed her applauded our orangutans ? ?
SRC	has my raven that hasn't accepted the orangutan entertained my unicorns ?	hasn't my raven that the accepted the orangutan entertained my unicorns ?
SRC	haven't your walruses who some peacocks have comforted applauded my yak ?	have your walruses who some peacocks comforted applauded my yak applauded ?
SRC	haven't some newts that have moved remembered the tyrannosaurus ?	have some newts that moved moved the tyrannosaurus ?
SRC	hasn't our zebra who has smiled accepted her unicorns ?	hasn't our zebra who smiled accepted her unicorns ?
SRC	has the walrus that hasn't comforted our unicorns waited ?	hasn't the walrus that comforted our unicorns has waited ?
SRC	haven't my newts who the tyrannosauruses have accepted moved ?	have my newts who the tyrannosauruses accepted haven't moved ?
SRC	has your newt who hasn't confused the newts smiled ?	hasn't your newt who the confused the newts smiled ?
SRC	have her tyrannosauruses who haven't annoyed my tyrannosauruses annoyed our unicorns above some unicorn ?	haven't her tyrannosauruses who my tyrannosauruses tyrannosauruses have annoyed our unicorns above some unicorn ?
SRC	haven't your zebras that your vultures have admired amused our peacocks behind her yak ?	have your zebras that your vultures admired our amused our peacocks behind her yak ?
SRC	haven't your tyrannosauruses who have entertained her unicorns comforted the raven below our salamanders ?	have your tyrannosauruses who her entertained her comforted the raven below our salamanders below our salamanders
SRC	have some newts that your unicorns haven't annoyed comforted my vulture around our newt ?	haven't some newts that your unicorns annoyed my comforted my vulture around our newt ?
SRC	have some yaks who the quails haven't confused entertained some xylophone around some newt ?	haven't some yaks who the quails confused have entertained some xylophone around some newt ?
SRC	has the zebra who my xylophone hasn't remembered moved ?	hasn't the zebra who my xylophone remembered has moved ?
SRC	hasn't her xylophone who has entertained some ravens swum ?	has her xylophone who some ravens some ravens swum ?
SRC	has her tyrannosaurus that her quail hasn't annoyed slept ?	hasn't her tyrannosaurus that her quail annoyed has slept ?
SRC	hasn't our xylophone that has changed accepted some xylophones ?	has our xylophone that changed accepted some xylophones ? ?
SRC	hasn't my quail who has admired our vulture moved ?	has my quail who our vulture our vulture moved ?
SRC	haven't the tyrannosauruses that have giggled smiled ?	have the tyrannosauruses that giggled smiled ?
SRC	has your tyrannosaurus who hasn't moved waited ?	hasn't your tyrannosaurus who moved ? waited ?
SRC	have our quails that haven't giggled giggled ?	haven't our quails that giggled giggled giggled ?
SRC	hasn't her raven that has giggled changed ?	has her raven that giggled changed changed ?
SRC	hasn't the unicorn who has changed slept ?	hasn't the unicorn who changed slept ?
SRC	hasn't your quail who has applauded the orangutan waited ?	has your quail who applauded the orangutan hasn't waited ?
SRC	has some raven that hasn't comforted your peacocks changed ?	hasn't some raven that comforted your peacocks has changed ?
SRC	has some xylophone who my salamander hasn't remembered swum ?	hasn't some xylophone who my salamander remembered has swum ?
SRC	has your unicorn that your newt hasn't entertained changed ?	hasn't your unicorn that your newt entertained has changed ?
SRC	haven't your yaks who our orangutans have amused eaten ?	have your yaks who our orangutans amused haven't eaten ?
SRC	has our orangutan that hasn't waited giggled ?	hasn't our orangutan that waited waited ?
SRC	has her newt who hasn't swum waited ?	hasn't her newt who swum waited ?
SRC	have the tyrannosauruses who haven't slept eaten ?	haven't the tyrannosauruses who slept eaten ?
SRC	have the peacocks who haven't eaten swum ?	haven't the peacocks who eaten eaten ?
SRC	hasn't her quail who has giggled smiled ?	hasn't her quail who giggled smiled ?
SRC	hasn't our salamander who the orangutan has remembered slept ?	has our salamander who the orangutan remembered hasn't slept ?
SRC	has her orangutan that hasn't entertained the yaks read ?	hasn't her orangutan that the entertained the yaks read ?
SRC	have some xylophones who haven't changed comforted some quail ?	haven't some xylophones who changed comforted comforted some quail ?
SRC	has my salamander who hasn't comforted my salamander giggled ?	hasn't my salamander who comforted my salamander has giggled ?
SRC	has my peacock who our vulture hasn't applauded swum ?	hasn't my peacock who our vulture applauded has swum ?
SRC	have my orangutans that haven't entertained your unicorns giggled ?	haven't my orangutans that your entertained your giggled ? ?
SRC	has some vulture that hasn't swum amused your walrus ?	hasn't some vulture that swum amused your walrus ? ?
SRC	hasn't our newt that has admired some walrus slept ?	has our newt that some admired some walrus slept ?
SRC	has our peacock who hasn't annoyed our salamander swum ?	hasn't our peacock who annoyed our salamander has swum ?
SRC	have our peacocks that haven't annoyed my xylophone changed ?	haven't our peacocks that annoyed my xylophone changed ? ?
SRC	haven't my yaks that some peacocks have amused applauded your walruses near some walrus ?	have my yaks that some peacocks amused haven't applauded your walruses near some walrus ?
SRC	has my peacock that hasn't admired your unicorn remembered your yak above her salamanders ?	hasn't my peacock that your admired your remembered your yak above her salamanders above her salamanders
SRC	hasn't our newt who has comforted your salamanders applauded some peacocks behind your quails ?	has our newt who comforted your salamanders hasn't applauded some peacocks behind your quails ?
SRC	have her walruses who your yaks haven't accepted accepted my unicorn by your yaks ?	haven't her walruses who your yaks accepted have accepted my unicorn by your yaks ?
SRC	have my walruses that the newts haven't accepted annoyed your yaks around her orangutans ?	haven't my walruses that the newts accepted have annoyed your yaks around her orangutans ?
SRC	hasn't our orangutan who has slept changed ?	hasn't our orangutan who slept changed changed ?
SRC	have our zebras that haven't swum waited ?	haven't our zebras that swum waited waited ?
SRC	hasn't her quail who has smiled read ?	hasn't her quail who smiled smiled ?
SRC	hasn't her unicorn who has moved moved ?	hasn't her unicorn who moved moved moved ?
SRC	have her orangutans who haven't read slept ?	haven't her orangutans who have slept ?
SRC	has some vulture who the orangutan hasn't amused entertained our newt ?	hasn't some vulture who the orangutan amused has entertained our newt ?
SRC	hasn't our newt who some orangutan has applauded remembered your tyrannosauruses ?	has our newt who some orangutan applauded your remembered your tyrannosauruses ?
SRC	hasn't our orangutan that has annoyed her xylophones confused your walruses ?	has our orangutan that annoyed her xylophones hasn't confused your walruses ?
SRC	has the orangutan that hasn't admired the newt comforted her zebras ?	hasn't the orangutan that the admired the newt has her zebras ?
SRC	has the quail that hasn't applauded our unicorn applauded the orangutan ?	hasn't the quail that applauded our unicorn applauded the orangutan ? ?
SRC	has my raven who hasn't confused your newt slept ?	hasn't my raven who your confused your slept ? ?
SRC	haven't my yaks that have applauded your yaks smiled ?	have my yaks that applauded your yaks smiled ? ?
SRC	hasn't some quail that has admired her quail slept ?	has some quail that admired her quail hasn't slept ?
SRC	has your yak that our vulture hasn't annoyed smiled ?	hasn't your yak that our vulture annoyed has smiled ?
SRC	have some yaks that some yaks haven't remembered slept ?	haven't some yaks that some yaks remembered have slept ?
SRC	have my quails who haven't comforted her orangutans swum ?	haven't my quails who her comforted her swum ?
SRC	has my xylophone who hasn't changed confused our unicorn ?	hasn't my xylophone who changed confused our unicorn ? ?
SRC	has the unicorn that some quail hasn't comforted slept ?	hasn't the unicorn that some quail comforted slept ? ?
SRC	hasn't the tyrannosaurus who my yak has entertained moved ?	has the tyrannosaurus who my yak entertained hasn't moved ?
SRC	haven't your unicorns who your orangutans have remembered changed ?	have your unicorns who your orangutans remembered haven't changed ?
SRC	have my yaks who haven't amused her peacock swum ?	haven't my yaks who her amused her swum ?
SRC	have my quails that our ravens haven't comforted waited ?	haven't my quails that our ravens comforted waited ? ?
SRC	haven't the ravens who have admired some tyrannosauruses eaten ?	have the ravens who some tyrannosauruses some eaten ?
SRC	haven't the salamanders that have annoyed her newts moved ?	have the salamanders that her annoyed her moved ?
SRC	has some xylophone who hasn't entertained my xylophones waited ?	hasn't some xylophone who my xylophones entertained has waited ?
SRC	haven't her xylophones that the vultures have comforted changed ?	have her xylophones that the vultures comforted haven't changed ?
SRC	has your quail who hasn't read admired your yaks ?	hasn't your quail who has admired your yaks ? ?
SRC	haven't your salamanders who have annoyed some salamander eaten ?	have your salamanders who annoyed some salamander eaten ?
SRC	have my tyrannosauruses who haven't changed amused my salamanders ?	haven't my tyrannosauruses who changed amused my salamanders ? ?
SRC	haven't her vultures that have eaten entertained your yak ?	have her vultures that eaten eaten entertained your yak ?
SRC	has your peacock that the raven hasn't amused moved ?	hasn't your peacock that the raven amused has moved ?
SRC	have some tyrannosauruses who haven't applauded my zebras waited ?	haven't some tyrannosauruses who applauded my zebras have waited ?
SRC	haven't some peacocks that have amused our orangutans changed ?	have some peacocks that amused our orangutans haven't changed ?
SRC	has her orangutan who hasn't entertained our salamanders changed ?	hasn't her orangutan who our salamanders has changed ?
SRC	have your ravens that some newts haven't entertained slept ?	haven't your ravens that some newts entertained have slept ?
SRC	has our salamander that your quail hasn't admired smiled ?	hasn't our salamander that your quail admired has smiled ?
SRC	have her peacocks that our peacocks haven't applauded changed ?	haven't her peacocks that our peacocks applauded have changed ?
SRC	haven't your tyrannosauruses that have remembered my yak changed ?	have your tyrannosauruses that remembered my yak changed ?
SRC	hasn't our peacock who has entertained her newt smiled ?	has our peacock who her entertained her smiled ? ?
SRC	have the walruses that haven't remembered some yaks read ?	haven't the walruses that remembered some yaks have read ?
SRC	has my vulture who our salamander hasn't comforted read ?	hasn't my vulture who our salamander comforted has read ?
SRC	has my peacock that hasn't amused some unicorns changed ?	hasn't my peacock that amused some unicorns has changed ?
SRC	hasn't my walrus who has entertained your zebra giggled ?	has my walrus who your zebra entertained hasn't giggled ?
SRC	has some yak who some newt hasn't remembered read ?	hasn't some yak who some newt remembered has read ?
SRC	has the peacock who her xylophone hasn't applauded changed ?	hasn't the peacock who her xylophone applauded has changed ?
SRC	hasn't some newt who your xylophone has amused smiled ?	has some newt who your xylophone amused hasn't smiled ?
SRC	has our xylophone that hasn't entertained some walrus slept ?	hasn't our xylophone that some walrus entertained has slept ?
SRC	haven't our yaks that your yaks have accepted changed ?	have our yaks that your yaks accepted haven't changed ?
SRC	hasn't my newt who the peacock has admired moved ?	has my newt who the peacock admired hasn't moved ?
SRC	has your raven that the zebra hasn't remembered read ?	hasn't your raven that the zebra remembered has read ?
SRC	have our xylophones who haven't applauded my newt applauded some orangutans behind my unicorns ?	haven't our xylophones who applauded my newt applauded some orangutans behind my unicorns ?
SRC	have our peacocks that haven't amused the newt remembered her zebras near her walrus ?	haven't our peacocks that amused the newt remembered her zebras near her walrus near her walrus
SRC	has our walrus who my quail hasn't remembered admired your tyrannosauruses below your salamanders ?	hasn't our walrus who my quail remembered has admired your tyrannosauruses below your salamanders ?
SRC	has your vulture who hasn't applauded her raven annoyed the ravens upon our unicorn ?	hasn't your vulture who applauded her raven has annoyed the ravens upon our unicorn ?
SRC	has her salamander who your orangutan hasn't comforted admired our xylophones with our vulture ?	hasn't her salamander who your orangutan comforted our has admired our vulture with our vulture ?
SRC	has our xylophone who hasn't entertained some walruses accepted your orangutans above my newt ?	hasn't our xylophone who some walruses some has accepted your orangutans above my newt ?
SRC	hasn't your tyrannosaurus who has annoyed our salamanders amused her newt around your salamander ?	has your tyrannosaurus who our salamanders our salamanders hasn't amused her newt around your salamander ?
SRC	haven't some newts that my vultures have annoyed confused some walruses above the unicorns ?	have some newts that my vultures annoyed haven't confused some walruses above the unicorns ?
SRC	have her ravens who haven't annoyed your tyrannosauruses accepted my vulture below your unicorn ?	haven't her ravens who your tyrannosauruses have accepted my vulture below your unicorn ?
SRC	hasn't some orangutan who her peacock has entertained annoyed the ravens below the peacock ?	has some orangutan who her peacock entertained hasn't annoyed the ravens below the peacock ?
SRC	has some salamander that our zebra hasn't confused admired your walrus ?	hasn't some salamander that our zebra confused has admired your walrus ?
SRC	have my unicorns that the tyrannosauruses haven't amused remembered her unicorns ?	haven't my unicorns that the tyrannosauruses amused remembered her unicorns ? ?
SRC	have your yaks that haven't amused our raven annoyed some yaks ?	haven't your yaks that our amused our raven annoyed some yaks ?
SRC	hasn't my newt that has applauded her quails remembered my vulture ?	has my newt that applauded her quails hasn't remembered my vulture ?
SRC	has the orangutan that my quail hasn't entertained accepted her zebra ?	hasn't the orangutan that my quail entertained has accepted her zebra ?
SRC	haven't her orangutans that have applauded the orangutans changed ?	have her orangutans that applauded the orangutans haven't changed ?
SRC	has your quail who the salamander hasn't comforted smiled ?	hasn't your quail who the salamander comforted has smiled ?
SRC	haven't her vultures that the salamanders have confused moved ?	have her vultures that the salamanders confused confused ? ?
SRC	haven't your walruses who have remembered my zebra smiled ?	have your walruses who have my zebra smiled ? ?
SRC	has the walrus that your unicorn hasn't accepted giggled ?	hasn't the walrus that your unicorn accepted has giggled ?
SRC	hasn't your unicorn that has eaten swum ?	has your unicorn that eaten eaten ?
SRC	have my quails that haven't waited smiled ?	haven't my quails that waited waited smiled ?
SRC	have the xylophones who haven't read slept ?	haven't the xylophones who have slept ?
SRC	have her salamanders that haven't changed slept ?	haven't her salamanders that changed slept ?
SRC	has our newt that hasn't moved waited ?	hasn't our newt that moved moved ?
SRC	hasn't our orangutan that has slept read ?	hasn't our orangutan that slept read ?
SRC	has our unicorn who hasn't read moved ?	hasn't our unicorn who has moved ?
SRC	has our unicorn who hasn't moved eaten ?	hasn't our unicorn who moved ? eaten ?
SRC	has some tyrannosaurus who hasn't eaten giggled ?	hasn't some tyrannosaurus who eaten eaten ?
SRC	hasn't my walrus who has moved giggled ?	hasn't my walrus who moved moved ?
SRC	has the salamander who hasn't accepted the salamander confused some tyrannosaurus ?	hasn't the salamander who the accepted the salamander confused some tyrannosaurus ?
SRC	has some unicorn who hasn't confused your peacocks annoyed her yaks ?	hasn't some unicorn who your peacocks your annoyed her yaks her yaks ?
SRC	has our vulture who some yak hasn't comforted applauded the vulture ?	hasn't our vulture who some yak comforted applauded the vulture ? ?
SRC	have our orangutans who haven't entertained her tyrannosaurus entertained my unicorn ?	haven't our orangutans who her entertained her entertained have entertained my unicorn ?
SRC	haven't some yaks who have amused our quails annoyed our unicorns ?	have some yaks who our amused our quails annoyed our unicorns ?
SRC	haven't my tyrannosauruses who my newts have comforted accepted your orangutan ?	have my tyrannosauruses who my newts comforted accepted your orangutan ? ?
SRC	hasn't our peacock who has annoyed some quail accepted the newts ?	has our peacock who some quail some quail accepted the newts ?
SRC	hasn't my orangutan who has entertained your walruses applauded my xylophones ?	has my orangutan who your walruses your walruses hasn't applauded my xylophones ?
SRC	have the zebras that haven't remembered the peacock annoyed her salamanders ?	haven't the zebras that remembered the peacock have annoyed her salamanders ?
SRC	haven't some yaks who have comforted our peacock admired your peacock ?	have some yaks who our peacock our peacock admired your peacock ?
SRC	haven't my xylophones that some peacocks have confused waited ?	have my xylophones that some peacocks confused haven't waited ?
SRC	has some walrus who hasn't annoyed her yak giggled ?	hasn't some walrus who her annoyed her giggled ? ?
SRC	has her unicorn that her raven hasn't annoyed giggled ?	hasn't her unicorn that her raven annoyed has giggled ?
SRC	hasn't your peacock that has entertained our walruses changed ?	has your peacock that our walruses our walruses changed ?
SRC	hasn't the walrus that has changed entertained my newts ?	hasn't the walrus that changed entertained my newts ? ?
SRC	haven't your vultures that our unicorns have admired slept ?	have your vultures that our unicorns admired haven't slept ?
SRC	haven't some ravens who have entertained your walrus slept ?	have some ravens who your walrus walrus haven't slept ?
SRC	has her vulture who hasn't amused my vultures changed ?	hasn't her vulture who my amused my vultures changed ?
SRC	have our walruses that haven't eaten annoyed some xylophone ?	haven't our walruses that eaten eaten annoyed some xylophone ?
SRC	haven't my newts that have remembered your unicorn changed ?	have my newts that remembered your unicorn changed ?
SRC	have her zebras that haven't swum annoyed the walruses with the newt ?	haven't her zebras that swum annoyed the walruses with the walruses with ?
SRC	have your quails that haven't waited admired my orangutans upon some orangutans ?	haven't your quails that haven't admired my orangutans upon some orangutans ? ?
SRC	haven't our tyrannosauruses that have smiled remembered some walruses near her raven ?	have our tyrannosauruses that smiled smiled remembered some walruses near her raven ?
SRC	have your salamanders that haven't waited comforted some zebra with some peacocks ?	haven't your salamanders that have comforted some zebra with some peacocks with ?
SRC	haven't the ravens that have read remembered my zebras with some peacock ?	have the ravens that have remembered my zebras with some peacock ? ?
SRC	haven't my orangutans who have annoyed my walruses giggled ?	have my orangutans who have annoyed my giggled ? ?
SRC	haven't some xylophones that my xylophones have amused moved ?	have some xylophones that my xylophones amused haven't moved ?
SRC	has some walrus that hasn't applauded her salamanders smiled ?	hasn't some walrus that applauded her salamanders has smiled ?
SRC	haven't some walruses who my salamanders have annoyed smiled ?	have some walruses who my salamanders annoyed haven't smiled ?
SRC	has my vulture that hasn't accepted my quail moved ?	hasn't my vulture that accepted my quail has moved ?
SRC	hasn't some newt who has waited moved ?	hasn't some newt who has moved ?
SRC	haven't our vultures who have eaten eaten ?	have our vultures who eaten eaten eaten ?
SRC	have her salamanders that haven't eaten giggled ?	haven't her salamanders that eaten eaten ?
SRC	hasn't our xylophone that has moved read ?	has our xylophone that moved moved ?
SRC	have my vultures that haven't slept moved ?	haven't my vultures that have moved ?
SRC	haven't our ravens that have entertained the xylophone accepted our orangutan ?	have our ravens that the entertained the accepted our orangutan ? ?
SRC	haven't her vultures that have confused some raven comforted her orangutans ?	have her vultures that some confused some raven comforted her orangutans ?
SRC	hasn't the zebra who my raven has accepted accepted her vulture ?	has the zebra who my raven accepted hasn't accepted her vulture ?
SRC	has my yak that hasn't admired her xylophone comforted her walrus ?	hasn't my yak that admired her xylophone has comforted her walrus ?
SRC	haven't her unicorns who have applauded some unicorn admired my orangutan ?	have her unicorns who applauded some unicorn admired my orangutan ? ?
SRC	has my quail who hasn't remembered her zebras entertained some unicorn ?	hasn't my quail who her remembered her entertained has entertained some unicorn ?
SRC	hasn't my orangutan who has confused her walrus amused my vulture ?	has my orangutan who her walrus confused hasn't amused my vulture ?
SRC	has her unicorn that hasn't amused your xylophone applauded your zebra ?	hasn't her unicorn that amused your xylophone has applauded your zebra ?
SRC	hasn't her peacock that has remembered the xylophones confused her newts ?	has her peacock that remembered the xylophones hasn't confused her newts ?
SRC	have your zebras who haven't applauded my yak accepted her xylophone ?	haven't your zebras who applauded my yak have accepted her xylophone ?
SRC	has the yak who hasn't entertained the newts comforted her xylophones around your salamanders ?	hasn't the yak who the entertained the newts has comforted her salamanders around your salamanders ?
SRC	have the newts that haven't remembered the quail annoyed my peacock near our yak ?	haven't the newts that remembered the quail have annoyed my peacock near our yak ?
SRC	have the ravens that haven't remembered our walrus annoyed my unicorn below our yaks ?	haven't the ravens that our walrus our walrus annoyed my unicorn below our yaks ?
SRC	has her unicorn that my quail hasn't admired remembered the newt above your orangutan ?	hasn't her unicorn that my quail admired has remembered the newt above your orangutan ?
SRC	haven't the zebras that have annoyed our zebras admired my salamanders by the yak ?	have the zebras that our zebras our zebras admired my salamanders by the yak ?
SRC	haven't the unicorns that have read changed ?	have the unicorns that have changed changed ?
SRC	haven't my orangutans who have eaten moved ?	have my orangutans who eaten eaten ?
SRC	have your salamanders that haven't giggled swum ?	haven't your salamanders that giggled swum ?
SRC	haven't some zebras that have slept giggled ?	have some zebras that haven't giggled ?
SRC	has your newt that hasn't swum smiled ?	hasn't your newt that swum smiled smiled ?
SRC	hasn't the tyrannosaurus that has changed waited ?	has the tyrannosaurus that changed waited ?
SRC	have our peacocks that haven't changed changed ?	haven't our peacocks that changed changed changed ?
SRC	has some peacock that hasn't waited moved ?	hasn't some peacock that waited waited ?
SRC	hasn't her quail who has read smiled ?	hasn't her quail who read smiled smiled ?
SRC	have your vultures who haven't waited slept ?	haven't your vultures who have slept ?
SRC	have the xylophones that her orangutans haven't admired moved ?	haven't the xylophones that her orangutans admired have moved ?
SRC	haven't the walruses who have admired some vultures eaten ?	have the walruses who some vultures admired eaten ?
SRC	hasn't our peacock that your vulture has confused read ?	has our peacock that your vulture confused hasn't read ?
SRC	haven't her vultures who my vultures have annoyed moved ?	have her vultures who my vultures annoyed moved ?
SRC	have some orangutans who some unicorns haven't comforted moved ?	haven't some orangutans who some unicorns comforted have moved ?
SRC	haven't the xylophones that have remembered some vulture applauded my ravens ?	have the xylophones that remembered some vulture applauded my ravens ? ?
SRC	has the newt that our zebra hasn't comforted annoyed my zebra ?	hasn't the newt that our zebra comforted annoyed my zebra ? ?
SRC	haven't some salamanders that our newts have amused amused our vultures ?	have some salamanders that our newts amused haven't amused our vultures ?
SRC	has her unicorn who hasn't annoyed some salamander applauded the peacock ?	hasn't her unicorn who some salamander salamander has applauded the peacock ?
SRC	haven't the vultures who have admired our newt remembered some walruses ?	have the vultures who our admired our remembered some walruses ? ?
SRC	have my newts who haven't smiled changed ?	haven't my newts who smiled changed changed ?
SRC	haven't your unicorns who have moved changed ?	have your unicorns who moved moved ?
SRC	hasn't my yak that has moved slept ?	has my yak that moved moved ?
SRC	hasn't my vulture that has read read ?	has my vulture that read read ?
SRC	have your vultures who haven't moved eaten ?	haven't your vultures who moved ? eaten ?
SRC	haven't your zebras that her xylophones have annoyed amused her salamander by her vulture ?	have your zebras that her xylophones annoyed her amused her salamander by her vulture ?
SRC	have her xylophones that her vultures haven't amused admired my walruses with our peacocks ?	haven't her xylophones that her vultures amused have admired my walruses with our peacocks ?
SRC	has the vulture who hasn't comforted some zebra entertained your quails upon the vulture ?	hasn't the vulture who some zebra some zebra entertained your quails upon the vulture ?
SRC	haven't the orangutans that the ravens have applauded applauded our vulture above our quail ?	have the orangutans that the ravens applauded applauded our vulture our vulture our quail ?
SRC	hasn't the peacock that your raven has accepted entertained your raven near the ravens ?	has the peacock that your raven accepted hasn't entertained your raven near the ravens ?
SRC	has the zebra that hasn't slept entertained the salamander by my vulture ?	hasn't the zebra that slept entertained the salamander by my vulture ? ?
SRC	haven't her unicorns that have read admired my yaks upon the xylophone ?	have her unicorns that haven't admired my yaks upon the xylophone ? ?
SRC	hasn't our newt who has waited admired the zebras below the yaks ?	hasn't our newt who has admired the zebras below the yaks below ?
SRC	haven't the ravens who have swum applauded some orangutan near the quails ?	have the ravens who have applauded some orangutan near the quails ? ?
SRC	hasn't her yak who has slept amused our peacocks behind her salamander ?	has her yak who slept amused our peacocks behind her behind her salamander ?
SRC	has the raven who hasn't read changed ?	hasn't the raven who read changed changed ?
SRC	hasn't my zebra that has changed giggled ?	has my zebra that changed giggled ?
SRC	has her raven who hasn't waited waited ?	hasn't her raven who waited waited waited ?
SRC	haven't your zebras who have swum eaten ?	have your zebras who have eaten ?
SRC	haven't the newts that have giggled swum ?	have the newts that giggled swum ?
SRC	haven't your orangutans that your ravens have amused accepted the zebra behind some salamander ?	have your orangutans that your ravens amused haven't accepted the zebra behind some salamander ?
SRC	hasn't our walrus that the walrus has applauded remembered her tyrannosaurus behind your walrus ?	has our walrus that the walrus applauded her remembered her tyrannosaurus behind your walrus ?
SRC	hasn't some yak who has entertained my walruses comforted some yaks upon her walrus ?	has some yak who my walruses my walruses comforted some yaks upon her walrus ?
SRC	haven't the quails that have confused our xylophones remembered my zebras near some unicorns ?	have the quails that our xylophones xylophones haven't remembered my zebras near some unicorns ?
SRC	hasn't some walrus who has confused our orangutan comforted my quail by some xylophone ?	has some walrus who our orangutan comforted my comforted my quail by some xylophone ?
SRC	have some xylophones who haven't applauded our salamander slept ?	haven't some xylophones who our salamander salamander slept ? ?
SRC	has our yak who some newt hasn't remembered slept ?	hasn't our yak who some newt remembered has slept ?
SRC	has your salamander who the raven hasn't amused moved ?	hasn't your salamander who the raven amused has moved ?
SRC	have some yaks that her newts haven't entertained giggled ?	haven't some yaks that her newts entertained have giggled ?
SRC	haven't the tyrannosauruses that her orangutans have annoyed swum ?	have the tyrannosauruses that her orangutans annoyed swum ?
SRC	have the zebras that haven't amused some xylophones read ?	haven't the zebras that some xylophones some xylophones read ?
SRC	has the salamander who hasn't eaten entertained my newts ?	hasn't the salamander who eaten eaten entertained my newts ?
SRC	has our tyrannosaurus that hasn't accepted our peacocks giggled ?	hasn't our tyrannosaurus that accepted our peacocks has giggled ?
SRC	haven't our quails that have moved applauded your quail ?	have our quails that have applauded your quail ? ?
SRC	haven't our newts who the walruses have remembered eaten ?	have our newts who the walruses remembered eaten ?
SRC	hasn't her salamander who has annoyed her unicorn amused some tyrannosauruses by the tyrannosaurus ?	has her salamander annoyed her annoyed her amused some tyrannosauruses by the tyrannosaurus ?
SRC	hasn't her unicorn who the quail has remembered admired your tyrannosauruses by the quail ?	has her unicorn who the quail remembered hasn't admired your tyrannosauruses by the quail ?
SRC	hasn't her peacock who has annoyed the raven annoyed your quail below her yak ?	has her peacock who the annoyed the raven annoyed your quail below her yak ?
SRC	hasn't your xylophone that has admired our peacock remembered our unicorn below your xylophone ?	has your xylophone that admired our peacock remembered our unicorn below your xylophone below your xylophone
SRC	haven't the walruses that our unicorns have admired remembered the unicorns below her ravens ?	have the walruses that our unicorns admired remembered the unicorns below her ravens below her ravens
SRC	has our quail that hasn't remembered my yak read ?	hasn't our quail that remembered my yak has read ?
SRC	have the quails that haven't applauded some peacock read ?	haven't the quails that applauded some peacock have read ?
SRC	has your yak who hasn't waited comforted the unicorns ?	hasn't your yak who has comforted the unicorns ?
SRC	have your quails who your vultures haven't accepted moved ?	haven't your quails who your vultures accepted have moved ?
SRC	has the zebra who hasn't giggled admired our vulture ?	hasn't the zebra who giggled admired our vulture ? ?
SRC	hasn't my vulture who the xylophone has accepted confused your unicorn ?	has my vulture who the xylophone accepted hasn't confused your unicorn ?
SRC	haven't my peacocks who some walruses have accepted entertained your orangutan ?	have my peacocks who some walruses accepted haven't entertained your orangutan ?
SRC	haven't her ravens who have admired some zebra applauded some salamanders ?	have her ravens who some admired some applauded some salamanders applauded ?
SRC	haven't your zebras who have entertained the salamander admired some walruses ?	have your zebras who the entertained the admired some walruses ? ?
SRC	hasn't your vulture that has admired my newt entertained your yak ?	has your vulture that admired my newt hasn't entertained your yak ?
SRC	has the vulture who hasn't accepted her yaks confused my zebra ?	hasn't the vulture who her accepted her confused my zebra ? ?
SRC	hasn't the quail that has confused our walrus amused her zebra ?	has the quail that our walrus our walrus amused her zebra ?
SRC	haven't my newts that have confused some quails applauded your orangutan ?	have my newts that some confused some quails applauded your orangutan ?
SRC	has the peacock who my yak hasn't admired amused our xylophone ?	hasn't the peacock who my yak admired has amused our xylophone ?
SRC	hasn't your yak who your tyrannosaurus has remembered entertained your peacock ?	has your yak who your tyrannosaurus remembered entertained hasn't entertained your peacock ?
SRC	has my zebra who hasn't amused the newts slept ?	hasn't my zebra who amused the newts has slept ?
SRC	have our walruses who your vultures haven't entertained slept ?	haven't our walruses who your vultures entertained have slept ?
SRC	haven't the newts who some walruses have applauded eaten ?	have the newts who some walruses applauded eaten ?
SRC	haven't the newts that have entertained your ravens read ?	have the newts that your entertained your read ? ?
SRC	have the walruses that haven't remembered her vulture smiled ?	haven't the walruses that remembered her vulture have smiled ?
SRC	haven't my quails that our orangutans have remembered comforted her yaks below the salamander ?	have my quails that our orangutans remembered haven't comforted her yaks below the salamander ?
SRC	has my orangutan who hasn't remembered our walrus accepted the vulture below her unicorns ?	hasn't my orangutan who our walrus our has accepted the vulture below her unicorns ?
SRC	has your yak who hasn't comforted some zebra remembered the newts around the yaks ?	hasn't your yak who some zebra comforted remembered the newts around the yaks around the yaks
SRC	have some ravens who your ravens haven't accepted accepted your vultures below her quail ?	haven't some ravens who your ravens accepted accepted your vultures below her quail ? ?
SRC	have the xylophones that haven't annoyed her yaks amused the newt behind my ravens ?	haven't the xylophones that her annoyed her amused the newt behind my ravens ?
SRC	has my tyrannosaurus that some quail hasn't remembered remembered our vulture behind our quails ?	hasn't my tyrannosaurus that some quail remembered remembered our vulture behind our quails ?
SRC	hasn't the vulture who has accepted your newts confused my tyrannosaurus near the quails ?	has the vulture who your newts confused my confused my tyrannosaurus near the quails ?
SRC	has our raven that hasn't remembered the vulture confused our newt with the salamander ?	hasn't our raven that remembered the vulture has confused our newt with the salamander ?
SRC	have her tyrannosauruses that haven't applauded my vulture confused our yak behind my zebra ?	haven't her tyrannosauruses that applauded my vulture have confused our yak behind my zebra ?
SRC	hasn't some vulture that has entertained our ravens entertained your quails upon our salamanders ?	has some vulture that our entertained our hasn't entertained your quails upon our salamanders ?
SRC	has her walrus that our zebra hasn't confused waited ?	hasn't her walrus that our zebra confused has waited ?
SRC	haven't my unicorns who have changed comforted the quails ?	have my unicorns who changed comforted the quails ? ?
SRC	hasn't the walrus who has entertained some vulture eaten ?	has the walrus who some entertained some vulture eaten ?
SRC	haven't our walruses who have applauded the zebra smiled ?	have our walruses who applauded the zebra smiled ? ?
SRC	has your raven that our quail hasn't applauded moved ?	hasn't your raven that our quail applauded has moved ?
SRC	has her quail that hasn't applauded some xylophones giggled ?	hasn't her quail that applauded some xylophones has giggled ?
SRC	haven't my vultures that my ravens have entertained changed ?	have my vultures that my ravens entertained haven't changed ?
SRC	has my peacock that hasn't remembered some quails read ?	hasn't my peacock that remembered some quails has read ?
SRC	has our unicorn that her walrus hasn't accepted eaten ?	hasn't our unicorn that her walrus accepted has eaten ?
SRC	hasn't some peacock who your unicorn has confused read ?	has some peacock who your unicorn confused hasn't read ?
SRC	has the peacock that hasn't moved entertained our walrus ?	hasn't the peacock that moved moved our walrus ? ?
SRC	have her tyrannosauruses who our xylophones haven't remembered read ?	haven't her tyrannosauruses who our xylophones remembered read ? ?
SRC	hasn't your unicorn who some yak has admired read ?	has your unicorn who some yak admired hasn't read ?
SRC	have the orangutans that some walruses haven't applauded smiled ?	haven't the orangutans that some walruses applauded smiled ? ?
SRC	hasn't my orangutan that her yak has admired eaten ?	has my orangutan that her yak admired hasn't eaten ?
SRC	hasn't my raven who has swum giggled ?	has my raven who swum giggled ?
SRC	hasn't my peacock who has eaten moved ?	has my peacock who eaten eaten ?
SRC	have her yaks that haven't swum giggled ?	haven't her yaks that swum giggled ?
SRC	haven't her orangutans who have eaten changed ?	have her orangutans who eaten eaten ?
SRC	have our tyrannosauruses that haven't waited giggled ?	haven't our tyrannosauruses that haven't giggled ?
SRC	haven't my salamanders who our quails have admired read ?	have my salamanders who our quails admired haven't read ?
SRC	hasn't the unicorn that has remembered the vulture eaten ?	has the unicorn that remembered the vulture hasn't eaten ?
SRC	have my xylophones that haven't amused the xylophone swum ?	haven't my xylophones that amused the xylophone swum ? ?
SRC	have the yaks that haven't amused your peacock changed ?	haven't the yaks that amused your peacock have changed ?
SRC	have her yaks that some walruses haven't accepted changed ?	haven't her yaks that some walruses accepted have changed ?
SRC	haven't my ravens that your zebras have remembered waited ?	have my ravens that your zebras remembered haven't waited ?
SRC	haven't our unicorns that our quails have amused moved ?	have our unicorns that our quails amused haven't moved ?
SRC	have the salamanders who haven't swum amused her ravens ?	haven't the salamanders who swum amused her ravens ? ?
SRC	hasn't the walrus that my xylophone has annoyed eaten ?	has the walrus that my xylophone annoyed hasn't eaten ?
SRC	hasn't some raven that has applauded our ravens moved ?	has some raven that applauded our ravens hasn't moved ?
SRC	have the vultures that your xylophones haven't remembered waited ?	haven't the vultures that your xylophones remembered have waited ?
SRC	haven't some walruses that my orangutans have remembered waited ?	have some walruses that my orangutans remembered haven't waited ?
SRC	has her vulture that my walrus hasn't remembered eaten ?	hasn't her vulture that my walrus remembered has eaten ?
SRC	have our xylophones who haven't waited amused your salamanders ?	haven't our xylophones who have amused your salamanders ? ?
SRC	hasn't my vulture that has applauded our xylophone smiled ?	has my vulture that applauded our xylophone hasn't smiled ?
SRC	has our salamander who your walrus hasn't applauded entertained the tyrannosaurus ?	hasn't our salamander who your walrus applauded the entertained the tyrannosaurus ?
SRC	have your zebras who haven't amused the walruses confused her walruses ?	haven't your zebras who the amused the confused her walruses ? ?
SRC	hasn't her quail who your xylophone has admired admired her xylophones ?	has her quail who your xylophone admired admired her xylophones admired ?
SRC	has our peacock who some newt hasn't applauded admired some xylophones ?	hasn't our peacock who some newt applauded some admired some xylophones ?
SRC	haven't our yaks that have comforted the xylophone remembered your walruses ?	have our yaks that comforted the xylophone remembered your walruses ? ?
SRC	haven't some salamanders who have remembered your ravens comforted your unicorn above my newt ?	have some salamanders who your ravens your comforted your unicorn above my newt ?
SRC	hasn't your yak who your zebra has applauded comforted my quail near some zebras ?	has your yak who your zebra applauded my comforted my quail near some zebras ?
SRC	has our xylophone who our quail hasn't amused remembered my peacock above some salamanders ?	hasn't our xylophone who our quail amused has remembered my peacock above some salamanders ?
SRC	hasn't her peacock that has annoyed our yak applauded her xylophone with some orangutan ?	has her peacock that annoyed our yak hasn't applauded her xylophone with some orangutan ?
SRC	has her peacock who her zebra hasn't confused applauded the ravens around her peacocks ?	hasn't her peacock who her zebra confused has applauded the ravens around her peacocks ?
SRC	hasn't her xylophone who your xylophone has comforted smiled ?	has her xylophone who your xylophone comforted hasn't smiled ?
SRC	haven't her vultures who have comforted the yak changed ?	have her vultures who the comforted the yak changed ?
SRC	has my tyrannosaurus who hasn't moved comforted your tyrannosauruses ?	hasn't my tyrannosaurus who moved ? comforted your tyrannosauruses ?
SRC	haven't the walruses that have applauded the xylophone changed ?	have the walruses that applauded the xylophone haven't changed ?
SRC	haven't the vultures that have annoyed the orangutans swum ?	have the vultures that the annoyed the orangutans swum ?
SRC	hasn't the orangutan that has remembered her tyrannosauruses admired the zebras behind your tyrannosaurus ?	has the orangutan that remembered her tyrannosauruses hasn't admired the zebras behind your tyrannosaurus ?
SRC	has the walrus who hasn't entertained the orangutan amused our newt above the ravens ?	hasn't the walrus who entertained the orangutan has amused our newt above the ravens ?
SRC	have the unicorns who haven't giggled comforted your newts near her peacock ?	haven't the unicorns who giggled comforted your newts near her peacock ? ?
SRC	haven't the yaks that have changed amused our raven above your ravens ?	have the yaks that have amused our raven above your ravens ? ?
SRC	has her zebra who hasn't smiled annoyed our tyrannosauruses near my walruses ?	hasn't her zebra who smiled annoyed our tyrannosauruses near my tyrannosauruses near ? ?
SRC	hasn't some raven that has giggled entertained your tyrannosauruses ?	has some raven that giggled entertained your tyrannosauruses ? ?
SRC	have her zebras that your vultures haven't applauded slept ?	haven't her zebras that your vultures applauded have slept ?
SRC	have her orangutans who haven't waited comforted our zebra ?	haven't her orangutans who have comforted our zebra ? ?
SRC	hasn't our walrus that has changed applauded your orangutans ?	hasn't our walrus that changed applauded your orangutans ? ?
SRC	haven't her orangutans who have accepted the peacock moved ?	have her orangutans who the accepted the peacock ? ?
SRC	hasn't my tyrannosaurus that has remembered the salamander read ?	has my tyrannosaurus that remembered the salamander read ? ?
SRC	haven't some unicorns that have confused your tyrannosaurus smiled ?	have some unicorns that your confused your smiled ? ?
SRC	haven't her unicorns who the ravens have admired slept ?	have her unicorns who the ravens admired haven't slept ?
SRC	hasn't her raven who our newt has entertained giggled ?	has her raven who our newt entertained hasn't giggled ?
SRC	has her yak that hasn't confused the unicorns slept ?	hasn't her yak that the confused the has slept ?
SRC	haven't your zebras who have confused our peacock entertained my quails with my unicorns ?	have your zebras who our peacock confused my entertained my quails with my unicorns ?
SRC	haven't my orangutans that have applauded the tyrannosaurus comforted some orangutan above her orangutans ?	have my orangutans that applauded the tyrannosaurus comforted some orangutan above her orangutans ?
SRC	haven't our peacocks that her walruses have confused confused your orangutans by some yak ?	have our peacocks that her walruses confused confused your orangutans by some yak ?
SRC	has some yak that hasn't comforted my ravens confused some tyrannosauruses behind her peacocks ?	hasn't some yak that comforted my ravens confused some tyrannosauruses behind her peacocks ?
SRC	haven't our vultures who have admired your unicorn entertained your unicorns around her newt ?	have our vultures who your unicorn entertained haven't entertained your unicorns around her newt ?
SRC	hasn't the peacock that has read annoyed her salamander ?	has the peacock that hasn't annoyed her salamander ? ?
SRC	has her unicorn who hasn't moved remembered some newts ?	hasn't her unicorn who moved has remembered some newts ?
SRC	has some walrus who hasn't comforted the tyrannosauruses swum ?	hasn't some walrus who comforted the tyrannosauruses has swum ?
SRC	have the newts who haven't remembered her xylophone slept ?	haven't the newts who her remembered her xylophone slept ?
SRC	hasn't the zebra that our unicorn has comforted giggled ?	has the zebra that our unicorn comforted giggled ? ?
SRC	have my unicorns who our walruses haven't confused admired the salamander ?	haven't my unicorns who our walruses confused have admired the salamander ?
SRC	hasn't my salamander who has entertained our tyrannosauruses comforted the vulture ?	has my salamander who entertained our tyrannosauruses hasn't comforted the vulture ?
SRC	hasn't the peacock who has admired some yak confused some quail ?	has the peacock who some yak hasn't confused some quail ? ?
SRC	haven't the newts who the xylophones have confused applauded our yaks ?	have the newts who the xylophones confused our yaks applauded our yaks ?
SRC	haven't our zebras who our walruses have admired admired your unicorn ?	have our zebras who our walruses admired admired your unicorn ? ?
SRC	have your unicorns that our peacocks haven't comforted admired our salamanders near my tyrannosaurus ?	haven't your unicorns that our peacocks comforted our salamanders admired my tyrannosaurus near my tyrannosaurus ?
SRC	has my orangutan who hasn't accepted the xylophone applauded the quails with some yaks ?	hasn't my orangutan who the accepted the xylophone applauded the quails with some yaks ?
SRC	have my quails who haven't remembered your salamander accepted her quail above my yaks ?	haven't my quails who your remembered your salamander accepted her quail above my yaks ?
SRC	hasn't her raven that has confused your raven admired my vultures near my xylophone ?	has her raven that your confused your raven admired my vultures near my xylophone ?
SRC	haven't my newts that your peacocks have entertained remembered our newts above some newt ?	have my newts that your peacocks entertained haven't remembered our newts above some newt ?
SRC	haven't our ravens who have admired the raven comforted our newt ?	have our ravens who the admired the raven comforted our newt ?
SRC	haven't your peacocks who have remembered your orangutan comforted your xylophones ?	have your peacocks who your orangutan remembered comforted your xylophones ? ?
SRC	hasn't some zebra who has confused her newts accepted your vultures ?	has some zebra who her newts confused your vultures accepted your vultures ?
SRC	hasn't some peacock that some zebra has entertained admired her vulture ?	has some peacock that some zebra entertained hasn't admired her vulture ?
SRC	hasn't our xylophone who has comforted our quails comforted the unicorns ?	has our xylophone who our comforted our quails comforted the unicorns ?
SRC	haven't some walruses that my unicorns have annoyed slept ?	have some walruses that my unicorns annoyed haven't slept ?
SRC	hasn't your zebra that has remembered the newts smiled ?	has your zebra that remembered the newts hasn't smiled ?
SRC	has our tyrannosaurus who hasn't accepted my vulture smiled ?	hasn't our tyrannosaurus who my vulture vulture has smiled ?
SRC	hasn't your orangutan that has read applauded my ravens ?	hasn't your orangutan that has applauded applauded my ravens ?
SRC	hasn't your orangutan that has accepted the ravens changed ?	has your orangutan that the accepted the ravens ? ?
SRC	have my tyrannosauruses who haven't swum comforted some tyrannosaurus by your yaks ?	haven't my tyrannosauruses who have comforted some tyrannosaurus by your yaks by your
SRC	hasn't our quail that has eaten comforted her yak around our unicorn ?	has our quail that eaten eaten eaten our yak around our unicorn ?
SRC	have the tyrannosauruses who haven't read comforted your salamander below my quails ?	haven't the tyrannosauruses who have comforted your salamander below my quails ? ?
SRC	hasn't her unicorn who has changed comforted your unicorn behind the unicorns ?	hasn't her unicorn who changed comforted your unicorn behind the unicorns ? ?
SRC	has your newt that some zebra hasn't admired accepted my walruses ?	hasn't your newt that some zebra admired my accepted my walruses ? ?
SRC	have the yaks who haven't remembered the tyrannosauruses slept ?	haven't the yaks who the remembered the tyrannosauruses slept ?
SRC	hasn't the walrus that has accepted her peacock read ?	has the walrus that accepted her peacock hasn't read ?
SRC	have my ravens who haven't accepted her tyrannosaurus eaten ?	haven't my ravens who her accepted her eaten ?
SRC	has our orangutan that some tyrannosaurus hasn't applauded smiled ?	hasn't our orangutan that some tyrannosaurus applauded has smiled ?
SRC	hasn't my salamander that has entertained her tyrannosaurus changed ?	has my salamander that her entertained her changed ? ?
SRC	haven't some ravens who her orangutans have confused accepted her newt behind your salamanders ?	have some ravens who her orangutans confused accepted her accepted her newt ? ?
SRC	have our salamanders that your tyrannosauruses haven't remembered amused your peacocks with the yak ?	haven't our salamanders that your tyrannosauruses remembered amused your peacocks with the yak ?
SRC	hasn't your raven who has admired her yaks applauded the newt above some newt ?	has your raven who her yaks applauded her applauded the newt above some newt ?
SRC	have your ravens that haven't admired my peacocks annoyed my unicorns behind our unicorns ?	haven't your ravens that admired my peacocks have annoyed my unicorns behind our unicorns ?
SRC	have her zebras who haven't remembered my yak applauded our quail with my yak ?	haven't her zebras who my yak applauded our have applauded our yak with my yak ?
SRC	has my vulture who our quail hasn't comforted admired the newts ?	hasn't my vulture who our quail comforted the admired the newts ?
SRC	has our walrus who our vulture hasn't accepted admired your quail ?	hasn't our walrus who our vulture accepted has admired your quail ?
SRC	have the quails who haven't entertained the quail comforted your quails ?	haven't the quails who the quail the quail comforted your quails ?
SRC	has our newt that hasn't entertained my peacocks comforted her orangutan ?	hasn't our newt that my entertained my has comforted her orangutan ?
SRC	hasn't some zebra that has comforted the walruses confused some unicorn ?	has some zebra that comforted the walruses confused some unicorn ? ?
SRC	hasn't the newt who has applauded the zebra giggled ?	has the newt who applauded the zebra hasn't giggled ?
SRC	haven't our quails who the walruses have remembered changed ?	have our quails who the walruses remembered haven't changed ?
SRC	hasn't some raven that has moved comforted the unicorns ?	hasn't some raven that moved moved comforted the unicorns ?
SRC	hasn't your zebra that your yak has applauded read ?	has your zebra that your yak applauded hasn't read ?
SRC	have the ravens who haven't accepted the zebra moved ?	haven't the ravens who the accepted the moved ? ?
SRC	have my peacocks that haven't confused my yak remembered your yaks ?	haven't my peacocks that confused my yak have remembered your yaks ?
SRC	has our unicorn that my quail hasn't amused entertained her salamander ?	hasn't our unicorn that my quail amused has entertained her salamander ?
SRC	hasn't her peacock who has remembered our peacocks accepted her quails ?	has her peacock who our peacocks remembered hasn't accepted her quails ?
SRC	haven't the ravens who have confused her salamanders accepted your orangutan ?	have the ravens who her salamanders haven't accepted your orangutan ? ?
SRC	haven't our yaks who the ravens have entertained amused the xylophones ?	have our yaks who the ravens entertained haven't amused the xylophones ?
SRC	have some unicorns who my peacocks haven't remembered smiled ?	haven't some unicorns who my peacocks remembered have smiled ?
SRC	haven't your zebras that have moved admired my raven ?	have your zebras that have admired my raven ? ?
SRC	have our tyrannosauruses that haven't applauded my quails eaten ?	haven't our tyrannosauruses that applauded my quails have eaten ?
SRC	have my orangutans that haven't admired some xylophone eaten ?	haven't my orangutans that some admired some eaten ?
SRC	hasn't the yak who has remembered the newts moved ?	has the yak who the remembered the moved ?
SRC	has your yak who hasn't admired our newts admired some peacock by the tyrannosaurus ?	hasn't your yak who our newts admired our has admired some tyrannosaurus by the tyrannosaurus ?
SRC	hasn't some orangutan who some newt has accepted entertained her yaks below your walruses ?	has some orangutan who some newt accepted hasn't entertained her yaks below your walruses ?
SRC	hasn't our newt that your walrus has comforted entertained some peacock near the yak ?	has our newt that your walrus comforted some entertained some peacock near the yak ?
SRC	hasn't some walrus that has amused her walrus admired our newt above the yaks ?	has some walrus that amused her walrus admired our newt above the yaks ?
SRC	have my yaks that haven't entertained her zebra amused the quails with my newt ?	haven't my yaks that her entertained her amused the quails with my newt ?
SRC	hasn't the orangutan who some salamander has comforted smiled ?	has the orangutan who some salamander comforted smiled ? ?
SRC	has the xylophone that hasn't moved accepted some yaks ?	hasn't the xylophone that moved has accepted some yaks ?
SRC	hasn't your zebra that our zebra has comforted moved ?	has your zebra that our zebra comforted comforted ?
SRC	has our peacock that hasn't remembered our zebras read ?	hasn't our peacock that remembered our zebras has read ?
SRC	haven't the quails that my salamanders have annoyed smiled ?	have the quails that my salamanders annoyed haven't smiled ?
SRC	hasn't her xylophone that has changed admired our yak ?	has her xylophone that changed admired our yak ?
SRC	have our tyrannosauruses that haven't smiled admired her salamanders ?	haven't our tyrannosauruses that smiled admired her salamanders ? ?
SRC	hasn't her xylophone who the unicorn has amused swum ?	has her xylophone who the unicorn amused hasn't swum ?
SRC	haven't her quails who have remembered some salamander smiled ?	have her quails who have some salamander smiled ? ?
SRC	hasn't my yak who has amused her newt slept ?	has my yak who her newt newt slept ? ?
SRC	have some ravens that your yaks haven't annoyed read ?	haven't some ravens that your yaks annoyed have read ?
SRC	haven't my tyrannosauruses who her walruses have confused waited ?	have my tyrannosauruses who her walruses confused waited ?
SRC	have the newts that haven't comforted my tyrannosauruses changed ?	haven't the newts that comforted my tyrannosauruses have changed ?
SRC	have the zebras that her xylophones haven't entertained eaten ?	haven't the zebras that her xylophones entertained have eaten ?
SRC	haven't your newts that have eaten comforted her zebras ?	have your newts that have comforted her zebras ? ?
SRC	hasn't my yak that our raven has amused annoyed some salamander ?	has my yak that our raven amused hasn't annoyed some salamander ?
SRC	haven't the vultures that her salamanders have annoyed giggled ?	have the vultures that her salamanders annoyed giggled ? ? ?
SRC	haven't her orangutans who have accepted my vultures giggled ?	have her orangutans who my vultures accepted my giggled ? ?
SRC	haven't her salamanders who the unicorns have comforted changed ?	have her salamanders who the unicorns comforted haven't changed ? ?
SRC	has some tyrannosaurus that hasn't giggled annoyed my quails ?	hasn't some tyrannosaurus that giggled annoyed my quails ? ? ?
SRC	haven't her newts who have accepted some zebra read ?	have her newts who some accepted some read ? ?
SRC	has your tyrannosaurus that some peacock hasn't applauded changed ?	hasn't your tyrannosaurus that some peacock applauded has changed ?
SRC	haven't your vultures that some peacocks have entertained eaten ?	have your vultures that some peacocks entertained haven't eaten ?
SRC	hasn't our salamander who our walrus has applauded waited ?	has our salamander who our walrus applauded hasn't waited ?
SRC	hasn't some xylophone that your walrus has confused slept ?	has some xylophone that your walrus confused hasn't slept ?
SRC	hasn't our peacock that has waited smiled ?	has our peacock that waited waited smiled ?
SRC	has the newt that hasn't eaten eaten ?	hasn't the newt that eaten eaten ?
SRC	haven't some newts who have eaten moved ?	have some newts who eaten eaten ?
SRC	hasn't some unicorn that has read giggled ?	has some unicorn that read giggled ?
SRC	haven't her zebras who have giggled giggled ?	have her zebras who giggled giggled giggled ?
SRC	haven't the vultures who have annoyed some unicorn comforted my quail ?	have the vultures who some unicorn comforted my comforted my quail ?
SRC	has some salamander who hasn't comforted your vultures remembered some quails ?	hasn't some salamander who comforted your vultures remembered some quails ? ?
SRC	hasn't my xylophone that our quail has applauded comforted our tyrannosaurus ?	has my xylophone that our quail applauded our comforted our tyrannosaurus ?
SRC	hasn't our walrus who has confused my yak remembered our vulture ?	has our walrus who my yak hasn't remembered our vulture ? ?
SRC	hasn't our vulture who her vulture has applauded confused her zebra ?	has our vulture who her vulture applauded her confused her zebra ?
SRC	hasn't our zebra who the xylophone has entertained swum ?	has our zebra who the xylophone entertained hasn't swum ?
SRC	haven't some zebras who have swum remembered some peacock ?	have some zebras who have swum some peacock ? ?
SRC	has the newt that hasn't applauded our orangutan eaten ?	hasn't the newt that applauded our orangutan has eaten ?
SRC	haven't the walruses who have comforted my walrus eaten ?	have the walruses who comforted my walrus haven't eaten ?
SRC	have your yaks who haven't accepted her orangutans changed ?	haven't your yaks who her accepted her changed ? ?
SRC	have her vultures that the newts haven't accepted smiled ?	haven't her vultures that the newts accepted have smiled ?
SRC	has my tyrannosaurus who our newt hasn't comforted giggled ?	hasn't my tyrannosaurus who our newt comforted has giggled ?
SRC	has some quail who hasn't giggled remembered some ravens ?	hasn't some quail who giggled remembered some ravens ? ?
SRC	has the unicorn that hasn't amused the yaks eaten ?	hasn't the unicorn that amused the yaks has eaten ?
SRC	have some xylophones that the vultures haven't entertained changed ?	haven't some xylophones that the vultures entertained have changed ?
SRC	have my yaks who our yaks haven't entertained changed ?	haven't my yaks who our yaks entertained have changed ?
SRC	have my orangutans that haven't smiled admired your xylophone ?	haven't my orangutans that smiled admired your xylophone ? ?
SRC	hasn't my quail who her yak has entertained moved ?	has my quail who her yak entertained hasn't moved ?
SRC	hasn't your walrus that her orangutan has entertained swum ?	has your walrus that her orangutan entertained hasn't swum ?
SRC	has our yak who hasn't accepted her walruses moved ?	hasn't our yak who her walruses her moved ? ?
SRC	has some zebra that hasn't confused my ravens eaten ?	hasn't some zebra that my confused my eaten ?
SRC	haven't her yaks who have entertained your peacocks swum ?	have her yaks who your entertained your swum ? ?
SRC	have her yaks who haven't remembered my walruses giggled ?	haven't her yaks who my walruses my walruses giggled ?
SRC	have some newts that haven't annoyed the unicorn smiled ?	haven't some newts that annoyed the unicorn smiled ? ?
SRC	has my xylophone that the orangutan hasn't admired read ?	hasn't my xylophone that the orangutan admired has read ?
SRC	haven't your newts who have comforted your peacocks amused some peacock ?	have your newts who your peacocks your haven't amused some peacock ?
SRC	have the ravens who the peacocks haven't remembered amused the unicorns ?	haven't the ravens who the peacocks remembered amused the unicorns ? ?
SRC	have the walruses that haven't amused our ravens comforted my yaks ?	haven't the walruses that our amused our ravens comforted my yaks ?
SRC	has our vulture who hasn't accepted her peacock applauded her salamander ?	hasn't our vulture who her peacock has applauded her salamander ? ?
SRC	haven't her orangutans that our quails have remembered amused the unicorn ?	have her orangutans that our quails remembered amused the unicorn ? ?
SRC	has her raven who hasn't confused your unicorn moved ?	hasn't her raven who your confused your moved ? ?
SRC	haven't the orangutans who have entertained my tyrannosaurus waited ?	have the orangutans who my entertained my tyrannosaurus waited ?
SRC	have my tyrannosauruses who haven't accepted your zebra changed ?	haven't my tyrannosauruses who your zebra zebra have changed ?
SRC	has your xylophone who my vulture hasn't annoyed eaten ?	hasn't your xylophone who my vulture annoyed has eaten ?
SRC	haven't some orangutans that have accepted her raven read ?	have some orangutans that accepted her raven haven't read ?
SRC	hasn't our peacock who her orangutan has remembered giggled ?	has our peacock who her orangutan remembered hasn't giggled ?
SRC	has my walrus that hasn't amused your orangutans changed ?	hasn't my walrus that amused your orangutans has changed ?
SRC	haven't some tyrannosauruses who have waited remembered some vultures ?	have some tyrannosauruses who have remembered some vultures ? ?
SRC	have some quails that my quails haven't remembered read ?	haven't some quails that my quails remembered have read ?
SRC	has your walrus that my yak hasn't comforted swum ?	hasn't your walrus that my yak comforted swum ?
SRC	hasn't the vulture that has entertained our tyrannosauruses read ?	has the vulture that our entertained our tyrannosauruses hasn't read ?
SRC	hasn't my walrus that our newt has entertained moved ?	has my walrus that our newt entertained hasn't moved ?
SRC	hasn't my orangutan who has remembered my xylophones read ?	has my orangutan who remembered my xylophones read ? ?
SRC	hasn't some quail who has comforted some orangutan eaten ?	has some quail who comforted some orangutan hasn't eaten ?
SRC	have my ravens that haven't comforted your vulture changed ?	haven't my ravens that comforted your vulture have changed ?
SRC	hasn't her vulture that has entertained some walruses smiled ?	has her vulture that some entertained some smiled ? ?
SRC	hasn't the newt that has admired her quails waited ?	has the newt that admired her quails hasn't waited ?
SRC	has the salamander who hasn't confused some yak swum ?	hasn't the salamander who some yak has swum ?
SRC	haven't my orangutans that have moved applauded my salamander ?	have my orangutans that moved moved applauded my salamander ?
SRC	has some salamander that hasn't amused our orangutans swum ?	hasn't some salamander that amused our orangutans has swum ?
SRC	hasn't your quail that has smiled moved ?	hasn't your quail that smiled smiled moved ?
SRC	have our vultures that haven't swum swum ?	haven't our vultures that swum swum ?
SRC	has her peacock who hasn't changed waited ?	hasn't her peacock who changed waited ?
SRC	has your zebra that hasn't smiled eaten ?	hasn't your zebra that smiled eaten ?
SRC	hasn't our yak who has changed slept ?	hasn't our yak who changed slept ?
SRC	have our unicorns that haven't read smiled ?	haven't our unicorns that read smiled smiled ?
SRC	haven't your newts who have eaten read ?	have your newts who eaten eaten ?
SRC	has your raven who hasn't moved swum ?	hasn't your raven who moved moved swum ?
SRC	hasn't my peacock who has changed smiled ?	hasn't my peacock who changed smiled ?
SRC	hasn't our yak that has read changed ?	has our yak that hasn't changed changed ?
SRC	have our salamanders who our zebras haven't accepted waited ?	haven't our salamanders who our zebras accepted have waited ?
SRC	has your raven that the xylophone hasn't accepted waited ?	hasn't your raven that the xylophone accepted has waited ?
SRC	has the zebra that hasn't remembered my newt eaten ?	hasn't the zebra that remembered my newt has eaten ?
SRC	have my unicorns that some xylophones haven't amused swum ?	haven't my unicorns that some xylophones amused have swum ?
SRC	have your quails that some vultures haven't applauded giggled ?	haven't your quails that some vultures applauded have giggled ?
SRC	haven't some tyrannosauruses who have changed annoyed the tyrannosauruses above our tyrannosaurus ?	have some tyrannosauruses who changed annoyed the tyrannosauruses above our tyrannosauruses above ?
SRC	has our zebra that hasn't swum admired her peacock above our newt ?	hasn't our zebra that swum admired her peacock above our peacock ? ?
SRC	hasn't my yak that has giggled admired your tyrannosauruses with my quail ?	has my yak that giggled admired your tyrannosauruses with my tyrannosauruses ? ?
SRC	hasn't the raven who has read comforted her quails around our zebra ?	hasn't the raven who read comforted her quails around our quails ? ?
SRC	have our tyrannosauruses who haven't slept amused my salamander behind your tyrannosaurus ?	haven't our tyrannosauruses who slept amused my salamander behind your tyrannosaurus ? ?
SRC	haven't my ravens that the unicorns have admired changed ?	have my ravens that the unicorns admired haven't changed ?
SRC	has some newt who hasn't accepted some yak smiled ?	hasn't some newt who some accepted some has smiled ?
SRC	has my unicorn that hasn't annoyed my xylophones slept ?	hasn't my unicorn that annoyed my xylophones has slept ?
SRC	have our ravens who haven't remembered my newt slept ?	haven't our ravens who remembered my newt slept ? ?
SRC	haven't my salamanders that have giggled comforted the salamanders ?	have my salamanders that giggled comforted the salamanders ? ?
SRC	haven't some unicorns who her ravens have entertained swum ?	have some unicorns who her ravens entertained haven't swum ?
SRC	have her vultures that haven't amused the xylophone moved ?	haven't her vultures that amused the xylophone moved ? ?
SRC	haven't the yaks that the orangutans have comforted eaten ?	have the yaks that the orangutans comforted eaten ?
SRC	haven't her peacocks that your quails have amused smiled ?	have her peacocks that your quails amused haven't smiled ?
SRC	hasn't your orangutan that has confused your quails moved ?	has your orangutan that your confused your moved ? ?
SRC	have my yaks who haven't eaten entertained our xylophone ?	haven't my yaks who eaten eaten entertained our xylophone ?
SRC	have your walruses that some newts haven't applauded eaten ?	haven't your walruses that some newts applauded have eaten ?
SRC	have the salamanders that haven't admired some salamander moved ?	haven't the salamanders that some admired some salamander moved ?
SRC	have her salamanders who haven't entertained our tyrannosauruses smiled ?	haven't her salamanders who entertained our tyrannosauruses have smiled ?
SRC	haven't her yaks that have changed entertained your yaks ?	have her yaks that changed entertained your yaks ?
SRC	hasn't some unicorn that her unicorn has amused waited ?	has some unicorn that her unicorn amused hasn't waited ?
SRC	haven't her salamanders who have amused my newts moved ?	have her salamanders who have amused my newts moved ?
SRC	hasn't our raven who has waited confused her orangutan ?	hasn't our raven who waited waited confused her orangutan ?
SRC	haven't our ravens that have applauded my yaks waited ?	have our ravens that applauded my yaks waited ? ?
SRC	has our salamander who my quail hasn't confused changed ?	hasn't our salamander who my quail confused has changed ?
SRC	have our zebras who haven't confused our peacocks read ?	haven't our zebras who our peacocks peacocks have read ?
SRC	hasn't some salamander that has waited annoyed your xylophones ?	hasn't some salamander that waited waited annoyed your xylophones ?
SRC	hasn't the salamander that has comforted your zebra read ?	has the salamander that comforted your zebra hasn't read ?
SRC	hasn't my vulture that has admired the unicorn eaten ?	has my vulture that the admired the unicorn eaten ?
SRC	haven't our ravens who the vultures have accepted eaten ?	have our ravens who the vultures accepted haven't eaten ?
SRC	haven't the quails who our walruses have annoyed confused our quail below our peacocks ?	have the quails who our walruses annoyed our confused our quail below our peacocks ?
SRC	has my quail that hasn't amused our salamanders admired your unicorns upon some orangutans ?	hasn't my quail that our salamanders our salamanders has admired your orangutans upon some orangutans ?
SRC	have some ravens who the xylophones haven't annoyed admired my orangutan with her orangutans ?	haven't some ravens who the xylophones annoyed admired my orangutan with her orangutans ?
SRC	haven't our walruses who some ravens have amused applauded your unicorns upon the orangutans ?	have our walruses who some ravens amused haven't applauded your unicorns upon the orangutans ?
SRC	have my unicorns that haven't applauded some walruses accepted her yak upon some tyrannosaurus ?	haven't my unicorns that applauded some walruses have accepted her yak upon some tyrannosaurus ?
SRC	have the peacocks that some salamanders haven't remembered waited ?	haven't the peacocks that some salamanders remembered have waited ?
SRC	have our yaks that your tyrannosauruses haven't accepted moved ?	haven't our yaks that your tyrannosauruses accepted have moved ?
SRC	hasn't some unicorn that has annoyed your peacock waited ?	has some unicorn that annoyed your peacock hasn't waited ?
SRC	hasn't the xylophone who her newt has remembered swum ?	has the xylophone who her newt remembered swum ?
SRC	has your peacock that hasn't annoyed my peacock changed ?	hasn't your peacock that annoyed my peacock has changed ?
SRC	haven't my unicorns that have swum amused her walruses ?	have my unicorns that swum amused her walruses ? ?
SRC	haven't our unicorns who my tyrannosauruses have applauded eaten ?	have our unicorns who my tyrannosauruses applauded eaten ?
SRC	have some ravens who some newts haven't confused slept ?	haven't some ravens who some newts confused have slept ?
SRC	haven't the salamanders who your quails have remembered waited ?	have the salamanders who your quails remembered haven't waited ?
SRC	have our unicorns that haven't confused some ravens smiled ?	haven't our unicorns that some confused some ravens smiled ?
SRC	haven't my xylophones who our vultures have annoyed eaten ?	have my xylophones who our vultures annoyed eaten ? ?
SRC	have her xylophones who haven't smiled admired my tyrannosaurus ?	haven't her xylophones who smiled admired my tyrannosaurus ? ?
SRC	haven't the newts that our vultures have entertained changed ?	have the newts that our vultures entertained haven't changed ?
SRC	haven't your salamanders that some zebras have annoyed slept ?	have your salamanders that some zebras annoyed haven't slept ?
SRC	haven't my peacocks that have entertained your vultures changed ?	have my peacocks that your entertained your vultures changed ?
SRC	have her walruses who haven't entertained her walrus confused our raven near my walrus ?	haven't her walruses who entertained her walrus have confused our raven near my walrus ?
SRC	haven't some yaks that her yaks have confused confused some unicorn behind our walruses ?	have some yaks that her yaks confused confused some unicorn behind our walruses ?
SRC	hasn't our yak who her peacock has comforted accepted some yaks with her ravens ?	has our yak who her peacock comforted some accepted some yaks with her ravens ?
SRC	have your peacocks that haven't comforted her peacocks accepted some orangutans near her orangutan ?	haven't your peacocks that comforted her peacocks have accepted some orangutans near her orangutan ?
SRC	hasn't my walrus that has remembered our newt entertained her xylophone with the orangutans ?	has my walrus that remembered our newt entertained her xylophone with the orangutans with the orangutans
SRC	hasn't your vulture who has giggled eaten ?	hasn't your vulture who giggled eaten ?
SRC	have our peacocks that haven't swum read ?	haven't our peacocks that swum ? read ?
SRC	hasn't her unicorn who has read giggled ?	hasn't her unicorn who read giggled ?
SRC	have the newts that haven't changed smiled ?	haven't the newts that changed smiled ?
SRC	haven't her yaks who have giggled waited ?	have her yaks who giggled waited ?
SRC	have the yaks who some unicorns haven't entertained annoyed my zebras ?	haven't the yaks who some unicorns entertained have annoyed my zebras ?
SRC	haven't some quails who have accepted my ravens accepted your quails ?	have some quails who my accepted my ravens accepted your quails ?
SRC	hasn't your newt who her walrus has remembered comforted her quail ?	has your newt who her walrus remembered hasn't comforted her quail ?
SRC	haven't your ravens who have entertained some unicorns annoyed the peacock ?	have your ravens who some entertained some unicorns annoyed the peacock ?
SRC	has your quail who hasn't admired the tyrannosaurus remembered your tyrannosaurus ?	hasn't your quail who the admired the tyrannosaurus remembered your tyrannosaurus ?
SRC	haven't her walruses that have read accepted your quail ?	have her walruses that haven't accepted your quail ? ?
SRC	haven't her orangutans that the peacocks have applauded waited ?	have her orangutans that the peacocks applauded haven't waited ?
SRC	hasn't your newt that the yak has applauded moved ?	has your newt that the yak applauded hasn't moved ?
SRC	hasn't some unicorn who has eaten comforted her yaks ?	hasn't some unicorn who eaten eaten ? her yaks ?
SRC	have some orangutans who haven't applauded her quail smiled ?	haven't some orangutans who applauded her quail have smiled ?
SRC	have the vultures who haven't entertained our ravens remembered your peacock behind our salamander ?	haven't the vultures who entertained our ravens remembered your remembered your salamander behind our salamander ?
SRC	have our peacocks that some walruses haven't remembered annoyed our peacock by our orangutan ?	haven't our peacocks that some walruses remembered have annoyed our peacock by our orangutan ?
SRC	haven't her newts who your salamanders have confused applauded her salamanders upon her orangutans ?	have her newts who your salamanders confused her applauded her salamanders upon her orangutans ?
SRC	has my tyrannosaurus that hasn't entertained your walrus amused your quail by your yak ?	hasn't my tyrannosaurus that your entertained your has amused your quail by your yak ?
SRC	haven't our unicorns who have accepted the zebras comforted your tyrannosauruses near her salamanders ?	have our unicorns who the accepted the zebras comforted your tyrannosauruses near her salamanders ?
SRC	has your salamander who my tyrannosaurus hasn't remembered swum ?	hasn't your salamander who my tyrannosaurus remembered has swum ?
SRC	haven't the zebras that have moved amused my unicorns ?	have the zebras that haven't amused my unicorns ? ?
SRC	has some vulture that hasn't admired some yak waited ?	hasn't some vulture that some yak has waited ?
SRC	hasn't my unicorn who has comforted our zebras waited ?	has my unicorn who our zebras our waited ? ?
SRC	have our walruses that your unicorns haven't admired waited ?	haven't our walruses that your unicorns admired have waited ?
SRC	have her unicorns that haven't annoyed my peacocks read ?	haven't her unicorns that annoyed my peacocks read ? ?
SRC	hasn't our xylophone that has slept comforted the xylophone ?	has our xylophone that slept comforted the xylophone ? ?
SRC	haven't my salamanders who have entertained my peacocks slept ?	have my salamanders who entertained my peacocks haven't slept ?
SRC	has our quail that some vulture hasn't applauded eaten ?	hasn't our quail that some vulture applauded has eaten ?
SRC	haven't my yaks who your walruses have amused read ?	have my yaks who your walruses amused haven't read ?
SRC	hasn't some salamander who my orangutan has annoyed swum ?	has some salamander who my orangutan annoyed hasn't swum ?
SRC	hasn't some unicorn that my raven has comforted eaten ?	has some unicorn that my raven comforted eaten ?
SRC	have your tyrannosauruses who my quails haven't confused moved ?	haven't your tyrannosauruses who my quails confused have moved ?
SRC	have your ravens that haven't entertained the ravens changed ?	haven't your ravens that the entertained the ravens ? ?
SRC	haven't my walruses that have slept remembered my ravens ?	have my walruses that haven't remembered my ravens ? ?
SRC	has our vulture that hasn't giggled admired your unicorn with our vultures ?	hasn't our vulture that giggled admired your unicorn with our vultures ? ?
SRC	have some yaks that haven't changed applauded my unicorn behind her newts ?	haven't some yaks that changed applauded applauded my unicorn behind her newts ?
SRC	haven't your unicorns that have smiled confused your tyrannosauruses behind my quail ?	have your unicorns that smiled smiled confused your tyrannosauruses behind my quail ?
SRC	hasn't our salamander who has changed entertained some peacocks above our quail ?	hasn't our salamander who changed entertained some peacocks above our peacocks ? ?
SRC	has her raven that hasn't changed amused your orangutan upon your newts ?	hasn't her raven that changed amused your orangutan upon your newts ? ?
SRC	hasn't my raven who has waited read ?	hasn't my raven who has read ?
SRC	hasn't some raven that has smiled giggled ?	hasn't some raven that smiled smiled giggled ?
SRC	have her vultures that haven't changed waited ?	haven't her vultures that changed waited ?
SRC	have your ravens that haven't smiled changed ?	haven't your ravens that smiled changed changed ?
SRC	haven't your quails who have eaten eaten ?	have your quails who eaten eaten ?
SRC	haven't her unicorns who have admired our salamanders annoyed the zebras with some walruses ?	have her unicorns who our salamanders haven't annoyed the zebras with some walruses ?
SRC	haven't the peacocks who have remembered the orangutan remembered your zebra upon my tyrannosauruses ?	have the peacocks who have remembered the orangutan remembered your zebra upon my tyrannosauruses ?
SRC	haven't her unicorns who have amused my walruses comforted her tyrannosauruses behind my yak ?	have her unicorns who my walruses haven't comforted her tyrannosauruses behind my yak ?
SRC	has your orangutan that some tyrannosaurus hasn't amused comforted some tyrannosaurus upon some zebras ?	hasn't your orangutan that some tyrannosaurus amused has comforted some tyrannosaurus upon some zebras ?
SRC	haven't the unicorns that the walruses have confused admired our salamanders below the tyrannosaurus ?	have the unicorns that the walruses confused our salamanders admired our tyrannosaurus below the tyrannosaurus ?
SRC	hasn't my vulture that has waited smiled ?	has my vulture that waited waited smiled ?
SRC	have her zebras who haven't changed eaten ?	haven't her zebras who changed eaten ?
SRC	have her unicorns that haven't changed changed ?	haven't her unicorns that changed changed changed ?
SRC	haven't our peacocks who have swum waited ?	have our peacocks who swum waited waited ?
SRC	haven't our tyrannosauruses that have smiled giggled ?	have our tyrannosauruses that smiled giggled giggled ?
SRC	have our salamanders that haven't remembered her unicorn waited ?	haven't our salamanders that remembered her unicorn waited ?
SRC	haven't some ravens who have remembered some salamanders changed ?	have some ravens who have some salamanders haven't changed ?
SRC	have our salamanders who haven't entertained your peacocks smiled ?	haven't our salamanders who your entertained your smiled ? ?
SRC	haven't my ravens that have confused my vultures moved ?	have my ravens that my vultures confused my moved ?
SRC	hasn't your salamander that has amused your tyrannosauruses eaten ?	has your salamander that amused your tyrannosauruses hasn't eaten ?
SRC	has her zebra that hasn't applauded her xylophones swum ?	hasn't her zebra that applauded her xylophones has swum ?
SRC	haven't some vultures that have entertained her salamander moved ?	have some vultures that her entertained her moved ?
SRC	haven't some xylophones who have amused some peacock waited ?	have some xylophones who some amused some peacock waited ?
SRC	hasn't the walrus who my salamander has comforted slept ?	has the walrus who my salamander comforted slept ? ?
SRC	has the raven that the peacock hasn't admired slept ?	hasn't the raven that the peacock admired has slept ?
SRC	hasn't your quail that has slept giggled ?	has your quail that slept giggled giggled ?
SRC	have our ravens who haven't giggled slept ?	haven't our ravens who giggled slept ? ?
SRC	haven't her newts who have eaten smiled ?	have her newts who eaten eaten ?
SRC	haven't some ravens who have giggled moved ?	have some ravens who giggled moved ?
SRC	has her newt that hasn't giggled eaten ?	hasn't her newt that giggled eaten ?
SRC	hasn't some salamander who some unicorn has admired swum ?	has some salamander who some unicorn admired hasn't swum ?
SRC	haven't her xylophones that have applauded your newts smiled ?	have her xylophones that applauded your newts haven't smiled ?
SRC	hasn't my newt who has swum slept ?	has my newt who swum slept ? ? ?
SRC	haven't some ravens who have swum smiled ?	have some ravens who have smiled ? ? ?
SRC	have our orangutans who haven't smiled slept ?	haven't our orangutans who smiled ? slept ? ?
SRC	haven't our zebras that have changed eaten ?	have our zebras that have eaten ?
SRC	hasn't our raven that has read changed ?	hasn't our raven that read changed changed ?
SRC	has my quail who hasn't slept smiled ?	hasn't my quail who slept smiled ? ?
SRC	have some unicorns that haven't smiled waited ?	haven't some unicorns that smiled smiled waited ?
SRC	hasn't some raven who has eaten eaten ?	hasn't some raven who eaten eaten ?
SRC	hasn't her peacock who has comforted her xylophones changed ?	has her peacock who comforted her xylophones changed ?
SRC	has her raven who hasn't amused the orangutan swum ?	hasn't her raven who the orangutan the orangutan swum ?
SRC	have our quails that my xylophones haven't comforted eaten ?	haven't our quails that my xylophones comforted eaten ?
SRC	hasn't my walrus that our xylophone has comforted swum ?	has my walrus that our xylophone comforted swum ?
SRC	haven't my salamanders who have entertained our xylophones giggled ?	have my salamanders who entertained our xylophones haven't giggled ?
SRC	hasn't some salamander that has amused your xylophones remembered the tyrannosaurus ?	has some salamander that amused your xylophones hasn't remembered the tyrannosaurus ?
SRC	hasn't our vulture that some newt has applauded remembered some raven ?	has our vulture that some newt applauded remembered some raven ? ?
SRC	have her xylophones who your vultures haven't entertained accepted your salamanders ?	haven't her xylophones who your vultures entertained have accepted your salamanders ?
SRC	have some unicorns that haven't comforted your tyrannosaurus comforted your unicorn ?	haven't some unicorns that comforted your tyrannosaurus have comforted your unicorn ?
SRC	haven't some orangutans that my vultures have annoyed applauded the walruses ?	have some orangutans that my vultures annoyed haven't applauded the walruses ?
SRC	haven't my newts who have swum remembered my walrus by our yak ?	have my newts who have remembered my walrus by our walrus ? ?
SRC	hasn't the salamander who has read confused some tyrannosauruses above the zebras ?	hasn't the salamander who read confused some tyrannosauruses above the tyrannosauruses above ?
SRC	hasn't the vulture who has eaten admired my vultures above our tyrannosaurus ?	hasn't the vulture who eaten eaten admired my vultures above our tyrannosaurus ?
SRC	have her quails that haven't smiled comforted your orangutan near the xylophones ?	haven't her quails that smiled comforted your orangutan near the xylophones ? ?
SRC	haven't my tyrannosauruses who have swum amused her quails by your salamanders ?	have my tyrannosauruses who have amused her quails by your salamanders by your ?
SRC	hasn't her orangutan that my salamander has remembered smiled ?	has her orangutan that my salamander remembered hasn't smiled ?
SRC	haven't some vultures that have accepted her vultures changed ?	have some vultures that accepted her vultures haven't changed ?
SRC	has her newt who hasn't confused your quail waited ?	hasn't her newt who your quail confused has waited ?
SRC	has her xylophone who the tyrannosaurus hasn't annoyed changed ?	hasn't her xylophone who the tyrannosaurus annoyed has changed ?
SRC	haven't her vultures that have comforted my newts slept ?	have her vultures that comforted my newts haven't slept ?
SRC	hasn't our walrus who the zebra has accepted applauded my ravens upon your orangutans ?	has our walrus who the zebra accepted hasn't applauded my ravens upon your orangutans ?
SRC	has some salamander that your tyrannosaurus hasn't admired annoyed her peacocks near her peacocks ?	hasn't some salamander that your tyrannosaurus admired her annoyed her peacocks near her peacocks ?
SRC	have our vultures that haven't applauded our tyrannosaurus applauded some tyrannosauruses near your peacock ?	haven't our vultures that applauded our tyrannosaurus have applauded some tyrannosauruses near your peacock ?
SRC	have the tyrannosauruses who the newts haven't accepted amused your walrus near the zebras ?	haven't the tyrannosauruses who the newts accepted have amused your walrus near the zebras ?
SRC	has my raven who hasn't entertained the peacock entertained her xylophones by our unicorns ?	hasn't my raven who entertained the peacock entertained her xylophones by our unicorns ?
SRC	haven't my yaks who have amused some zebra remembered the quails ?	have my yaks who some zebra amused haven't remembered the quails ?
SRC	has some tyrannosaurus that our unicorn hasn't applauded applauded the raven ?	hasn't some tyrannosaurus that our unicorn applauded applauded the raven ? ?
SRC	have your zebras who haven't comforted your ravens comforted the salamander ?	haven't your zebras who your ravens comforted comforted the salamander ? ?
SRC	haven't her quails that your xylophones have amused accepted your peacock ?	have her quails that your xylophones amused haven't accepted your peacock ?
SRC	have our vultures that haven't applauded her xylophone entertained your newt ?	haven't our vultures that applauded her xylophone entertained your newt ? ?
SRC	has our zebra that hasn't slept swum ?	hasn't our zebra that slept swum ?
SRC	have my quails who haven't swum eaten ?	haven't my quails who swum ? eaten ?
SRC	hasn't the yak that has smiled eaten ?	has the yak that smiled smiled eaten ?
SRC	has some yak that hasn't read eaten ?	hasn't some yak that has eaten ?
SRC	hasn't my yak who has waited read ?	hasn't my yak who has read ?
SRC	has your vulture that hasn't admired my tyrannosauruses read ?	hasn't your vulture that admired my tyrannosauruses has read ?
SRC	has your salamander that hasn't remembered the yak smiled ?	hasn't your salamander that remembered the yak has smiled ?
SRC	haven't the ravens that some quails have admired smiled ?	have the ravens that some quails admired haven't smiled ?
SRC	have her unicorns who your xylophones haven't amused swum ?	haven't her unicorns who your xylophones amused have swum ?
SRC	have our yaks who your ravens haven't comforted swum ?	haven't our yaks who your ravens comforted swum ?
SRC	has our yak who hasn't read changed ?	hasn't our yak who has changed ?
SRC	has my vulture that hasn't read giggled ?	hasn't my vulture that read giggled ?
SRC	haven't some ravens who have slept read ?	have some ravens who slept read ?
SRC	haven't some quails who have smiled slept ?	have some quails who smiled smiled ?
SRC	have some quails who haven't eaten changed ?	haven't some quails who eaten eaten ?
SRC	hasn't my tyrannosaurus who some peacock has admired changed ?	has my tyrannosaurus who some peacock admired hasn't changed ?
SRC	haven't my peacocks that have applauded some peacock changed ?	have my peacocks that applauded some peacock haven't changed ?
SRC	have my ravens who haven't admired the zebras giggled ?	haven't my ravens who the admired the zebras giggled ?
SRC	have the salamanders that haven't accepted your newt changed ?	haven't the salamanders that your accepted your newt changed ?
SRC	have the peacocks that her salamanders haven't applauded waited ?	haven't the peacocks that her salamanders applauded applauded waited ?
SRC	have your walruses who haven't comforted your newts swum ?	haven't your walruses who your newts newts have swum ?
SRC	hasn't my quail who our walrus has annoyed slept ?	has my quail who our walrus annoyed hasn't slept ?
SRC	hasn't your salamander that our peacock has admired read ?	has your salamander that our peacock admired hasn't read ?
SRC	have the salamanders that our ravens haven't comforted eaten ?	haven't the salamanders that our ravens comforted eaten ?
SRC	haven't some xylophones who the unicorns have comforted swum ?	have some xylophones who the unicorns comforted swum ?
SRC	hasn't my xylophone that the walrus has remembered slept ?	has my xylophone that the walrus remembered hasn't slept ?
SRC	hasn't her unicorn who the orangutan has accepted slept ?	has her unicorn who the orangutan accepted hasn't slept ?
SRC	haven't some ravens that have applauded our peacock waited ?	have some ravens that applauded our peacock waited ? ?
SRC	has our walrus that hasn't read annoyed our ravens ?	hasn't our walrus that hasn't annoyed our ravens ? ?
SRC	has her quail that her vulture hasn't remembered read ?	hasn't her quail that her vulture remembered has read ?
SRC	hasn't some peacock who has annoyed my walrus moved ?	has some peacock who annoyed my walrus hasn't moved ?
SRC	hasn't some tyrannosaurus who my xylophone has annoyed waited ?	has some tyrannosaurus who my xylophone annoyed hasn't waited ?
SRC	has some salamander who hasn't entertained some walruses swum ?	hasn't some salamander who some walruses some has swum ?
SRC	have our unicorns who her vultures haven't entertained read ?	haven't our unicorns who her vultures entertained have read ?
SRC	have my walruses who haven't accepted her peacocks smiled ?	haven't my walruses who her peacocks her smiled ? ?
SRC	has her newt who some quail hasn't remembered smiled ?	hasn't her newt who some quail remembered has smiled ?
SRC	have her newts that your quails haven't confused eaten ?	haven't her newts that your quails confused have eaten ?
SRC	have some zebras that my orangutans haven't applauded slept ?	haven't some zebras that my orangutans applauded slept ? ?
SRC	hasn't your unicorn that your yak has entertained eaten ?	has your unicorn that your yak entertained hasn't eaten ?
SRC	hasn't your orangutan that the yak has admired slept ?	has your orangutan that the yak admired hasn't slept ?
SRC	haven't some vultures who have changed eaten ?	have some vultures who changed eaten ?
SRC	haven't our ravens who have read moved ?	have our ravens who have moved ?
SRC	has your zebra that hasn't smiled slept ?	hasn't your zebra that smiled smiled ?
SRC	hasn't my peacock who has giggled read ?	has my peacock who giggled read ?
SRC	has my walrus who hasn't swum moved ?	hasn't my walrus who swum moved ?
SRC	have my zebras who haven't waited changed ?	haven't my zebras who have changed changed ?
SRC	has some peacock that hasn't changed changed ?	hasn't some peacock that changed changed changed ?
SRC	has my walrus who hasn't moved moved ?	hasn't my walrus who moved moved ?
SRC	have our yaks that haven't moved moved ?	haven't our yaks that moved moved ?
SRC	has some unicorn that hasn't slept giggled ?	hasn't some unicorn that slept giggled ?
SRC	has our vulture that our raven hasn't remembered changed ?	hasn't our vulture that our raven remembered has changed ?
SRC	hasn't her raven who your xylophone has amused slept ?	has her raven who your xylophone amused hasn't slept ?
SRC	has our xylophone who her tyrannosaurus hasn't applauded changed ?	hasn't our xylophone who her tyrannosaurus applauded has changed ?
SRC	have her salamanders who haven't comforted the tyrannosauruses slept ?	haven't her salamanders who the comforted the tyrannosauruses slept ?
SRC	have some peacocks that my quails haven't accepted eaten ?	haven't some peacocks that my quails accepted have eaten ?
SRC	has some quail that hasn't swum annoyed some yak near my ravens ?	hasn't some quail that swum annoyed some yak near my ravens ? ?
SRC	have my walruses who haven't swum entertained the walruses behind your salamanders ?	haven't my walruses who have entertained the walruses behind your walruses ? ?
SRC	have the peacocks who haven't smiled admired your walrus upon our zebras ?	haven't the peacocks who smiled admired your walrus upon our walrus ? ?
SRC	have some zebras who haven't moved comforted your quails above the walrus ?	haven't some zebras who moved moved your quails above the quails ? ?
SRC	has your zebra who hasn't giggled accepted the salamanders above our orangutan ?	hasn't your zebra who giggled accepted the salamanders above our salamanders above ?
SRC	haven't the newts that have smiled slept ?	have the newts that smiled smiled ?
SRC	haven't my zebras who have moved read ?	have my zebras who moved moved read ?
SRC	has my tyrannosaurus that hasn't smiled changed ?	hasn't my tyrannosaurus that smiled changed changed ?
SRC	have some salamanders who haven't waited eaten ?	haven't some salamanders who have eaten ?
SRC	have your xylophones who haven't changed changed ?	haven't your xylophones who changed changed changed ?
SRC	haven't your newts who have remembered some peacocks applauded some zebra by our vultures ?	have your newts who have some peacocks applauded some zebra by our vultures by our vultures
SRC	have my walruses that the ravens haven't entertained comforted our peacocks near our unicorn ?	haven't my walruses that the ravens entertained have comforted our peacocks near our unicorn ?
SRC	have the orangutans that her walruses haven't annoyed applauded her zebra near the newts ?	haven't the orangutans that her walruses annoyed have applauded her zebra near the newts ?
SRC	have her xylophones who the peacocks haven't entertained remembered your orangutans with your newts ?	haven't her xylophones who the peacocks entertained have remembered your orangutans with your newts ?
SRC	hasn't your unicorn who has amused the yak remembered your tyrannosauruses behind your zebras ?	has your unicorn who amused the yak hasn't remembered your tyrannosauruses behind your zebras ?
SRC	have our xylophones who haven't swum read ?	haven't our xylophones who have read ?
SRC	have her newts who haven't eaten giggled ?	haven't her newts who eaten eaten ?
SRC	has our zebra that hasn't swum moved ?	hasn't our zebra that swum moved ?
SRC	haven't the yaks who have read eaten ?	have the yaks who haven't eaten ?
SRC	haven't my newts that have giggled eaten ?	have my newts that giggled eaten ?
SRC	have some tyrannosauruses who haven't confused the unicorns annoyed our salamander around the xylophones ?	haven't some tyrannosauruses who the confused the unicorns annoyed our salamander around the xylophones ?
SRC	has the xylophone that hasn't accepted our zebra annoyed my walrus around our vulture ?	hasn't the xylophone that our zebra our has annoyed my walrus around our vulture ?
SRC	haven't our walruses who have amused your unicorns entertained your newt with your tyrannosaurus ?	have our walruses who your unicorns your unicorns entertained your newt with your tyrannosaurus ?
SRC	haven't some salamanders that have annoyed the orangutan confused my xylophones by the quail ?	have some salamanders that annoyed the orangutan confused my xylophones by the quail ? ?
SRC	have her xylophones who haven't confused our peacocks comforted my tyrannosaurus by our unicorns ?	haven't her xylophones who our peacocks comforted my comforted my tyrannosaurus by our unicorns ?
SRC	hasn't her salamander who has giggled confused the unicorn ?	hasn't her salamander who giggled confused the unicorn ? ?
SRC	has the vulture who her xylophone hasn't applauded waited ?	hasn't the vulture who her xylophone applauded has waited ?
SRC	haven't your zebras who have accepted her unicorns waited ?	have your zebras who her accepted her waited ?
SRC	have some newts that haven't confused my zebras smiled ?	haven't some newts that my zebras my zebras smiled ?
SRC	has your xylophone that hasn't entertained your vultures slept ?	hasn't your xylophone that your entertained your slept ? ?
SRC	has some newt who hasn't remembered some xylophone accepted our xylophones ?	hasn't some newt who remembered some xylophone accepted our xylophones ? ?
SRC	hasn't some xylophone that your vulture has applauded entertained the orangutan ?	has some xylophone that your vulture applauded hasn't entertained the orangutan ?
SRC	hasn't our vulture who has remembered the xylophones annoyed our unicorns ?	has our vulture who the xylophones xylophones annoyed our unicorns ? ?
SRC	has your unicorn that the xylophone hasn't confused applauded my quails ?	hasn't your unicorn that the xylophone confused has applauded my quails ?
SRC	haven't her tyrannosauruses that my zebras have annoyed annoyed her quails ?	have her tyrannosauruses that my zebras annoyed annoyed her quails ? ?
SRC	hasn't our walrus that has waited giggled ?	hasn't our walrus that has giggled ?
SRC	haven't your peacocks that have waited moved ?	have your peacocks that have moved ?
SRC	has the orangutan who hasn't smiled slept ?	hasn't the orangutan who smiled ? slept ?
SRC	haven't your tyrannosauruses who have moved giggled ?	have your tyrannosauruses who moved moved ?
SRC	has my salamander that hasn't waited waited ?	hasn't my salamander that waited waited waited ?
SRC	have my walruses that haven't waited swum ?	haven't my walruses that have swum ?
SRC	hasn't her newt who has eaten swum ?	hasn't her newt who eaten eaten ?
SRC	haven't some peacocks that have swum read ?	have some peacocks that swum read ?
SRC	haven't our tyrannosauruses that have moved waited ?	have our tyrannosauruses that have waited waited ?
SRC	haven't some tyrannosauruses that have eaten eaten ?	have some tyrannosauruses that eaten eaten eaten ?
SRC	haven't some ravens who have slept entertained the xylophones above our newts ?	have some ravens who slept entertained the xylophones above our xylophones ? ?
SRC	has your unicorn that hasn't eaten accepted the salamanders with some orangutans ?	hasn't your unicorn that eaten eaten accepted the salamanders with some orangutans ?
SRC	hasn't my quail who has waited annoyed her salamander below some peacocks ?	hasn't my quail who has annoyed her salamander below some salamander ? ?
SRC	hasn't the quail who has waited comforted your yak above your zebra ?	hasn't the quail who has comforted your yak above your yak above ?
SRC	has some walrus that hasn't eaten confused some unicorns by some unicorn ?	hasn't some walrus that eaten eaten eaten some unicorns by some unicorn ?
SRC	haven't your walruses that have moved changed ?	have your walruses that haven't changed changed ?
SRC	haven't her orangutans who have smiled read ?	have her orangutans who smiled smiled ?
SRC	hasn't your orangutan that has changed eaten ?	has your orangutan that changed eaten ?
SRC	has some walrus that hasn't read moved ?	hasn't some walrus that hasn't moved ?
SRC	has the walrus who hasn't moved changed ?	hasn't the walrus who moved ? changed ?
SRC	has some tyrannosaurus who hasn't changed amused the xylophones ?	hasn't some tyrannosaurus who changed amused the xylophones ? ?
SRC	haven't our yaks who my quails have accepted waited ?	have our yaks who my quails accepted haven't waited ?
SRC	has the vulture that our orangutan hasn't confused read ?	hasn't the vulture that our orangutan confused has read ?
SRC	has our xylophone that hasn't confused my xylophone read ?	hasn't our xylophone that my confused my xylophone read ?
SRC	has the vulture who hasn't amused her salamander slept ?	hasn't the vulture who her amused her slept ? ?
SRC	have your yaks who your quails haven't applauded annoyed some yaks ?	haven't your yaks who your quails applauded some annoyed some yaks ?
SRC	haven't my walruses that her quails have entertained comforted your newts ?	have my walruses that her quails entertained haven't comforted your newts ?
SRC	has her salamander who hasn't applauded the walruses applauded my vultures ?	hasn't her salamander who applauded the walruses has applauded my vultures ?
SRC	have the peacocks who haven't comforted her vulture remembered her orangutan ?	haven't the peacocks who her comforted her remembered her orangutan ? ?
SRC	has her newt who hasn't accepted my xylophones remembered my newts ?	hasn't her newt who my xylophones accepted my remembered my newts ?
SRC	have your walruses who haven't moved read ?	haven't your walruses who moved ? read ?
SRC	hasn't the zebra that has eaten slept ?	has the zebra that eaten eaten ?
SRC	hasn't her raven that has giggled swum ?	has her raven that giggled swum ?
SRC	have the peacocks that haven't giggled waited ?	haven't the peacocks that giggled waited waited ?
SRC	hasn't her xylophone that has changed waited ?	has her xylophone that changed waited ?
SRC	has her raven that some raven hasn't amused accepted the yaks ?	hasn't her raven that some raven amused the accepted the yaks ?
SRC	has her tyrannosaurus who hasn't confused her peacock accepted some tyrannosaurus ?	hasn't her tyrannosaurus who her peacock has accepted some tyrannosaurus ? ?
SRC	hasn't some vulture who your quail has annoyed remembered your peacock ?	has some vulture who your quail annoyed remembered your peacock ? ?
SRC	haven't some quails that her vultures have admired applauded your walruses ?	have some quails that her vultures admired applauded your walruses ? ?
SRC	have the peacocks that haven't remembered her vulture accepted her orangutan ?	haven't the peacocks that remembered her vulture have accepted her orangutan ?
SRC	have your ravens that haven't accepted some xylophones eaten ?	haven't your ravens that some accepted some xylophones eaten ?
SRC	hasn't some orangutan who has swum accepted her tyrannosaurus ?	hasn't some orangutan who swum accepted her tyrannosaurus ?
SRC	has our newt who hasn't comforted your tyrannosauruses swum ?	hasn't our newt who your tyrannosauruses has swum ?
SRC	have her vultures that the salamanders haven't comforted slept ?	haven't her vultures that the salamanders comforted slept ? ?
SRC	hasn't the unicorn who has moved applauded some yaks ?	hasn't the unicorn who moved applauded applauded some yaks ?
SRC	has my peacock that your quail hasn't amused swum ?	hasn't my peacock that your quail amused has swum ?
SRC	have some newts that the walruses haven't remembered slept ?	haven't some newts that the walruses remembered have slept ?
SRC	has my xylophone that hasn't applauded her yaks waited ?	hasn't my xylophone that applauded her yaks has waited ?
SRC	has my newt who hasn't entertained her zebras read ?	hasn't my newt who her entertained her read ? ?
SRC	has her zebra who hasn't annoyed her unicorn moved ?	hasn't her zebra who her annoyed her moved ? ?
SRC	hasn't your tyrannosaurus who has slept amused my quail above the unicorns ?	hasn't your tyrannosaurus who slept amused my quail above the quail above ?
SRC	haven't the xylophones who have giggled annoyed my raven below our walrus ?	have the xylophones who giggled annoyed my raven below our walrus below ?
SRC	hasn't some salamander that has amused your unicorns admired your peacock ?	has some salamander that amused your unicorns admired your peacock ? ?
SRC	have some unicorns who our xylophones haven't amused comforted the tyrannosauruses ?	haven't some unicorns who our xylophones amused have comforted the tyrannosauruses ? ?
SRC	has the walrus who hasn't annoyed my yak amused your quail ?	hasn't the walrus who annoyed my yak has amused your quail ? ?
SRC	hasn't her xylophone that some walrus has annoyed remembered your zebras ?	has her xylophone that some walrus annoyed hasn't remembered your zebras ?
SRC	hasn't your yak that has accepted our quail admired your xylophone ?	has your yak that accepted our quail hasn't admired your xylophone ?
SRC	has your unicorn who hasn't accepted my raven accepted her xylophone ?	hasn't your unicorn who my raven accepted has accepted her xylophone ?
SRC	hasn't some zebra that my salamander has annoyed entertained some tyrannosauruses ?	has some zebra that my salamander annoyed hasn't entertained some tyrannosauruses ?
SRC	hasn't her xylophone who has annoyed your walruses remembered my xylophones ?	has her xylophone who your walruses hasn't remembered my xylophones ? ?
SRC	haven't our zebras that have slept entertained your raven ?	have our zebras that have entertained your raven ? ?
SRC	hasn't her tyrannosaurus who your newt has amused changed ?	has her tyrannosaurus who your newt amused hasn't changed ?
SRC	hasn't your quail that some xylophone has annoyed swum ?	has your quail that some xylophone annoyed hasn't swum ?
SRC	have our newts who our walruses haven't comforted smiled ?	haven't our newts who our walruses comforted smiled ? ?
SRC	has some quail who hasn't accepted the peacocks swum ?	hasn't some quail who the accepted the peacocks ?
SRC	have some tyrannosauruses who your ravens haven't amused waited ?	haven't some tyrannosauruses who your ravens amused waited ? ?
SRC	hasn't her orangutan who some raven has comforted changed ?	has her orangutan who some raven comforted hasn't changed ?
SRC	hasn't some xylophone that has admired the tyrannosauruses slept ?	has some xylophone that the admired the tyrannosauruses slept ?
SRC	hasn't the newt who has smiled remembered our xylophones ?	hasn't the newt who smiled smiled our xylophones ? ?
SRC	haven't my ravens who have eaten applauded some unicorns ?	have my ravens who eaten eaten applauded some unicorns ?
SRC	haven't some walruses who have annoyed your newt entertained your xylophone above some orangutan ?	have some walruses who your annoyed your entertained your entertained your xylophone above some orangutan ?
SRC	have her peacocks who haven't remembered your zebras admired the newts behind our vulture ?	haven't her peacocks who your zebras remembered have admired the newts behind our vulture ?
SRC	haven't her orangutans that have accepted the peacock amused our vultures upon your tyrannosaurus ?	have her orangutans that the accepted the peacock amused our vultures upon your tyrannosaurus ?
SRC	have some salamanders that haven't applauded our unicorn accepted our newts near the xylophone ?	haven't some salamanders that applauded our unicorn accepted our newts near the xylophone ?
SRC	hasn't some zebra that has annoyed your peacock confused the salamander below my quail ?	has some zebra that annoyed your peacock confused the salamander below my quail ? ?
SRC	haven't the ravens who some zebras have applauded eaten ?	have the ravens who some zebras applauded her eaten ?
SRC	has her salamander that hasn't eaten slept ?	hasn't her salamander that eaten eaten ? ? ?
SRC	has your unicorn who hasn't waited read ?	hasn't your unicorn who waited ? read ? ?
SRC	has our zebra that hasn't moved swum ?	hasn't our zebra that moved ? swum ? ?
SRC	hasn't my zebra that has waited slept ?	has my zebra that waited waited ? ? ?
SRC	have some salamanders that haven't accepted her salamander entertained her tyrannosauruses above some salamander ?	haven't some salamanders that accepted her salamander have entertained her tyrannosauruses above some salamander ?
SRC	has her tyrannosaurus that hasn't comforted her xylophones remembered my orangutans with some orangutan ?	hasn't her tyrannosaurus that comforted her xylophones has remembered my orangutans with some orangutan ?
SRC	haven't her newts that our unicorns have annoyed amused our orangutan behind her newts ?	have her newts that our unicorns annoyed our amused our orangutan behind her newts ?
SRC	has my walrus that the orangutan hasn't comforted annoyed her yaks by the tyrannosauruses ?	hasn't my walrus that the orangutan comforted annoyed her yaks by the tyrannosauruses ? ?
SRC	hasn't her newt that has amused the walrus remembered her zebras with some unicorns ?	has her newt that amused the walrus hasn't remembered her zebras with some unicorns ?
SRC	hasn't our vulture who has changed read ?	hasn't our vulture who changed read ?
SRC	have our unicorns who haven't swum eaten ?	haven't our unicorns who swum eaten ?
SRC	haven't the ravens that have eaten changed ?	have the ravens that eaten eaten ?
SRC	haven't your vultures that have read swum ?	have your vultures that have swum ?
SRC	hasn't your raven that has eaten read ?	has your raven that eaten eaten ?
SRC	haven't some vultures that her tyrannosauruses have entertained annoyed some xylophones above your orangutans ?	have some vultures that her tyrannosauruses entertained haven't annoyed some xylophones above your orangutans ?
SRC	hasn't your salamander who the tyrannosaurus has admired annoyed our vulture by some zebra ?	has your salamander who the tyrannosaurus admired our annoyed our vulture by some zebra ?
SRC	have her zebras that haven't admired her salamanders remembered my peacock by her ravens ?	haven't her zebras that admired her salamanders have remembered my peacock by her ravens ?
SRC	has your tyrannosaurus who hasn't moved applauded the newts behind some vultures ?	hasn't your tyrannosaurus who moved applauded applauded the newts behind some vultures ? ?
SRC	have your peacocks who haven't waited admired her walrus below my tyrannosauruses ?	haven't your peacocks who have admired her walrus below my walrus below ? ?
SRC	hasn't her orangutan who the peacock has comforted read ?	has her orangutan who the peacock comforted read ? ?
SRC	haven't my tyrannosauruses that have applauded her walruses swum ?	have my tyrannosauruses that applauded her walruses haven't swum ?
SRC	have the vultures that your unicorns haven't accepted smiled ?	haven't the vultures that your unicorns accepted have smiled ?
SRC	has the zebra who hasn't applauded your tyrannosauruses read ?	hasn't the zebra who applauded your tyrannosauruses has read ?
SRC	has the zebra who hasn't confused some orangutan moved ?	hasn't the zebra who some orangutan orangutan moved ?
SRC	has your salamander that some xylophone hasn't comforted giggled ?	hasn't your salamander that some xylophone comforted giggled ? ?
SRC	hasn't our quail who has amused her quails eaten ?	has our quail who her amused her eaten ?
SRC	have some zebras who haven't swum admired my newts ?	haven't some zebras who have admired my newts ? ?
SRC	have some walruses who the orangutans haven't entertained eaten ?	haven't some walruses who the orangutans entertained have eaten ?
SRC	has your salamander that hasn't remembered my vulture changed ?	hasn't your salamander that remembered my vulture has changed ?
SRC	has some walrus that hasn't slept waited ?	hasn't some walrus that slept waited ?
SRC	haven't my vultures who have waited read ?	have my vultures who have read ?
SRC	has her xylophone who hasn't eaten changed ?	hasn't her xylophone who eaten eaten ?
SRC	haven't your yaks who have swum eaten ?	have your yaks who have eaten ?
SRC	haven't our ravens who have smiled slept ?	have our ravens who smiled ? slept ?
SRC	haven't your orangutans that have applauded my unicorn giggled ?	have your orangutans that applauded my unicorn giggled ? ?
SRC	have our newts who haven't admired your orangutans smiled ?	haven't our newts who your orangutans admired have smiled ?
SRC	has my peacock who the quail hasn't amused swum ?	hasn't my peacock who the quail amused has swum ?
SRC	hasn't our yak that her peacock has confused read ?	has our yak that her peacock confused hasn't read ?
SRC	have her unicorns that the peacocks haven't remembered swum ?	haven't her unicorns that the peacocks remembered swum ?
SRC	has some peacock that some raven hasn't applauded moved ?	hasn't some peacock that some raven applauded has moved ?
SRC	has the quail that hasn't annoyed the peacocks slept ?	hasn't the quail that the annoyed the peacocks slept ?
SRC	haven't some zebras who have annoyed some xylophones read ?	have some zebras who annoyed some xylophones haven't read ?
SRC	has some zebra who some vulture hasn't comforted read ?	hasn't some zebra who some vulture comforted has read ?
SRC	have my tyrannosauruses that haven't amused her salamanders changed ?	haven't my tyrannosauruses that her amused her changed ? ?
SRC	haven't our tyrannosauruses that have comforted your zebras read ?	have our tyrannosauruses that comforted your zebras haven't read ?
SRC	has our quail that your salamander hasn't annoyed smiled ?	hasn't our quail that your salamander annoyed has smiled ?
SRC	has the salamander who your newt hasn't comforted read ?	hasn't the salamander who your newt comforted has read ?
SRC	haven't her unicorns who have read comforted your salamander ?	have her unicorns who have comforted your salamander ? ?
SRC	has our unicorn who hasn't amused my peacock slept ?	hasn't our unicorn who my amused my peacock slept ?
SRC	haven't your zebras who have giggled moved ?	have your zebras who giggled moved ?
SRC	haven't her xylophones who have eaten changed ?	have her xylophones who eaten eaten ?
SRC	have our peacocks who haven't eaten read ?	haven't our peacocks who eaten eaten ?
SRC	haven't our orangutans who have changed swum ?	have our orangutans who changed swum ?
SRC	hasn't your unicorn who has giggled swum ?	has your unicorn who giggled swum ?
SRC	has some peacock that hasn't changed giggled ?	hasn't some peacock that changed giggled ?
SRC	has your orangutan that hasn't swum slept ?	hasn't your orangutan that swum slept ?
SRC	have my newts that haven't smiled swum ?	haven't my newts that smiled smiled swum ?
SRC	haven't my yaks who have read giggled ?	have my yaks who haven't giggled giggled ?
SRC	have our salamanders who haven't waited giggled ?	haven't our salamanders who waited waited ?
SRC	has your xylophone that hasn't giggled accepted your yak by her yak ?	hasn't your xylophone that giggled accepted your yak by her yak by her ?
SRC	have our yaks that haven't giggled admired the zebra by our zebras ?	haven't our yaks that giggled admired the zebra by our zebras ? ?
SRC	hasn't the unicorn that has eaten entertained her orangutan above some vultures ?	has the unicorn that eaten eaten entertained her orangutan above some vultures ?
SRC	have her unicorns that haven't swum admired her walruses with the unicorns ?	haven't her unicorns that swum admired her walruses with the walruses with ?
SRC	haven't our yaks that have waited amused the zebras above the unicorns ?	have our yaks that haven't amused the zebras above the zebras ? ?
SRC	have my orangutans that haven't entertained my unicorns remembered some zebras near her salamanders ?	haven't my orangutans that my entertained my unicorns remembered some zebras near her salamanders ?
SRC	has the yak that our walrus hasn't confused admired my peacocks behind your unicorn ?	hasn't the yak that our walrus confused has admired my peacocks behind your unicorn ?
SRC	haven't some orangutans that have remembered the vultures confused her yaks below some ravens ?	have some orangutans that remembered the vultures confused her yaks below some ravens below some ravens
SRC	haven't your orangutans who the tyrannosauruses have confused applauded some ravens below your salamander ?	have your orangutans who the tyrannosauruses confused some ravens haven't ravens below your salamander ?
SRC	have our orangutans that your vultures haven't admired accepted my yaks around our quails ?	haven't our orangutans that your vultures admired my yaks accepted my yaks around our quails ?
SRC	haven't her xylophones that your quails have entertained admired her newt ?	have her xylophones that your quails entertained haven't admired her newt ?
SRC	haven't my tyrannosauruses that have confused our raven amused some orangutans ?	have my tyrannosauruses that our raven our raven amused some orangutans ?
SRC	haven't our orangutans who her orangutans have applauded amused her zebras ?	have our orangutans who her orangutans applauded amused her zebras ? ?
SRC	haven't my unicorns who my yaks have entertained applauded your yak ?	have my unicorns who my yaks entertained haven't applauded your yak ?
SRC	has my xylophone who the yak hasn't amused entertained some tyrannosaurus ?	hasn't my xylophone who the yak amused has entertained some tyrannosaurus ?
SRC	have our unicorns who haven't remembered my tyrannosaurus eaten ?	haven't our unicorns who remembered my tyrannosaurus have eaten ?
SRC	hasn't our zebra that has accepted the vulture smiled ?	has our zebra that the accepted the vulture smiled ?
SRC	have our vultures who haven't changed confused my peacock ?	haven't our vultures who changed confused my peacock ? ?
SRC	has the yak who hasn't accepted some quails swum ?	hasn't the yak who some accepted some has swum ?
SRC	has our raven who hasn't confused my salamanders slept ?	hasn't our raven who my salamanders has slept ? ?
SRC	hasn't the peacock that has swum read ?	has the peacock that swum read ?
SRC	has some quail that hasn't read read ?	hasn't some quail that read read read ?
SRC	has some zebra that hasn't eaten read ?	hasn't some zebra that eaten eaten ?
SRC	haven't my newts who have moved waited ?	have my newts who moved moved ?
SRC	hasn't your raven that has read slept ?	hasn't your raven that read ? slept ?
SRC	has the peacock who her raven hasn't admired applauded our salamanders ?	hasn't the peacock who her raven admired has applauded our salamanders ?
SRC	hasn't some xylophone who has confused our vulture amused my vulture ?	has some xylophone who our vulture our vulture hasn't amused my vulture ?
SRC	has our peacock who the quail hasn't accepted remembered her yak ?	hasn't our peacock who the quail accepted has remembered her yak ?
SRC	has some raven that the newt hasn't entertained confused your peacock ?	hasn't some raven that the newt entertained has confused your peacock ?
SRC	have the yaks who our ravens haven't applauded entertained some newt ?	haven't the yaks who our ravens applauded some entertained some newt ?
SRC	have my unicorns who haven't applauded her xylophone changed ?	haven't my unicorns who applauded her xylophone changed ? ?
SRC	has her salamander who hasn't comforted some salamanders read ?	hasn't her salamander who some comforted some read ? ?
SRC	have some tyrannosauruses who my yaks haven't confused changed ?	haven't some tyrannosauruses who my yaks confused have changed ?
SRC	haven't your tyrannosauruses who some yaks have entertained read ?	have your tyrannosauruses who some yaks entertained haven't read ?
SRC	haven't some quails who her ravens have applauded swum ?	have some quails who her ravens applauded haven't swum ?
SRC	has some xylophone who her peacock hasn't remembered read ?	hasn't some xylophone who her peacock remembered has read ?
SRC	have my newts who her walruses haven't applauded moved ?	haven't my newts who her walruses applauded have moved ?
SRC	has her quail that the vulture hasn't accepted slept ?	hasn't her quail that the vulture accepted has slept ?
SRC	hasn't her unicorn who has annoyed the raven giggled ?	has her unicorn who the annoyed the raven giggled ?
SRC	have the yaks who haven't accepted my unicorn smiled ?	haven't the yaks who my accepted my unicorn smiled ?
SRC	has her walrus that hasn't slept remembered the peacock ?	hasn't her walrus that slept remembered the peacock ? ?
SRC	hasn't her unicorn that some zebra has accepted read ?	has her unicorn that some zebra accepted hasn't read ?
SRC	haven't our ravens who have moved admired our peacocks ?	have our ravens who moved moved our peacocks ? ?
SRC	haven't some vultures that have comforted her orangutans slept ?	have some vultures that comforted her orangutans haven't slept ?
SRC	haven't our vultures who have slept admired some vulture ?	have our vultures who slept admired some vulture ? ?
SRC	hasn't her xylophone that our quail has accepted applauded the salamanders ?	has her xylophone that our quail accepted hasn't applauded the salamanders ?
SRC	haven't the walruses who have applauded some newts giggled ?	have the walruses who applauded some newts haven't giggled ? ?
SRC	haven't your tyrannosauruses that have confused the peacock waited ?	have your tyrannosauruses that the peacock the peacock waited ? ?
SRC	hasn't the tyrannosaurus who some orangutan has entertained changed ?	has the tyrannosaurus who some orangutan entertained hasn't changed ? ?
SRC	has some peacock that hasn't entertained our vulture smiled ?	hasn't some peacock that entertained our vulture has smiled ? ?
SRC	haven't your zebras that have remembered some tyrannosaurus entertained some newt ?	have your zebras that remembered some tyrannosaurus entertained some newt ? ?
SRC	haven't your xylophones that her quails have comforted amused our peacock ?	have your xylophones that her quails comforted our amused our peacock ?
SRC	haven't my yaks who have confused some walruses applauded her zebras ?	have my yaks who some walruses haven't applauded her zebras ? ?
SRC	hasn't her walrus who has comforted some walruses annoyed my tyrannosaurus ?	has her walrus who some comforted some walruses annoyed my tyrannosaurus ?
SRC	have some peacocks that haven't entertained your yaks admired her zebra ?	haven't some peacocks that your entertained your yaks admired her zebra ?
SRC	has the tyrannosaurus who hasn't waited remembered our peacock ?	hasn't the tyrannosaurus who has remembered our peacock ? ?
SRC	has some quail who hasn't entertained her ravens slept ?	hasn't some quail who her entertained her slept ? ?
SRC	haven't my unicorns that have applauded some walrus swum ?	have my unicorns that applauded some walrus haven't swum ?
SRC	haven't her salamanders that your zebras have admired slept ?	have her salamanders that your zebras admired haven't slept ?
SRC	has our walrus who our tyrannosaurus hasn't amused moved ?	hasn't our walrus who our tyrannosaurus amused has moved ?
SRC	haven't the tyrannosauruses that have changed changed ?	have the tyrannosauruses that changed changed changed ?
SRC	have our salamanders that haven't smiled read ?	haven't our salamanders that smiled smiled ?
SRC	haven't her quails that have read slept ?	have her quails that have slept ?
SRC	has some salamander who hasn't waited giggled ?	hasn't some salamander who waited waited ?
SRC	haven't my xylophones who have changed eaten ?	have my xylophones who changed eaten ?
SRC	have our tyrannosauruses who our yaks haven't admired slept ?	haven't our tyrannosauruses who our yaks admired have slept ?
SRC	have her salamanders that haven't admired my yaks read ?	haven't her salamanders that admired my yaks have read ?
SRC	has my salamander that hasn't amused some raven giggled ?	hasn't my salamander that amused some raven has giggled ?
SRC	have her yaks that my ravens haven't remembered waited ?	haven't her yaks that my ravens remembered have waited ?
SRC	has some quail that our salamander hasn't amused changed ?	hasn't some quail that our salamander amused has changed ?
SRC	has my vulture that hasn't slept admired your tyrannosauruses ?	hasn't my vulture that slept admired your tyrannosauruses ? ?
SRC	hasn't some quail who her tyrannosaurus has remembered waited ?	has some quail who her tyrannosaurus remembered hasn't waited ?
SRC	haven't your peacocks that her zebras have accepted swum ?	have your peacocks that her zebras accepted haven't swum ?
SRC	have her quails who her yaks haven't accepted smiled ?	haven't her quails who her yaks accepted have smiled ?
SRC	has some vulture who our raven hasn't amused moved ?	hasn't some vulture who our raven amused has moved ?
SRC	has my zebra that hasn't slept eaten ?	hasn't my zebra that slept eaten ?
SRC	have my quails that haven't slept giggled ?	haven't my quails that slept giggled ?
SRC	has my xylophone that hasn't giggled slept ?	hasn't my xylophone that giggled slept ?
SRC	have my orangutans that haven't eaten read ?	haven't my orangutans that eaten eaten ?
SRC	have her tyrannosauruses that haven't read read ?	haven't her tyrannosauruses that read read ?
SRC	have some yaks who haven't accepted the walrus giggled ?	haven't some yaks who the accepted the giggled ? ?
SRC	haven't your orangutans that have amused our peacocks smiled ?	have your orangutans that our amused our peacocks smiled ?
SRC	hasn't her orangutan who has remembered my yaks slept ?	has her orangutan who remembered my yaks slept ? ?
SRC	haven't her zebras who the unicorns have comforted slept ?	have her zebras who the unicorns comforted haven't slept ?
SRC	has your salamander who hasn't amused our orangutan eaten ?	hasn't your salamander who our orangutan has eaten ?
SRC	has some orangutan that our newt hasn't confused admired her quail by her vulture ?	hasn't some orangutan that our newt confused has admired her quail by her vulture ?
SRC	haven't her yaks that our unicorns have entertained annoyed your unicorn by our peacocks ?	have her yaks that our unicorns entertained haven't annoyed your unicorn by our peacocks ?
SRC	have our walruses that haven't applauded the vultures remembered my salamander behind her zebra ?	haven't our walruses that applauded the vultures remembered my salamander behind her zebra ?
SRC	haven't some yaks that the peacocks have admired annoyed the orangutan with her orangutans ?	have some yaks that the peacocks admired haven't annoyed the orangutan with her orangutans ?
SRC	has the peacock that our vulture hasn't entertained comforted the unicorn upon my xylophone ?	hasn't the peacock that our vulture entertained has comforted the unicorn upon my xylophone ?
SRC	hasn't the newt that has applauded my yaks waited ?	has the newt that applauded my yaks waited ?
SRC	haven't some newts that the walruses have amused moved ?	have some newts that the walruses amused haven't moved ?
SRC	has our vulture that our unicorn hasn't comforted swum ?	hasn't our vulture that our unicorn comforted swum ?
SRC	has the zebra that hasn't remembered your raven slept ?	hasn't the zebra that remembered your raven has slept ?
SRC	haven't your tyrannosauruses that have smiled accepted your orangutans ?	have your tyrannosauruses that smiled accepted your orangutans ? ?
SRC	have some vultures who haven't accepted your walruses read ?	haven't some vultures who your walruses your walruses read ?
SRC	hasn't my unicorn who has comforted some orangutans giggled ?	has my unicorn who some comforted some giggled ? ?
SRC	has some unicorn that hasn't applauded our xylophones changed ?	hasn't some unicorn that applauded our xylophones has changed ?
SRC	have her peacocks who haven't giggled annoyed her xylophones ?	haven't her peacocks who giggled annoyed her xylophones ? ?
SRC	have the xylophones that my unicorns haven't accepted read ?	haven't the xylophones that my unicorns accepted have read ?
SRC	hasn't my yak that her xylophone has admired confused our xylophone ?	has my yak that her xylophone admired hasn't confused our xylophone ?
SRC	haven't her ravens who have accepted the xylophones entertained some ravens ?	have her ravens who the xylophones accepted some entertained some ravens ?
SRC	have some orangutans that my vultures haven't remembered amused my yaks ?	haven't some orangutans that my vultures remembered amused my yaks ? ?
SRC	has my raven that her xylophone hasn't remembered entertained some zebra ?	hasn't my raven that her xylophone remembered has entertained some zebra ?
SRC	hasn't our vulture that has remembered your ravens admired my quail ?	has our vulture that remembered your ravens hasn't admired my quail ?
SRC	has the tyrannosaurus that hasn't swum remembered our vulture ?	hasn't the tyrannosaurus that swum remembered our vulture ? ?
SRC	has my salamander that hasn't giggled comforted the quails ?	hasn't my salamander that giggled comforted the quails ? ?
SRC	have my newts who haven't remembered some zebra giggled ?	haven't my newts who some zebra some giggled ? ?
SRC	has some quail who hasn't accepted your newt eaten ?	hasn't some quail who your accepted your eaten ? ?
SRC	haven't my newts who have annoyed our zebras slept ?	have my newts who annoyed our zebras haven't slept ?
SRC	hasn't her yak that has smiled swum ?	has her yak that smiled smiled swum ?
SRC	have her zebras that haven't waited changed ?	haven't her zebras that have changed changed ?
SRC	has my vulture who hasn't swum waited ?	hasn't my vulture who swum waited ?
SRC	has your unicorn that hasn't eaten smiled ?	hasn't your unicorn that eaten eaten ? ?
SRC	hasn't our zebra that has smiled eaten ?	hasn't our zebra that smiled eaten ?
SRC	have the orangutans that haven't eaten confused some xylophones with your tyrannosauruses ?	haven't the orangutans that eaten eaten eaten some xylophones with your tyrannosauruses ?
SRC	hasn't the unicorn who has changed confused your salamander above her yaks ?	hasn't the unicorn who changed confused your salamander above her yaks above ?
SRC	haven't my quails who have giggled annoyed your peacocks behind her unicorn ?	have my quails who giggled annoyed your peacocks behind her unicorn ? ?
SRC	has my newt who hasn't slept amused our newts behind my tyrannosauruses ?	hasn't my newt who slept amused our newts behind my tyrannosauruses behind ?
SRC	has my peacock who hasn't swum accepted our vultures upon our raven ?	hasn't my peacock who swum accepted our vultures upon our raven upon ?
SRC	have my yaks that haven't amused our tyrannosauruses confused some zebra ?	haven't my yaks that our tyrannosauruses have confused some zebra ? ?
SRC	has your quail that your newt hasn't admired accepted her quails ?	hasn't your quail that your newt admired her accepted her quails ?
SRC	hasn't your quail that the unicorn has remembered annoyed her orangutans ?	has your quail that the unicorn remembered her annoyed her orangutans ?
SRC	haven't the yaks who my yaks have applauded comforted the unicorns ?	have the yaks who my yaks applauded the comforted the unicorns ?
SRC	has the walrus that hasn't annoyed my zebra annoyed my tyrannosaurus ?	hasn't the walrus that annoyed my zebra annoyed my tyrannosaurus ? ?
SRC	haven't the yaks who have applauded some orangutan changed ?	have the yaks who applauded some orangutan changed ?
SRC	hasn't the peacock that has entertained her xylophone eaten ?	has the peacock that her entertained her eaten ?
SRC	haven't some peacocks who your unicorns have remembered smiled ?	have some peacocks who your unicorns remembered haven't smiled ?
SRC	have the unicorns who her xylophones haven't annoyed slept ?	haven't the unicorns who her xylophones annoyed have slept ?
SRC	hasn't your vulture who has annoyed the yak changed ?	has your vulture who the annoyed the changed ? ?
SRC	has your raven that hasn't swum accepted some walrus above her peacocks ?	hasn't your raven that swum accepted some walrus above her peacocks above her ?
SRC	have her unicorns that haven't moved annoyed her peacock with the peacocks ?	haven't her unicorns that moved moved annoyed her peacock with the peacocks ?
SRC	has our walrus who hasn't moved confused her walrus below my unicorns ?	hasn't our walrus who moved moved confused her walrus below my unicorns ?
SRC	has her orangutan that hasn't waited applauded the vultures above the vultures ?	hasn't her orangutan that has applauded the vultures above the vultures ? ?
SRC	have her zebras that haven't waited applauded our unicorn by the salamander ?	haven't her zebras that have applauded our unicorn by the salamander ? ?
SRC	haven't some xylophones who have remembered my zebras giggled ?	have some xylophones who have my zebras giggled ? ?
SRC	haven't my zebras who have slept entertained our orangutans ?	have my zebras who slept entertained our orangutans ? ?
SRC	hasn't her newt that has annoyed my tyrannosaurus slept ?	has her newt that annoyed my tyrannosaurus hasn't slept ?
SRC	have the orangutans that haven't remembered the vultures slept ?	haven't the orangutans that remembered the vultures slept ? ?
SRC	has her orangutan who our quail hasn't accepted changed ?	hasn't her orangutan who our quail accepted has changed ?
SRC	has our unicorn that hasn't entertained some newt admired some tyrannosaurus upon some quails ?	hasn't our unicorn that some entertained some newt has admired some quails upon some quails ?
SRC	haven't some peacocks who have annoyed some xylophone confused your yaks below my newts ?	have some peacocks who some annoyed some xylophone confused your yaks below my newts ?
SRC	haven't my xylophones that your orangutans have amused remembered her yaks near our walrus ?	have my xylophones that your orangutans amused haven't remembered her yaks near our walrus ?
SRC	have her newts who her unicorns haven't confused amused my zebras behind her quail ?	haven't her newts who her unicorns confused have amused my zebras behind her quail ?
SRC	haven't our ravens that have remembered some xylophone accepted the walruses with your unicorn ?	have our ravens that remembered some xylophone accepted the walruses with your unicorn ?
SRC	haven't some peacocks who her unicorns have annoyed amused my tyrannosaurus ?	have some peacocks who her unicorns annoyed haven't amused my tyrannosaurus ?
SRC	has my peacock that hasn't remembered her newts admired your raven ?	hasn't my peacock that remembered her newts has admired your raven ?
SRC	has the salamander who hasn't accepted the vulture confused my xylophone ?	hasn't the salamander who the accepted the vulture has confused my xylophone ?
SRC	has her orangutan who hasn't entertained my newts annoyed the tyrannosaurus ?	hasn't her orangutan who my entertained my has annoyed the tyrannosaurus ?
SRC	haven't my unicorns that have remembered her newts confused her quails ?	have my unicorns that remembered her newts confused her quails ? ?
SRC	have your unicorns who the unicorns haven't remembered swum ?	haven't your unicorns who the unicorns remembered swum ?
SRC	hasn't the tyrannosaurus that has entertained your walrus moved ?	has the tyrannosaurus that your entertained your moved ? ?
SRC	hasn't her peacock that your unicorn has remembered eaten ?	has her peacock that your unicorn remembered hasn't eaten ?
SRC	has some walrus that hasn't slept remembered my xylophone ?	hasn't some walrus that slept remembered my xylophone ? ?
SRC	haven't our salamanders who have accepted my orangutan swum ?	have our salamanders who my orangutan orangutan swum ?
SRC	haven't the yaks that my salamanders have entertained giggled ?	have the yaks that my salamanders entertained haven't giggled ?
SRC	has the xylophone that the salamander hasn't admired moved ?	hasn't the xylophone that the salamander admired has moved ?
SRC	haven't her newts that her orangutans have amused moved ?	have her newts that her orangutans amused haven't moved ?
SRC	has our orangutan that the salamander hasn't entertained changed ?	hasn't our orangutan that the salamander entertained has changed ?
SRC	have the vultures that some tyrannosauruses haven't comforted changed ?	haven't the vultures that some tyrannosauruses comforted have changed ?
SRC	hasn't your zebra that has admired my zebra slept ?	has your zebra that admired my zebra slept ? ?
SRC	have the yaks who haven't admired our walruses smiled ?	haven't the yaks who our walruses our smiled ? ?
SRC	have the ravens that haven't remembered your newts moved ?	haven't the ravens that remembered your newts have moved ?
SRC	hasn't my walrus who has swum remembered the tyrannosauruses ?	hasn't my walrus who swum remembered the tyrannosauruses ? ?
SRC	hasn't my newt who has moved remembered some tyrannosauruses ?	hasn't my newt who moved moved remembered some tyrannosauruses ?
SRC	have my ravens that haven't comforted the peacocks read ?	haven't my ravens that comforted the peacocks have read ?
SRC	has your yak who hasn't comforted my orangutan slept ?	hasn't your yak who my orangutan orangutan has slept ?
SRC	have your newts who her unicorns haven't admired giggled ?	haven't your newts who her unicorns admired have giggled ?
SRC	hasn't our salamander who her unicorn has confused giggled ?	has our salamander who her unicorn confused hasn't giggled ?
SRC	has some peacock who the yak hasn't entertained waited ?	hasn't some peacock who the yak entertained has waited ?
SRC	have the peacocks who haven't giggled eaten ?	haven't the peacocks who giggled eaten ?
SRC	has her zebra that hasn't smiled slept ?	hasn't her zebra that smiled smiled ?
SRC	have my ravens who haven't slept giggled ?	haven't my ravens who slept giggled ?
SRC	have her vultures that haven't waited moved ?	haven't her vultures that have moved ?
SRC	hasn't our peacock who has swum giggled ?	has our peacock who swum giggled giggled ?
SRC	has her orangutan that hasn't confused your salamander applauded your tyrannosaurus ?	hasn't her orangutan that your confused your salamander applauded your tyrannosaurus ?
SRC	have some newts who her peacocks haven't amused accepted some ravens ?	haven't some newts who her peacocks amused have accepted some ravens ?
SRC	haven't her orangutans who her unicorns have amused amused the unicorns ?	have her orangutans who her unicorns amused amused the unicorns amused ?
SRC	has our raven who hasn't confused some xylophones annoyed her quails ?	hasn't our raven who some xylophones some annoyed her quails ? ?
SRC	has my salamander who our salamander hasn't remembered entertained my orangutans ?	hasn't my salamander who our salamander remembered entertained my orangutans ? ?
SRC	hasn't some peacock who has read moved ?	hasn't some peacock who has moved ?
SRC	has her walrus who hasn't eaten smiled ?	hasn't her walrus who eaten eaten ?
SRC	hasn't your vulture that has slept slept ?	has your vulture that slept slept ?
SRC	have your xylophones who haven't swum moved ?	haven't your xylophones who swum moved ?
SRC	hasn't our yak that has slept swum ?	has our yak that slept swum ?
SRC	haven't the newts who have smiled moved ?	have the newts who smiled moved ?
SRC	hasn't your peacock that has read giggled ?	has your peacock that read giggled giggled ?
SRC	have my newts that haven't read giggled ?	haven't my newts that have giggled giggled ?
SRC	have our orangutans who haven't giggled giggled ?	haven't our orangutans who giggled giggled ?
SRC	haven't some newts that have swum eaten ?	have some newts that swum ?
SRC	have the vultures who haven't applauded the yaks waited ?	haven't the vultures who applauded the yaks waited ? ?
SRC	have my vultures who our ravens haven't admired eaten ?	haven't my vultures who our ravens admired have eaten ?
SRC	haven't her quails that have slept entertained our zebra ?	have her quails that have entertained our zebra ? ?
SRC	haven't her quails who have applauded her walrus slept ?	have her quails who applauded her walrus haven't slept ?
SRC	has our orangutan that hasn't comforted our yaks waited ?	hasn't our orangutan that our yaks yaks has waited ?
SRC	has her vulture who hasn't changed smiled ?	hasn't her vulture who changed smiled ?
SRC	haven't my zebras that have eaten giggled ?	have my zebras that eaten eaten eaten ?
SRC	has my salamander who hasn't moved changed ?	hasn't my salamander who moved ? changed ?
SRC	has the newt that hasn't smiled read ?	hasn't the newt that smiled smiled ?
SRC	haven't her xylophones that have slept giggled ?	have her xylophones that haven't giggled ?
SRC	has some walrus that hasn't entertained my newts confused our quails near my salamanders ?	hasn't some walrus that my entertained my newts confused our quails near my salamanders ?
SRC	has our tyrannosaurus who my vulture hasn't annoyed confused your newts below the newt ?	hasn't our tyrannosaurus who my vulture annoyed has confused your newts below the newt ?
SRC	haven't your ravens who have comforted some peacocks remembered some peacocks by some tyrannosauruses ?	have your ravens who some peacocks some peacocks remembered some peacocks by some tyrannosauruses ?
SRC	have my newts who haven't annoyed my tyrannosaurus accepted your newts above our peacocks ?	haven't my newts who my tyrannosaurus my tyrannosaurus have accepted your peacocks above our peacocks ?
SRC	haven't your orangutans who have accepted our vultures admired your walruses above your unicorn ?	have your orangutans who our vultures admired our walruses admired your walruses above your unicorn ?
SRC	has some salamander that hasn't confused her quail eaten ?	hasn't some salamander that her confused her eaten ?
SRC	hasn't her unicorn that has annoyed the orangutans smiled ?	has her unicorn that the annoyed the orangutans smiled ?
SRC	have some salamanders that haven't accepted some orangutan slept ?	haven't some salamanders that accepted some orangutan slept ? ?
SRC	hasn't my orangutan who her vulture has confused waited ?	has my orangutan who her vulture confused hasn't waited ?
SRC	haven't my walruses that have annoyed your salamander changed ?	have my walruses that your annoyed your salamander changed ?
SRC	has her quail who hasn't admired your vultures eaten ?	hasn't her quail who your vultures admired has eaten ?
SRC	hasn't our raven who has confused your salamanders moved ?	has our raven who your salamanders your moved ? ?
SRC	haven't our xylophones who my vultures have entertained read ?	have our xylophones who my vultures entertained haven't read ?
SRC	hasn't your zebra that has giggled annoyed our newt ?	has your zebra that giggled annoyed our newt ? ?
SRC	have her yaks who your yaks haven't accepted changed ?	haven't her yaks who your yaks accepted have changed ?
SRC	hasn't our yak who has read amused some unicorn ?	hasn't our yak who read amused some unicorn ? ?
SRC	hasn't our salamander that your zebra has admired giggled ?	has our salamander that your zebra admired hasn't giggled ?
SRC	hasn't my salamander that has remembered your tyrannosaurus smiled ?	has my salamander that remembered your tyrannosaurus hasn't smiled ?
SRC	has our yak who her vulture hasn't entertained moved ?	hasn't our yak who her vulture entertained has moved ?
SRC	haven't my vultures that my salamanders have admired swum ?	have my vultures that my salamanders admired haven't swum ?
SRC	hasn't our yak that has amused the salamanders annoyed her zebra ?	has our yak that amused the salamanders hasn't annoyed her zebra ?
SRC	have her tyrannosauruses that her yaks haven't remembered remembered my newts ?	haven't her tyrannosauruses that her yaks remembered remembered my newts ? ?
SRC	have some walruses that haven't amused our orangutan entertained the tyrannosaurus ?	haven't some walruses that our orangutan entertained have entertained the tyrannosaurus ?
SRC	haven't her yaks who some yaks have amused amused your unicorns ?	have her yaks who some yaks amused amused your unicorns ? ?
SRC	hasn't her tyrannosaurus that my peacock has remembered annoyed the zebra ?	has her tyrannosaurus that my peacock remembered hasn't annoyed the zebra ?
SRC	has our unicorn that the salamander hasn't remembered moved ?	hasn't our unicorn that the salamander remembered has moved ?
SRC	has her unicorn that hasn't admired our peacock swum ?	hasn't her unicorn that admired our peacock has swum ?
SRC	haven't some vultures who have comforted the raven giggled ?	have some vultures who comforted the raven giggled ? ?
SRC	has our newt who my tyrannosaurus hasn't admired read ?	hasn't our newt who my tyrannosaurus admired has read ?
SRC	haven't your salamanders that have amused the vulture eaten ?	have your salamanders that have amused the vulture eaten ?
SRC	haven't our ravens who her quails have remembered giggled ?	have our ravens who her quails remembered giggled ? ?
SRC	haven't my ravens who have admired her orangutans smiled ?	have my ravens who her orangutans haven't smiled ? ?
SRC	haven't some walruses that have comforted your walrus moved ?	have some walruses that comforted your walrus haven't moved ?
SRC	haven't some salamanders that have accepted your ravens slept ?	have some salamanders that your accepted your ravens slept ?
SRC	hasn't the unicorn that her yak has amused slept ?	has the unicorn that her yak amused hasn't slept ?
SRC	hasn't some newt who my raven has accepted eaten ?	has some newt who my raven accepted hasn't eaten ?
SRC	have the ravens who our vultures haven't applauded waited ?	haven't the ravens who our vultures applauded waited ? ?
SRC	hasn't your newt who some xylophone has remembered read ?	has your newt who some xylophone remembered hasn't read ?
SRC	have your newts that haven't slept confused her unicorns ?	haven't your newts that slept confused her unicorns ? ?
SRC	hasn't my yak who her peacock has confused moved ?	has my yak who her peacock confused hasn't moved ?
SRC	have my tyrannosauruses who haven't confused our newt remembered my walruses ?	haven't my tyrannosauruses who our newt confused have remembered my walruses ?
SRC	have our walruses that haven't accepted my peacocks admired some yak ?	haven't our walruses that accepted my peacocks admired some yak admired ?
SRC	haven't my salamanders who her walruses have applauded comforted the walrus ?	have my salamanders who her walruses applauded the comforted the walrus ?
SRC	have your newts that her newts haven't entertained applauded our walruses ?	haven't your newts that her newts entertained have applauded our walruses ?
SRC	has your salamander that hasn't confused our peacock applauded some xylophones ?	hasn't your salamander that confused our peacock has applauded some xylophones ?
SRC	hasn't the tyrannosaurus who some newt has accepted giggled ?	has the tyrannosaurus who some newt accepted hasn't giggled ?
SRC	hasn't your vulture that her walrus has accepted waited ?	has your vulture that her walrus accepted hasn't waited ?
SRC	hasn't the unicorn who her yak has confused slept ?	has the unicorn who her yak confused hasn't slept ?
SRC	has the vulture that hasn't read amused the salamander ?	hasn't the vulture that read amused the salamander ? ?
SRC	have the salamanders who haven't slept accepted some quail ?	haven't the salamanders who slept accepted some quail ? ?
SRC	hasn't some walrus who has waited changed ?	hasn't some walrus who has changed ?
SRC	haven't our peacocks that have smiled giggled ?	have our peacocks that smiled giggled giggled ?
SRC	haven't our quails who have waited slept ?	have our quails who have slept ?
SRC	has her orangutan who hasn't read giggled ?	hasn't her orangutan who has giggled ?
SRC	have some ravens that haven't moved slept ?	haven't some ravens that moved ? slept ?
SRC	hasn't the walrus who has swum comforted my quails behind the quail ?	hasn't the walrus who swum comforted comforted my quails behind the quail ?
SRC	have some newts that haven't eaten accepted my walruses behind your newts ?	haven't some newts that eaten eaten accepted my walruses behind your newts ?
SRC	haven't her salamanders who have swum accepted our zebras around our raven ?	have her salamanders who have accepted our zebras around our zebras ? ?
SRC	have our vultures who haven't smiled amused your tyrannosaurus by some peacocks ?	haven't our vultures who smiled amused your tyrannosaurus by some tyrannosaurus ? ?
SRC	hasn't some unicorn that has read admired her unicorn around her newts ?	has some unicorn that hasn't admired her unicorn around her newts around her newts
SRC	hasn't your vulture who has applauded some walrus confused your tyrannosaurus with your zebras ?	has your vulture who applauded some walrus confused your tyrannosaurus with your zebras ?
SRC	has her tyrannosaurus that her tyrannosaurus hasn't remembered confused some walruses around our walruses ?	hasn't her tyrannosaurus that her tyrannosaurus remembered has confused some walruses around our walruses ?
SRC	haven't your yaks who our unicorns have remembered admired her vulture upon my vulture ?	have your yaks who our unicorns remembered admired her vulture upon my vulture ? ?
SRC	has some vulture that the unicorn hasn't applauded confused some newts by our salamanders ?	hasn't some vulture that the unicorn applauded some confused some newts by our salamanders ?
SRC	have my salamanders who your salamanders haven't admired annoyed the salamander with my newt ?	haven't my salamanders who your salamanders admired have annoyed the salamander with my newt ?
SRC	haven't my unicorns who have remembered some orangutans swum ?	have my unicorns who have some orangutans haven't swum ?
SRC	haven't her newts that the zebras have applauded slept ?	have her newts that the zebras applauded haven't slept ?
SRC	have some ravens who the walruses haven't remembered giggled ?	haven't some ravens who the walruses remembered have giggled ?
SRC	has your orangutan that hasn't annoyed some ravens smiled ?	hasn't your orangutan that annoyed some ravens smiled ? ?
SRC	hasn't your salamander who has comforted some tyrannosaurus waited ?	has your salamander who some comforted some tyrannosaurus waited ?
SRC	has my unicorn who the yak hasn't applauded slept ?	hasn't my unicorn who the yak applauded has slept ?
SRC	hasn't her quail that has confused your quail waited ?	has her quail that your quail your waited ? ?
SRC	haven't her orangutans that have changed entertained your newts ?	have her orangutans that changed entertained your newts ? ?
SRC	have my quails that our walruses haven't comforted read ?	haven't my quails that our walruses comforted comforted ? ?
SRC	has our peacock who hasn't admired her yak swum ?	hasn't our peacock who her yak has swum ?
SRC	haven't her zebras who have moved admired some quail ?	have her zebras who moved moved some quail ? ?
SRC	hasn't our yak that has annoyed her ravens moved ?	has our yak that annoyed her ravens hasn't moved ?
SRC	haven't my walruses that have waited amused the walruses ?	have my walruses that haven't amused the walruses ? ?
SRC	has the tyrannosaurus that hasn't accepted my walrus slept ?	hasn't the tyrannosaurus that accepted my walrus has slept ?
SRC	has my raven that my walrus hasn't accepted read ?	hasn't my raven that my walrus accepted has read ?
SRC	has some vulture who some orangutan hasn't entertained read ?	hasn't some vulture who some orangutan entertained has read ?
SRC	have her xylophones that some vultures haven't remembered read ?	haven't her xylophones that some vultures remembered have read ?
SRC	hasn't the salamander who has entertained the tyrannosauruses slept ?	has the salamander who the entertained the tyrannosauruses slept ?
SRC	hasn't our newt that has applauded my newt waited ?	has our newt that applauded my newt waited ?
SRC	haven't our tyrannosauruses who have giggled amused the unicorns ?	have our tyrannosauruses who giggled amused the unicorns ?
SRC	has her quail that hasn't remembered her raven admired your orangutans behind your newts ?	hasn't her quail that remembered her raven has admired your orangutans behind your newts ?
SRC	haven't your peacocks that my orangutans have applauded admired my xylophones below her orangutan ?	have your peacocks that my orangutans applauded haven't admired my xylophones below her orangutan ?
SRC	hasn't some newt who has amused her unicorns comforted some peacock with our salamanders ?	has some newt who her amused her comforted some peacock with our salamanders ?
SRC	haven't my newts that have admired the walruses annoyed some walrus upon my orangutans ?	have my newts that the admired the walruses annoyed some walrus upon my orangutans ?
SRC	haven't some xylophones that have annoyed your raven applauded your orangutan with your orangutan ?	have some xylophones that your annoyed your applauded your orangutan with your orangutan with ?
SRC	haven't my zebras who some vultures have admired smiled ?	have my zebras who some vultures admired haven't smiled ?
SRC	hasn't the raven who some newt has annoyed read ?	has the raven who some newt annoyed hasn't read ?
SRC	haven't her orangutans who have applauded your peacock read ?	have her orangutans who applauded your peacock haven't read ?
SRC	haven't her yaks that our zebras have remembered waited ?	have her yaks that our zebras remembered haven't waited ?
SRC	hasn't the salamander that your xylophone has annoyed slept ?	has the salamander that your xylophone annoyed hasn't slept ?
SRC	haven't her ravens that have remembered her salamander swum ?	have her ravens that remembered her salamander swum ?
SRC	haven't your salamanders who have moved applauded her newt ?	have your salamanders who moved moved applauded her newt ?
SRC	haven't the salamanders that have waited annoyed your tyrannosauruses ?	have the salamanders that have annoyed your tyrannosauruses ? ?
SRC	have my walruses that some unicorns haven't remembered slept ?	haven't my walruses that some unicorns remembered have slept ?
SRC	hasn't her walrus who has entertained my orangutans changed ?	has her walrus who entertained my orangutans changed ? ?
SRC	have some newts that haven't entertained our orangutans entertained the xylophones with our walrus ?	haven't some newts that our entertained our orangutans entertained the xylophones with our walrus ?
SRC	hasn't her orangutan who has amused her zebras admired some walrus around my newt ?	has her orangutan who her amused her admired some walrus around my newt ?
SRC	hasn't your raven that my walrus has annoyed admired some zebras above some peacock ?	has your raven that my walrus annoyed admired some zebras above some peacock above some peacock
SRC	have your walruses that your vultures haven't confused applauded her walrus below the newt ?	haven't your walruses that your vultures confused have applauded her walrus below the newt ?
SRC	hasn't your quail who has confused her yak applauded the zebra with the xylophones ?	has your quail who her yak hasn't applauded the zebra with the xylophones ? ?
SRC	has the peacock that hasn't accepted the quail waited ?	hasn't the peacock that the accepted the quail waited ?
SRC	haven't my tyrannosauruses that have slept confused some orangutan ?	have my tyrannosauruses that have confused some orangutan ? ?
SRC	haven't our walruses that have confused some walruses eaten ?	have our walruses that some walruses some eaten ?
SRC	have the vultures that her salamanders haven't remembered moved ?	haven't the vultures that her salamanders remembered have moved ?
SRC	have our yaks that haven't smiled accepted her salamander ?	haven't our yaks that smiled accepted her salamander ? ?
SRC	have my tyrannosauruses who haven't applauded the ravens read ?	haven't my tyrannosauruses who applauded the ravens have read ?
SRC	has some salamander who hasn't entertained our walrus giggled ?	hasn't some salamander who entertained our walrus has giggled ?
SRC	haven't some walruses who our newts have admired read ?	have some walruses who our newts admired haven't read ?
SRC	haven't your newts that the unicorns have annoyed changed ?	have your newts that the unicorns annoyed haven't changed ?
SRC	hasn't our newt that has smiled annoyed the tyrannosaurus ?	hasn't our newt that smiled smiled annoyed the tyrannosaurus ?
SRC	haven't your xylophones who have remembered your quail accepted my walruses behind the vultures ?	have your xylophones who your remembered your accepted my walruses behind the vultures ? ?
SRC	haven't the newts that have remembered her newts applauded my vultures by the walruses ?	have the newts that remembered her newts haven't applauded my vultures by the walruses ?
SRC	hasn't my quail that her peacock has entertained confused some unicorns around our xylophones ?	has my quail that her peacock entertained hasn't confused some unicorns around our xylophones ?
SRC	hasn't our vulture that the salamander has admired entertained my vultures with the xylophone ?	has our vulture that the salamander admired my entertained my vultures with the xylophone ?
SRC	haven't your vultures who the zebras have admired accepted your unicorn upon some tyrannosauruses ?	have your vultures who the zebras admired accepted your unicorn upon some tyrannosauruses ? ?
SRC	haven't your ravens who have changed smiled ?	have your ravens who changed smiled ? ?
SRC	hasn't the raven who has smiled giggled ?	hasn't the raven who smiled smiled giggled ?
SRC	have my newts that haven't eaten moved ?	haven't my newts that have moved ?
SRC	hasn't our tyrannosaurus who has swum giggled ?	has our tyrannosaurus who swum giggled ?
SRC	has my orangutan who hasn't swum eaten ?	hasn't my orangutan who swum ?
SRC	hasn't our walrus who has entertained some xylophones moved ?	has our walrus who some xylophones xylophones moved ? ?
SRC	hasn't our newt who our salamander has applauded smiled ?	has our newt who our salamander applauded smiled ? ?
SRC	have my unicorns that haven't eaten remembered my newts ?	haven't my unicorns that eaten eaten remembered my newts ?
SRC	has the xylophone who hasn't applauded her vultures read ?	hasn't the xylophone who applauded her vultures read ? ?
SRC	hasn't her orangutan who my orangutan has accepted giggled ?	has her orangutan who my orangutan accepted hasn't giggled ?
SRC	have your yaks that haven't changed giggled ?	haven't your yaks that changed giggled ?
SRC	has the unicorn who hasn't waited moved ?	hasn't the unicorn who has moved ?
SRC	haven't your peacocks that have slept smiled ?	have your peacocks that have smiled ?
SRC	haven't her orangutans that have changed eaten ?	have her orangutans that changed eaten ?
SRC	has my zebra that hasn't giggled swum ?	hasn't my zebra that giggled swum ?
SRC	haven't the ravens that your newts have entertained accepted our walrus ?	have the ravens that your newts entertained haven't accepted our walrus ?
SRC	have some xylophones who haven't confused her newts accepted some peacocks ?	haven't some xylophones who her newts confused have accepted some peacocks ?
SRC	have her vultures that haven't amused her xylophone accepted my peacocks ?	haven't her vultures that her amused her xylophone accepted my peacocks ?
SRC	hasn't your raven who our xylophone has remembered applauded some yak ?	has your raven who our xylophone remembered some hasn't applauded some yak ?
SRC	hasn't my yak who my walrus has applauded confused her salamander ?	has my yak who my walrus applauded her confused her salamander ?
SRC	haven't the quails who the newts have entertained entertained some tyrannosauruses with her tyrannosauruses ?	have the quails who the newts entertained haven't entertained some tyrannosauruses with her tyrannosauruses ?
SRC	haven't some walruses who her quails have accepted remembered your orangutan near the vultures ?	have some walruses who her quails accepted haven't remembered your orangutan near the vultures ?
SRC	have the newts that your quails haven't annoyed admired our orangutan below your yak ?	haven't the newts that your quails annoyed our orangutan admired our yak below your yak ?
SRC	hasn't the raven who has remembered some vultures entertained some quails upon some xylophone ?	has the raven who some vultures entertained hasn't entertained some quails upon some xylophone ?
SRC	hasn't my raven who has accepted my xylophones confused our salamanders around the unicorns ?	has my raven who my xylophones accepted our xylophones confused our salamanders around the unicorns ?
SRC	haven't some yaks that have moved read ?	have some yaks that moved moved ?
SRC	have my peacocks who haven't giggled swum ?	haven't my peacocks who giggled swum ?
SRC	has her newt who hasn't changed smiled ?	hasn't her newt who changed smiled ?
SRC	has your xylophone that hasn't giggled moved ?	hasn't your xylophone that giggled moved ?
SRC	haven't her salamanders who have swum changed ?	have her salamanders who have changed ?
SRC	hasn't my newt that has comforted some salamanders giggled ?	has my newt that comforted some salamanders hasn't giggled ?
SRC	hasn't her unicorn that your newt has entertained changed ?	has her unicorn that your newt entertained hasn't changed ?
SRC	haven't your orangutans who the yaks have admired read ?	have your orangutans who the yaks admired haven't read ?
SRC	has some yak who hasn't read admired the tyrannosauruses ?	hasn't some yak who read admired the tyrannosauruses ? ?
SRC	haven't our orangutans who our peacocks have comforted slept ?	have our orangutans who our peacocks comforted haven't slept ?
SRC	hasn't her orangutan who has applauded your orangutans slept ?	has her orangutan who your applauded your orangutans slept ?
SRC	has my tyrannosaurus who your unicorn hasn't confused smiled ?	hasn't my tyrannosaurus who your unicorn confused has smiled ?
SRC	hasn't your raven that some raven has admired changed ?	has your raven that some raven admired hasn't changed ?
SRC	haven't her unicorns that her zebras have admired swum ?	have her unicorns that her zebras admired haven't swum ?
SRC	has our salamander that hasn't waited amused your orangutan ?	hasn't our salamander that waited waited amused your orangutan ?
SRC	haven't our peacocks that have admired your peacocks remembered your salamander below my unicorn ?	have our peacocks that your peacocks your remembered your salamander below my unicorn ?
SRC	haven't my quails who her peacocks have applauded entertained some zebras behind the vulture ?	have my quails who her peacocks applauded some entertained some zebras behind the vulture ?
SRC	have our vultures who your yaks haven't annoyed applauded some unicorns below the yaks ?	haven't our vultures who your yaks annoyed applauded some unicorns below the yaks below the yaks
SRC	has our xylophone who hasn't accepted your yaks accepted our tyrannosaurus by the tyrannosaurus ?	hasn't our xylophone who your yaks accepted our has accepted our tyrannosaurus by the tyrannosaurus ?
SRC	hasn't the walrus that has amused some yak amused the orangutan below her tyrannosaurus ?	has the walrus that amused some yak hasn't amused the orangutan below her tyrannosaurus ?
SRC	hasn't the yak who has eaten giggled ?	has the yak who eaten eaten ?
SRC	have my unicorns who haven't slept swum ?	haven't my unicorns who slept swum ?
SRC	has your unicorn that hasn't moved read ?	hasn't your unicorn that moved ? read ?
SRC	has the tyrannosaurus that hasn't eaten smiled ?	hasn't the tyrannosaurus that eaten eaten ?
SRC	have her unicorns that haven't changed swum ?	haven't her unicorns that changed swum ?
SRC	haven't her vultures that have slept entertained our xylophones below my raven ?	have her vultures that have entertained our xylophones below my xylophones ? ?
SRC	have your orangutans that haven't changed remembered the walruses near some tyrannosaurus ?	haven't your orangutans that changed remembered the walruses near some walruses near some ?
SRC	haven't the ravens that have moved annoyed some orangutan behind the newts ?	have the ravens that moved moved annoyed some orangutan behind the newts ?
SRC	hasn't some unicorn who has giggled applauded your zebra by the yaks ?	hasn't some unicorn who giggled applauded your zebra by the yaks by the ?
SRC	have your yaks who haven't giggled amused my vultures with my walrus ?	haven't your yaks who giggled amused my vultures with my walrus with ?
SRC	hasn't my zebra who has smiled amused your quail upon some walruses ?	hasn't my zebra who smiled smiled amused your quail upon some walruses ?
SRC	have my orangutans that haven't smiled remembered my walrus with our salamander ?	haven't my orangutans that smiled ? remembered my walrus with our salamander ?
SRC	have some yaks that haven't giggled confused some walrus upon your vultures ?	haven't some yaks that giggled confused some walrus upon your vultures ? ?
SRC	has some orangutan that hasn't waited admired your xylophone around our quail ?	hasn't some orangutan that waited waited admired your xylophone around our quail ?
SRC	have your yaks who haven't changed remembered her vulture below some peacocks ?	haven't your yaks who changed remembered her vulture below some vulture ? ?
SRC	haven't your zebras who her tyrannosauruses have entertained waited ?	have your zebras who her tyrannosauruses entertained haven't waited ?
SRC	has some yak that hasn't amused our vulture read ?	hasn't some yak that our amused our vulture read ?
SRC	has some peacock that hasn't waited annoyed the yak ?	hasn't some peacock that waited ? annoyed the yak ?
SRC	hasn't her xylophone that has read confused the vulture ?	has her xylophone that hasn't confused the vulture ? ?
SRC	haven't your walruses who have waited amused your raven ?	have your walruses who haven't amused your raven ? ?
SRC	has the unicorn that her zebra hasn't entertained smiled ?	hasn't the unicorn that her zebra entertained has smiled ?
SRC	have your ravens that haven't moved accepted my vultures ?	haven't your ravens that moved moved my vultures ? ?
SRC	hasn't some orangutan who her zebra has admired moved ?	has some orangutan who her zebra admired hasn't moved ?
SRC	hasn't your newt who our salamander has entertained read ?	has your newt who our salamander entertained hasn't read ?
SRC	have our zebras who haven't amused some yak moved ?	haven't our zebras who some amused some moved ? ?
SRC	have some yaks that our ravens haven't admired eaten ?	haven't some yaks that our ravens admired have eaten ?
SRC	has our raven who the peacock hasn't admired slept ?	hasn't our raven who the peacock admired has slept ?
SRC	has the yak that hasn't slept admired her newt ?	hasn't the yak that has admired her newt ? ?
SRC	hasn't our raven that has moved accepted my vultures ?	has our raven that moved moved my vultures ? ?
SRC	has some orangutan that hasn't confused the walruses giggled ?	hasn't some orangutan that the confused the walruses giggled ?
SRC	have some newts that haven't read comforted her raven ?	haven't some newts that have comforted her raven ?
SRC	have your unicorns that the peacocks haven't applauded moved ?	haven't your unicorns that the peacocks applauded applauded ? ?
SRC	have our salamanders that haven't accepted our xylophones eaten ?	haven't our salamanders that accepted our xylophones have eaten ?
SRC	haven't our peacocks who some vultures have amused waited ?	have our peacocks who some vultures amused haven't waited ?
SRC	haven't some quails that her xylophones have accepted moved ?	have some quails that her xylophones accepted haven't moved ?
SRC	haven't our yaks that have admired my quail waited ?	have our yaks that admired my quail haven't waited ?
SRC	have my zebras who haven't amused the vultures read ?	haven't my zebras who the amused the vultures read ?
SRC	haven't our peacocks that your newts have amused changed ?	have our peacocks that your newts amused haven't changed ?
SRC	have the ravens who haven't remembered my orangutan waited ?	haven't the ravens who remembered my orangutan waited ?
SRC	haven't my yaks who my walruses have admired changed ?	have my yaks who my walruses admired haven't changed ?
SRC	hasn't your unicorn that has read giggled ?	has your unicorn that read giggled giggled ?
SRC	have her vultures who haven't slept moved ?	haven't her vultures who slept moved ?
SRC	haven't some quails who have changed giggled ?	have some quails who changed giggled ?
SRC	hasn't the walrus who has swum read ?	hasn't the walrus who swum read ?
SRC	hasn't our newt who has read giggled ?	hasn't our newt who read giggled ?
SRC	have the xylophones who haven't giggled eaten ?	haven't the xylophones who giggled eaten ?
SRC	hasn't her zebra who has swum eaten ?	has her zebra who swum eaten ?
SRC	has the tyrannosaurus that hasn't eaten changed ?	hasn't the tyrannosaurus that eaten eaten ?
SRC	has my unicorn that hasn't slept waited ?	hasn't my unicorn that has waited ?
SRC	haven't my zebras who have waited changed ?	have my zebras who have changed ?
SRC	has the walrus that hasn't smiled changed ?	hasn't the walrus that smiled smiled changed ?
SRC	hasn't the salamander who has giggled slept ?	hasn't the salamander who giggled slept ?
SRC	have our peacocks that haven't moved changed ?	haven't our peacocks that moved ? changed ?
SRC	haven't my tyrannosauruses who have giggled read ?	have my tyrannosauruses who giggled read ?
SRC	has her salamander who hasn't read eaten ?	hasn't her salamander who read eaten ?
SRC	hasn't your salamander that has annoyed the zebras annoyed her tyrannosaurus around our walrus ?	has your salamander that the annoyed the annoyed her tyrannosaurus around our walrus ?
SRC	has your newt who hasn't accepted the newts entertained the yaks around your unicorns ?	hasn't your newt who the accepted the newts entertained the yaks around your unicorns ?
SRC	haven't our peacocks who my zebras have confused annoyed our yaks above her ravens ?	have our peacocks who my zebras confused our annoyed our yaks above her ravens ?
SRC	have the vultures that some peacocks haven't entertained remembered our walruses with our tyrannosaurus ?	haven't the vultures that some peacocks entertained have remembered our walruses with our tyrannosaurus ?
SRC	has our zebra that hasn't amused the quail amused your orangutans below some quails ?	hasn't our zebra that amused the quail has amused your orangutans below some quails ?
SRC	hasn't her walrus who has applauded our yaks moved ?	has her walrus who our yaks our yaks moved ?
SRC	has some peacock who hasn't accepted your walruses swum ?	hasn't some peacock who your walruses your swum ? ?
SRC	has her raven that hasn't confused her newt waited ?	hasn't her raven that her confused her waited ?
SRC	hasn't her vulture who the yak has comforted read ?	has her vulture who the yak comforted read ? ?
SRC	haven't her orangutans who have accepted some zebra read ?	have her orangutans who some accepted some read ? ?
SRC	haven't your xylophones that her xylophones have comforted annoyed her vulture ?	have your xylophones that her xylophones comforted annoyed her vulture ? ?
SRC	have her xylophones that our salamanders haven't amused admired my tyrannosauruses ?	haven't her xylophones that our salamanders amused have admired my tyrannosauruses ?
SRC	haven't her yaks that have remembered her peacocks confused your raven ?	have her yaks that remembered her peacocks haven't confused your raven ?
SRC	have some quails who haven't comforted the quails accepted my tyrannosauruses ?	haven't some quails who comforted the quails have accepted my tyrannosauruses ?
SRC	haven't her walruses that our salamanders have remembered accepted your ravens ?	have her walruses that our salamanders remembered haven't accepted your ravens ?
SRC	has the yak who our peacock hasn't comforted accepted her quail around your quails ?	hasn't the yak who our peacock comforted accepted her quail around your quails ?
SRC	have our zebras that my vultures haven't confused admired your xylophone above her walrus ?	haven't our zebras that my vultures confused have admired your xylophone above her walrus ?
SRC	has your yak who hasn't remembered some vulture applauded the newt around your newts ?	hasn't your yak who some vulture some has applauded the newt around your newts ?
SRC	have your zebras that haven't entertained your zebras confused your zebras around my newts ?	haven't your zebras that your zebras entertained have confused your zebras around my newts ?
SRC	hasn't our vulture who has entertained your yaks amused some orangutan by the tyrannosauruses ?	has our vulture who your yaks entertained hasn't amused some orangutan by the tyrannosauruses ?
SRC	has our peacock that hasn't changed entertained our salamanders around the tyrannosauruses ?	hasn't our peacock that changed entertained our salamanders around the tyrannosauruses ? ?
SRC	haven't your salamanders that have waited entertained our tyrannosauruses by her salamander ?	have your salamanders that have entertained our tyrannosauruses by her tyrannosauruses by her salamander
SRC	hasn't some unicorn who has eaten admired the tyrannosauruses near some zebras ?	has some unicorn who eaten eaten admired the tyrannosauruses near some zebras ?
SRC	has my xylophone who hasn't waited confused the ravens below her peacocks ?	hasn't my xylophone who has confused the ravens below her ravens ? ?
SRC	has her vulture who hasn't giggled remembered my raven by her vultures ?	hasn't her vulture who giggled remembered my raven by her vultures ? ?
SRC	haven't my newts that your walruses have entertained entertained your walruses ?	have my newts that your walruses entertained haven't entertained your walruses ?
SRC	hasn't my walrus that her yak has accepted applauded the walrus ?	has my walrus that her yak accepted hasn't applauded the walrus ?
SRC	has some newt who hasn't admired our quail admired the tyrannosaurus ?	hasn't some newt who our quail admired our has admired the tyrannosaurus ?
SRC	has my tyrannosaurus who her xylophone hasn't confused entertained some orangutan ?	hasn't my tyrannosaurus who her xylophone confused has entertained some orangutan ?
SRC	has her xylophone that hasn't confused our raven amused your orangutan ?	hasn't her xylophone that confused our raven has amused your orangutan ?
SRC	hasn't your salamander who your newt has applauded read ?	has your salamander who your newt applauded some read ?
SRC	have my orangutans who haven't accepted her vultures read ?	haven't my orangutans who her accepted her read ? ?
SRC	haven't the salamanders that my quails have admired waited ?	have the salamanders that my quails admired haven't waited ?
SRC	have the zebras who my walruses haven't applauded changed ?	haven't the zebras who my walruses applauded have changed ?
SRC	has our salamander that hasn't entertained some ravens read ?	hasn't our salamander that some entertained some read ? ?
SRC	have her xylophones that haven't eaten waited ?	haven't her xylophones that eaten eaten ?
SRC	hasn't my peacock who has read swum ?	hasn't my peacock who read swum ?
SRC	haven't my unicorns who have giggled moved ?	have my unicorns who giggled moved ?
SRC	haven't your yaks who have swum changed ?	have your yaks who have changed ?
SRC	have some walruses that haven't changed eaten ?	haven't some walruses that changed eaten ?
SRC	hasn't our tyrannosaurus that has comforted our unicorn entertained my orangutan ?	has our tyrannosaurus that our comforted our unicorn entertained my orangutan ?
SRC	have your walruses that haven't admired our walruses comforted the quail ?	haven't your walruses that our walruses our walruses have comforted the quail ?
SRC	hasn't my walrus that has applauded the quails accepted your orangutans ?	has my walrus that applauded the quails hasn't accepted your orangutans ?
SRC	hasn't our unicorn who our tyrannosaurus has accepted annoyed my unicorn ?	has our unicorn who our tyrannosaurus accepted hasn't annoyed my unicorn ?
SRC	have some xylophones who our salamanders haven't applauded confused our salamanders ?	haven't some xylophones who our salamanders applauded our confused our salamanders ?
SRC	has the xylophone who hasn't remembered her orangutans slept ?	hasn't the xylophone who remembered her orangutans has slept ?
SRC	haven't our salamanders that our newts have confused read ?	have our salamanders that our newts confused haven't read ?
SRC	haven't the yaks that have remembered her peacock slept ?	have the yaks that remembered her peacock haven't slept ?
SRC	has her xylophone who hasn't confused her tyrannosaurus changed ?	hasn't her xylophone who her confused her changed ? ?
SRC	hasn't some zebra who has waited applauded my tyrannosaurus ?	hasn't some zebra who has applauded my tyrannosaurus ? ?
SRC	haven't our quails that have amused some xylophones annoyed your xylophones ?	have our quails that amused some xylophones haven't annoyed your xylophones ?
SRC	hasn't your xylophone that your vulture has amused annoyed my walruses ?	has your xylophone that your vulture amused hasn't annoyed my walruses ?
SRC	hasn't the raven who has changed applauded my walruses ?	hasn't the raven who changed applauded applauded my walruses ? ?
SRC	hasn't her peacock that has applauded our walrus read ?	has her peacock that applauded our walrus hasn't read ? ?
SRC	haven't our salamanders that your vultures have remembered giggled ?	have our salamanders that your vultures remembered giggled ? ? ?
SRC	has our vulture that hasn't admired the peacock accepted our unicorn ?	hasn't our vulture that the admired the peacock accepted our unicorn ?
SRC	have our vultures that haven't amused our newt admired the newts ?	haven't our vultures that our amused our have admired the newts ?
SRC	hasn't my xylophone that has annoyed her xylophones confused your newt ?	has my xylophone that annoyed her xylophones hasn't confused your newt ?
SRC	haven't our salamanders that have remembered the unicorns remembered her newt ?	have our salamanders that remembered the unicorns remembered her newt ? ?
SRC	hasn't the salamander who our yak has amused accepted our salamander ?	has the salamander who our yak amused hasn't accepted our salamander ?
SRC	have our xylophones that haven't remembered my ravens waited ?	haven't our xylophones that remembered my ravens waited ? ?
SRC	haven't my xylophones that have comforted our quail swum ?	have my xylophones that our comforted our quail swum ?
SRC	hasn't my salamander that your yak has annoyed giggled ?	has my salamander that your yak annoyed hasn't giggled ?
SRC	haven't your xylophones who the peacocks have entertained eaten ?	have your xylophones who the peacocks entertained haven't eaten ?
SRC	hasn't our vulture that has admired my unicorn giggled ?	has our vulture that admired my unicorn giggled ? ?
SRC	hasn't the orangutan that has entertained her yak smiled ?	has the orangutan that her entertained her hasn't smiled ?
SRC	haven't your xylophones that have entertained the walrus eaten ?	have your xylophones that the entertained the eaten ? ?
SRC	have some salamanders that the walruses haven't entertained eaten ?	haven't some salamanders that the walruses entertained have eaten ?
SRC	have my xylophones that haven't entertained her raven swum ?	haven't my xylophones that her entertained her swum ? ?
SRC	have some xylophones that some peacocks haven't annoyed slept ?	haven't some xylophones that some peacocks annoyed annoyed slept ?
SRC	haven't the ravens who have smiled comforted my xylophone with my salamanders ?	have the ravens who smiled comforted comforted my xylophone with my salamanders ?
SRC	have my yaks who haven't eaten applauded some orangutans with the walrus ?	haven't my yaks who eaten eaten applauded some orangutans with the walrus ?
SRC	have some xylophones that haven't waited confused her unicorn around her tyrannosauruses ?	haven't some xylophones that have confused her unicorn around her tyrannosauruses ? ?
SRC	hasn't her walrus that has changed confused some peacocks upon your raven ?	hasn't her walrus that changed confused some peacocks upon your raven ? ?
SRC	hasn't the raven who has smiled confused some yak above my salamander ?	hasn't the raven who smiled confused some yak above my salamander ? ?
SRC	have your quails who your quails haven't amused entertained the newt ?	haven't your quails who your quails amused have entertained the newt ?
SRC	has her peacock who hasn't confused some vulture accepted some quail ?	hasn't her peacock who some vulture some accepted some quail ? ?
SRC	hasn't our raven who your xylophone has accepted comforted her tyrannosaurus ?	has our raven who your xylophone accepted hasn't comforted her tyrannosaurus ?
SRC	hasn't your yak who has accepted your tyrannosaurus accepted her vulture ?	has your yak who your accepted your tyrannosaurus hasn't accepted her vulture ?
SRC	have some walruses who our unicorns haven't amused accepted the raven ?	haven't some walruses who our unicorns amused have accepted the raven ?
SRC	has our xylophone that my xylophone hasn't accepted giggled ?	hasn't our xylophone that my xylophone accepted has giggled ?
SRC	hasn't my walrus that has confused the walruses swum ?	has my walrus that the confused the walruses swum ?
SRC	has her yak that our vulture hasn't confused moved ?	hasn't her yak that our vulture confused has moved ?
SRC	haven't our orangutans who have applauded my tyrannosauruses moved ?	have our orangutans who applauded my tyrannosauruses haven't moved ?
SRC	haven't my xylophones who have annoyed your vulture changed ?	have my xylophones who your vulture vulture haven't changed ?
SRC	has my vulture who the yak hasn't applauded moved ?	hasn't my vulture who the yak applauded has moved ?
SRC	have our tyrannosauruses that haven't moved annoyed our xylophone ?	haven't our tyrannosauruses that moved moved our xylophone ? ?
SRC	hasn't her unicorn who has comforted the vultures waited ?	has her unicorn who the comforted the waited ?
SRC	haven't her peacocks that some salamanders have confused read ?	have her peacocks that some salamanders confused haven't read ?
SRC	haven't the walruses that my salamanders have remembered swum ?	have the walruses that my salamanders remembered swum ?
SRC	have my unicorns that my peacocks haven't remembered changed ?	haven't my unicorns that my peacocks remembered have changed ?
SRC	have some peacocks who haven't slept comforted her vulture ?	haven't some peacocks who slept comforted her vulture ? ?
SRC	haven't your unicorns that have read entertained some unicorns ?	have your unicorns that have entertained some unicorns ?
SRC	hasn't your walrus that has admired some orangutan moved ?	has your walrus that some orangutan admired hasn't moved ?
SRC	has our yak who our peacock hasn't admired swum ?	hasn't our yak who our peacock admired has swum ?
SRC	haven't my ravens that have moved admired the xylophones by some zebra ?	have my ravens that moved moved the xylophones by some xylophones ? ?
SRC	has the quail that hasn't read comforted our vultures behind my peacock ?	hasn't the quail that has comforted our vultures behind my peacock ? ?
SRC	has your salamander that hasn't smiled applauded some peacocks by the quail ?	hasn't your salamander that smiled applauded applauded some peacocks by the quail ?
SRC	have my ravens who haven't slept applauded your quails upon some vulture ?	haven't my ravens who slept applauded your quails upon some quails ? ?
SRC	have your ravens who some xylophones haven't remembered annoyed my tyrannosaurus ?	haven't your ravens who some xylophones remembered have annoyed my tyrannosaurus ? ?
SRC	have the vultures who haven't eaten eaten ?	haven't the vultures who eaten eaten eaten ?
SRC	has your vulture that hasn't giggled smiled ?	hasn't your vulture that giggled smiled ?
SRC	have our unicorns who haven't giggled changed ?	haven't our unicorns who giggled changed changed ?
SRC	have our unicorns who haven't eaten giggled ?	haven't our unicorns who eaten eaten ?
SRC	hasn't her orangutan who has slept changed ?	hasn't her orangutan who slept changed changed ?
SRC	has the orangutan who my unicorn hasn't accepted amused my vultures with our unicorns ?	hasn't the orangutan who my unicorn accepted has amused my vultures with our unicorns ?
SRC	has your unicorn that my xylophone hasn't entertained amused our vulture near the raven ?	hasn't your unicorn that my xylophone entertained has amused our vulture near the raven ?
SRC	hasn't the raven who your vulture has remembered comforted our yaks behind her tyrannosaurus ?	has the raven who your vulture remembered our comforted our yaks behind her tyrannosaurus ?
SRC	have your ravens that haven't annoyed some quails comforted our xylophones upon some tyrannosaurus ?	haven't your ravens that annoyed some quails have comforted our xylophones upon some tyrannosaurus ?
SRC	has some quail that hasn't annoyed your walruses entertained my ravens near our peacocks ?	hasn't some quail that your walruses your has entertained my ravens near our peacocks ?
SRC	haven't my orangutans who the peacocks have remembered applauded your raven ?	have my orangutans who the peacocks remembered haven't applauded your raven ?
SRC	has my newt who hasn't remembered the walrus comforted some zebra ?	hasn't my newt who hasn't the walrus has comforted some zebra ?
SRC	haven't the vultures that your yaks have annoyed remembered my peacocks ?	have the vultures that your yaks annoyed remembered my peacocks ? ?
SRC	hasn't some xylophone that our walrus has applauded entertained your walrus ?	has some xylophone that our walrus applauded your entertained your walrus ?
SRC	hasn't the tyrannosaurus who the xylophone has annoyed admired my walrus ?	has the tyrannosaurus who the xylophone annoyed hasn't admired my walrus ?
SRC	haven't her peacocks that have confused some vultures waited ?	have her peacocks that some confused some waited ? ?
SRC	has our newt that her peacock hasn't applauded waited ?	hasn't our newt that her peacock applauded has waited ?
SRC	have her zebras who haven't annoyed some yaks swum ?	haven't her zebras who some yaks some have swum ?
SRC	has your unicorn who some yak hasn't accepted swum ?	hasn't your unicorn who some yak accepted has swum ?
SRC	have my tyrannosauruses who your tyrannosauruses haven't accepted waited ?	haven't my tyrannosauruses who your tyrannosauruses accepted have waited ?
SRC	has the newt who hasn't remembered some unicorn smiled ?	hasn't the newt who remembered some unicorn has smiled ?
SRC	haven't our zebras that your newts have accepted swum ?	have our zebras that your newts accepted haven't swum ?
SRC	has our orangutan who hasn't swum remembered my yaks ?	hasn't our orangutan who swum remembered my yaks ?
SRC	have her ravens who our quails haven't comforted slept ?	haven't her ravens who our quails comforted slept ? ?
SRC	have my ravens who haven't admired her zebra giggled ?	haven't my ravens who her zebra her giggled ? ?
SRC	hasn't our zebra that has giggled eaten ?	has our zebra that giggled eaten ?
SRC	have my tyrannosauruses that haven't changed waited ?	haven't my tyrannosauruses that changed waited ?
SRC	has our peacock who hasn't smiled read ?	hasn't our peacock who smiled smiled ?
SRC	has the yak that hasn't slept slept ?	hasn't the yak that slept slept ? ?
SRC	haven't my yaks who have giggled waited ?	have my yaks who giggled waited waited ?
SRC	hasn't my raven who has entertained her xylophone accepted the walrus ?	has my raven who her entertained her accepted the walrus ? ?
SRC	hasn't the unicorn that your raven has remembered accepted your quail ?	has the unicorn that your raven remembered your quail hasn't accepted ?
SRC	hasn't our unicorn that your quail has entertained comforted the zebras ?	has our unicorn that your quail entertained hasn't comforted the zebras ?
SRC	hasn't some salamander who has confused our unicorn annoyed some quail ?	has some salamander who our unicorn confused hasn't annoyed some quail ?
SRC	haven't my salamanders that the ravens have amused annoyed some yak ?	have my salamanders that the ravens amused haven't annoyed some yak ?
SRC	haven't some peacocks who my newts have entertained read ?	have some peacocks who my newts entertained haven't read ?
SRC	have her ravens who haven't slept confused our unicorn ?	haven't her ravens who slept confused our unicorn ? ?
SRC	hasn't some unicorn that our tyrannosaurus has amused giggled ?	has some unicorn that our tyrannosaurus amused hasn't giggled ?
SRC	haven't our tyrannosauruses that have read admired some quails ?	have our tyrannosauruses that have admired some quails ? ?
SRC	has our unicorn who hasn't read annoyed my walrus ?	hasn't our unicorn who read annoyed my walrus ? ?
SRC	has the zebra who hasn't admired your tyrannosaurus slept ?	hasn't the zebra who your tyrannosaurus your has slept ?
SRC	haven't my walruses who her zebras have confused giggled ?	have my walruses who her zebras confused giggled ? ?
SRC	have my newts that our zebras haven't confused smiled ?	haven't my newts that our zebras confused have smiled ?
SRC	haven't some tyrannosauruses who her quails have entertained eaten ?	have some tyrannosauruses who her quails entertained haven't eaten ?
SRC	haven't my zebras who have remembered the salamanders read ?	have my zebras who have the salamanders haven't read ?
SRC	has your walrus who hasn't entertained my zebra giggled ?	hasn't your walrus who entertained my zebra has giggled ?
SRC	have her newts that the unicorns haven't remembered waited ?	haven't her newts that the unicorns remembered have waited ?
SRC	has our yak who her zebra hasn't comforted giggled ?	hasn't our yak who her zebra comforted has giggled ?
SRC	have my walruses that haven't waited applauded some newt ?	haven't my walruses that have applauded some newt ? ?
SRC	has your xylophone who hasn't annoyed my walruses waited ?	hasn't your xylophone who my walruses my has waited ?
SRC	haven't my vultures that have annoyed her unicorn accepted some xylophones below my vulture ?	have my vultures that her annoyed her accepted some xylophones below my vulture below my vulture
SRC	has your walrus that some vulture hasn't remembered remembered your xylophone above your orangutans ?	hasn't your walrus that some vulture remembered remembered your xylophone above your orangutans ? ?
SRC	have the peacocks who haven't applauded some newts amused your zebras near her salamanders ?	haven't the peacocks who applauded some newts have amused your zebras near her salamanders ?
SRC	has my walrus who hasn't comforted her quails annoyed your walrus upon your quails ?	hasn't my walrus who comforted her quails has annoyed your walrus upon your quails ?
SRC	haven't the quails who have applauded some quails applauded your newts by some zebra ?	have the quails who applauded some quails haven't applauded your newts by some zebra ?
SRC	have her salamanders who her peacocks haven't annoyed accepted the unicorns behind your vulture ?	haven't her salamanders who her peacocks annoyed have accepted the unicorns behind your vulture ?
SRC	have her tyrannosauruses who her newts haven't confused confused my unicorn with my salamander ?	haven't her tyrannosauruses who her newts confused have confused my unicorn with my salamander ?
SRC	have some xylophones who haven't entertained your walruses amused some orangutan upon some tyrannosauruses ?	haven't some xylophones who your walruses your amused some orangutan upon some tyrannosauruses ? ?
SRC	haven't my ravens who my newts have annoyed confused your quails upon some peacocks ?	have my ravens who my newts annoyed haven't confused your quails upon some peacocks ?
SRC	haven't her yaks who have admired my newt accepted our raven with our peacocks ?	have her yaks who my newt my newt haven't accepted our peacocks with our peacocks ?
SRC	haven't the xylophones that your vultures have entertained waited ?	have the xylophones that your vultures entertained haven't waited ?
SRC	has her salamander who some quail hasn't admired read ?	hasn't her salamander who some quail admired has read ?
SRC	have your zebras that haven't admired our vultures moved ?	haven't your zebras that our vultures admired our moved ?
SRC	hasn't your peacock who our zebra has accepted waited ?	has your peacock who our zebra accepted hasn't waited ?
SRC	have her peacocks that my xylophones haven't applauded slept ?	haven't her peacocks that my xylophones applauded applauded slept ?
SRC	haven't your unicorns who have giggled slept ?	have your unicorns who giggled slept ?
SRC	have your quails who haven't read moved ?	haven't your quails who have moved ?
SRC	has the zebra who hasn't changed changed ?	hasn't the zebra who changed changed changed ?
SRC	has my unicorn that hasn't giggled eaten ?	hasn't my unicorn that giggled eaten ?
SRC	hasn't my peacock that has giggled swum ?	has my peacock that giggled swum ?
SRC	hasn't my peacock that our peacock has admired changed ?	has my peacock that our peacock admired hasn't changed ?
SRC	has the tyrannosaurus who our newt hasn't comforted changed ?	hasn't the tyrannosaurus who our newt comforted has changed ?
SRC	have your xylophones who our vultures haven't applauded giggled ?	haven't your xylophones who our vultures applauded have giggled ?
SRC	have my zebras who your yaks haven't comforted eaten ?	haven't my zebras who your yaks comforted eaten ?
SRC	has the raven that hasn't accepted her orangutans slept ?	hasn't the raven that accepted her orangutans has slept ?
SRC	has the unicorn that her walrus hasn't remembered read ?	hasn't the unicorn that her walrus remembered has read ?
SRC	has my orangutan who hasn't annoyed our walruses eaten ?	hasn't my orangutan who our walruses our eaten ? ?
SRC	has the raven who her yak hasn't annoyed giggled ?	hasn't the raven who her yak annoyed has giggled ?
SRC	haven't your unicorns who have giggled remembered some peacocks ?	have your unicorns who giggled remembered some peacocks ? ?
SRC	have your orangutans who our newts haven't amused waited ?	haven't your orangutans who our newts amused have waited ?
SRC	haven't my walruses that have slept confused your orangutans ?	have my walruses that haven't confused your orangutans ? ?
SRC	haven't the xylophones that have changed accepted your zebra ?	have the xylophones that have accepted your zebra ? ?
SRC	haven't some salamanders who have accepted your peacocks changed ?	have some salamanders who your peacocks your peacocks haven't changed ?
SRC	has some vulture that hasn't comforted our salamander slept ?	hasn't some vulture that our comforted our salamander slept ?
SRC	have your zebras who the peacocks haven't annoyed changed ?	haven't your zebras who the peacocks annoyed have changed ?
SRC	haven't my zebras that the vultures have annoyed eaten ?	have my zebras that the vultures annoyed eaten ?
SRC	has some quail that hasn't remembered our unicorn swum ?	hasn't some quail that remembered our unicorn swum ?
SRC	have her ravens who haven't giggled entertained her peacocks ?	haven't her ravens who giggled entertained her peacocks ? ?
SRC	have some zebras who haven't waited entertained our orangutans ?	haven't some zebras who waited waited ? our orangutans ?
SRC	have my peacocks that the zebras haven't annoyed swum ?	haven't my peacocks that the zebras annoyed swum ? ?
SRC	has some orangutan who your walrus hasn't remembered slept ?	hasn't some orangutan who your walrus remembered has slept ?
SRC	has her yak who hasn't admired the ravens slept ?	hasn't her yak who the admired the slept ? ?
SRC	hasn't the yak who has slept remembered her tyrannosauruses ?	hasn't the yak who slept remembered her tyrannosauruses ? ?
SRC	has our yak who hasn't accepted our xylophone smiled ?	hasn't our yak who our xylophone has smiled ? ?
SRC	has some unicorn who hasn't amused some xylophone giggled ?	hasn't some unicorn who some amused some giggled ? ?
SRC	have her quails who haven't annoyed my salamander annoyed some newt ?	haven't her quails who annoyed my salamander annoyed some newt ? ?
SRC	have my tyrannosauruses that haven't entertained our walruses accepted our peacocks ?	haven't my tyrannosauruses that our walruses our walruses have accepted our peacocks ?
SRC	hasn't the tyrannosaurus that has confused her raven confused the walrus ?	has the tyrannosaurus that her confused her raven hasn't confused the walrus ?
SRC	haven't my xylophones who some yaks have entertained amused some zebra ?	have my xylophones who some yaks entertained haven't amused some zebra ?
SRC	have our zebras that haven't remembered some newt amused the walruses ?	haven't our zebras that remembered some newt have amused the walruses ?
SRC	have your walruses that haven't comforted our tyrannosauruses giggled ?	haven't your walruses that our tyrannosauruses have giggled ? ?
SRC	has the zebra who hasn't amused my unicorn waited ?	hasn't the zebra who my amused my unicorn waited ?
SRC	have the orangutans that my quails haven't applauded moved ?	haven't the orangutans that my quails applauded applauded ? ?
SRC	hasn't her xylophone that your newt has applauded read ?	has her xylophone that your newt applauded hasn't read ?
SRC	haven't our orangutans who my tyrannosauruses have accepted swum ?	have our orangutans who my tyrannosauruses accepted haven't swum ?
SRC	have her ravens that haven't accepted my vultures slept ?	haven't her ravens that accepted my vultures slept ? ?
SRC	haven't her newts that have applauded her zebra giggled ?	have her newts that applauded her zebra giggled ?
SRC	has our newt who hasn't accepted her tyrannosaurus slept ?	hasn't our newt who her accepted her slept ? ?
SRC	have my yaks who haven't annoyed the peacock moved ?	haven't my yaks who the annoyed the peacock moved ?
SRC	hasn't the peacock that the salamander has admired swum ?	has the peacock that the salamander admired hasn't swum ?
SRC	has some orangutan that hasn't admired her ravens entertained the orangutan with my salamander ?	hasn't some orangutan that admired her ravens has entertained the orangutan with my salamander ?
SRC	hasn't some yak who the raven has applauded amused some quails near the orangutan ?	has some yak who the raven applauded some quails amused some orangutan near the orangutan ?
SRC	haven't the orangutans that have admired some xylophone amused some quail behind your xylophones ?	have the orangutans that some admired some xylophone amused some quail behind your xylophones ?
SRC	hasn't some newt who has confused my zebras applauded the vultures by our zebras ?	has some newt who my zebras my zebras hasn't applauded the zebras by our zebras ?
SRC	have my orangutans that haven't moved remembered your vultures with our quails ?	haven't my orangutans that moved moved your vultures with your quails ? ?
SRC	hasn't some raven who has applauded our walruses eaten ?	has some raven who our walruses our walruses eaten ?
SRC	hasn't our zebra that has comforted the tyrannosauruses changed ?	has our zebra that comforted the tyrannosauruses hasn't changed ?
SRC	haven't my tyrannosauruses who the peacocks have annoyed giggled ?	have my tyrannosauruses who the peacocks annoyed giggled ? ?
SRC	have her vultures who haven't admired your walrus slept ?	haven't her vultures who your walrus walrus have slept ?
SRC	hasn't our vulture that has applauded some xylophone giggled ?	has our vulture that applauded some xylophone hasn't giggled ?
SRC	hasn't her raven that has changed admired her tyrannosauruses ?	hasn't her raven that changed admired her tyrannosauruses ? ?
SRC	has your walrus that our vulture hasn't confused swum ?	hasn't your walrus that our vulture confused has swum ?
SRC	hasn't the yak who has applauded her yak read ?	has the yak who her yak hasn't read ? ?
SRC	hasn't our tyrannosaurus who the walrus has amused moved ?	has our tyrannosaurus who the walrus amused hasn't moved ?
SRC	haven't some salamanders who have accepted some salamander swum ?	have some salamanders who some accepted some salamander swum ?
SRC	have your salamanders that haven't swum giggled ?	haven't your salamanders that swum giggled ?
SRC	haven't her vultures that have waited eaten ?	have her vultures that have eaten ?
SRC	has some quail that hasn't moved slept ?	hasn't some quail that moved ? slept ?
SRC	haven't the unicorns who have read smiled ?	have the unicorns who have smiled ?
SRC	have our peacocks that haven't changed swum ?	haven't our peacocks that changed swum ?
SRC	haven't my ravens who some salamanders have confused entertained the ravens around the ravens ?	have my ravens who some salamanders confused the entertained the ravens around the ravens ?
SRC	hasn't your unicorn who your walrus has accepted amused her vulture around some tyrannosaurus ?	has your unicorn who your walrus accepted hasn't amused her vulture around some tyrannosaurus ?
SRC	has the yak that her vulture hasn't applauded annoyed your quails upon the orangutan ?	hasn't the yak that her vulture applauded annoyed your quails upon the orangutan ? ?
SRC	haven't my orangutans that your ravens have annoyed annoyed our unicorn around our zebras ?	have my orangutans that your ravens annoyed annoyed our unicorn around our zebras around ?
SRC	haven't my walruses who have admired my yak confused your salamander around our raven ?	have my walruses who my yak confused your confused your salamander around our raven ?
SRC	hasn't our vulture who has read entertained my vultures below the xylophones ?	hasn't our vulture who has entertained my vultures below the vultures ? ?
SRC	has your walrus who hasn't slept remembered some walrus near some unicorns ?	hasn't your walrus who slept remembered some walrus near some walrus near some unicorns
SRC	haven't our unicorns that have swum remembered her quails behind the newt ?	have our unicorns that swum remembered her quails behind the newt ? ?
SRC	have your unicorns who haven't giggled annoyed my unicorns around our unicorn ?	haven't your unicorns who giggled annoyed my unicorns around my unicorn around our unicorn
SRC	hasn't your xylophone that has read applauded our ravens around my peacocks ?	has your xylophone that has applauded our ravens around my peacocks around my ?
SRC	hasn't our salamander that has remembered our walruses giggled ?	has our salamander that remembered our walruses hasn't giggled ?
SRC	have your yaks that our peacocks haven't confused moved ?	haven't your yaks that our peacocks confused have moved ?
SRC	have our vultures who her yaks haven't entertained waited ?	haven't our vultures who her yaks entertained have waited ?
SRC	has her zebra that your yak hasn't comforted changed ?	hasn't her zebra that your yak comforted has changed ?
SRC	hasn't her orangutan that your peacock has accepted swum ?	has her orangutan that your peacock accepted hasn't swum ?
SRC	have some newts that haven't annoyed my vultures smiled ?	haven't some newts that annoyed my vultures have smiled ?
SRC	hasn't my quail that has smiled admired some yaks ?	hasn't my quail that smiled smiled admired some yaks ?
SRC	have your ravens that haven't moved entertained our walrus ?	haven't your ravens that moved moved our walrus ? ?
SRC	has her yak that hasn't remembered some newt smiled ?	hasn't her yak that remembered some newt has smiled ?
SRC	haven't your yaks that our xylophones have applauded slept ?	have your yaks that our xylophones applauded haven't slept ?
SRC	haven't my yaks who have smiled smiled ?	have my yaks who smiled smiled smiled ?
SRC	have our newts who haven't giggled changed ?	haven't our newts who giggled changed ?
SRC	has the salamander who hasn't giggled slept ?	hasn't the salamander who giggled slept ?
SRC	has our yak who hasn't giggled read ?	hasn't our yak who giggled read ?
SRC	hasn't our xylophone who has read read ?	hasn't our xylophone who read read ?
SRC	hasn't some orangutan that has amused our unicorns changed ?	has some orangutan that amused our unicorns hasn't changed ?
SRC	has my vulture who hasn't accepted your zebra slept ?	hasn't my vulture who your zebra zebra has slept ?
SRC	haven't my orangutans who have giggled applauded some vultures ?	have my orangutans who haven't applauded some vultures ? ?
SRC	haven't my xylophones that her quails have remembered smiled ?	have my xylophones that her quails remembered haven't smiled ?
SRC	have your walruses that haven't remembered the ravens smiled ?	haven't your walruses that remembered the ravens have smiled ?
SRC	hasn't some salamander who has eaten read ?	has some salamander who eaten eaten ?
SRC	haven't some xylophones that have swum changed ?	have some xylophones that swum changed ?
SRC	haven't your unicorns who have changed read ?	have your unicorns who changed read ?
SRC	hasn't some zebra who has smiled changed ?	hasn't some zebra who smiled changed changed ?
SRC	have her unicorns who haven't smiled changed ?	haven't her unicorns who smiled changed changed ?
SRC	haven't some vultures that have changed amused my unicorn upon your orangutans ?	have some vultures that changed amused my unicorn upon your orangutans ? ?
SRC	have her orangutans that haven't waited confused our quails around our yaks ?	haven't her orangutans that waited waited confused our quails around our yaks ?
SRC	haven't some ravens that have smiled confused my raven above some orangutans ?	have some ravens that smiled smiled confused my raven above some orangutans ?
SRC	haven't your tyrannosauruses who have slept comforted the salamander above your quails ?	have your tyrannosauruses who slept comforted the salamander above your quails ? ?
SRC	have some zebras that haven't moved applauded her unicorns above your raven ?	haven't some zebras that moved moved applauded her unicorns above your raven ?
SRC	haven't your unicorns that the orangutans have remembered admired your peacock behind our salamanders ?	have your unicorns that the orangutans remembered admired your peacock behind our salamanders ?
SRC	has your yak who hasn't admired her vulture applauded her zebra below our unicorn ?	hasn't your yak who her vulture her applauded her zebra below our unicorn ?
SRC	has some unicorn that our salamander hasn't comforted accepted her salamander below my newt ?	hasn't some unicorn that our salamander comforted her salamander accepted her newt below my newt ?
SRC	haven't the vultures who your orangutans have accepted remembered your zebras near the orangutans ?	have the vultures who your orangutans accepted haven't remembered your zebras near the orangutans ?
SRC	has your peacock that your yak hasn't admired annoyed your quail with her yak ?	hasn't your peacock that your yak admired has annoyed your quail with her yak ?
SRC	haven't our unicorns who have read read ?	have our unicorns who have read read ?
SRC	haven't her quails that have slept changed ?	have her quails that have changed changed ?
SRC	has your salamander who hasn't smiled swum ?	hasn't your salamander who smiled swum ?
SRC	has the newt who hasn't smiled changed ?	hasn't the newt who smiled changed changed ?
SRC	has our yak that hasn't eaten waited ?	hasn't our yak that eaten eaten ?
SRC	has your peacock that hasn't swum changed ?	hasn't your peacock that swum changed changed ?
SRC	hasn't her yak who has read waited ?	hasn't her yak who read waited waited ?
SRC	has your zebra that hasn't giggled eaten ?	hasn't your zebra that giggled eaten ?
SRC	has your orangutan who hasn't smiled eaten ?	hasn't your orangutan who smiled eaten ?
SRC	haven't some tyrannosauruses who have giggled giggled ?	have some tyrannosauruses who giggled giggled giggled ?
SRC	haven't some quails who my quails have annoyed moved ?	have some quails who my quails annoyed moved ? ?
SRC	haven't our unicorns that the peacocks have comforted giggled ?	have our unicorns that the peacocks comforted haven't giggled ?
SRC	haven't the xylophones that her peacocks have applauded slept ?	have the xylophones that her peacocks applauded haven't slept ?
SRC	haven't her ravens that have entertained your newt giggled ?	have her ravens that your entertained your giggled ? ?
SRC	hasn't our tyrannosaurus that has annoyed my quail giggled ?	has our tyrannosaurus that annoyed my quail hasn't giggled ?
SRC	hasn't my tyrannosaurus that has eaten remembered my peacocks ?	has my tyrannosaurus that eaten eaten remembered my peacocks ?
SRC	haven't your vultures who some quails have confused giggled ?	have your vultures who some quails confused haven't giggled ?
SRC	haven't some walruses that have moved applauded our vulture ?	have some walruses that haven't applauded our vulture our vulture ?
SRC	have the walruses that haven't changed remembered the ravens ?	haven't the walruses that changed remembered the ravens ? ?
SRC	have some walruses who haven't amused the salamander giggled ?	haven't some walruses who amused the salamander have giggled ?
SRC	has some yak that hasn't waited changed ?	hasn't some yak that has changed changed ?
SRC	has the xylophone that hasn't eaten swum ?	hasn't the xylophone that eaten eaten ?
SRC	hasn't the peacock who has moved waited ?	hasn't the peacock who moved moved ?
SRC	hasn't our salamander that has waited swum ?	hasn't our salamander that waited waited swum ?
SRC	hasn't my salamander who has swum eaten ?	has my salamander who swum eaten ?
SRC	hasn't your salamander who the vulture has remembered entertained her newts ?	has your salamander who the vulture remembered entertained her newts ? ?
SRC	hasn't my xylophone that her salamander has applauded comforted my tyrannosaurus ?	has my xylophone that her salamander applauded my tyrannosaurus comforted my tyrannosaurus ?
SRC	has the vulture that hasn't applauded my peacock amused my orangutan ?	hasn't the vulture that applauded my peacock has amused my orangutan ?
SRC	have our orangutans that my orangutans haven't annoyed amused my walrus ?	haven't our orangutans that my orangutans annoyed amused my walrus ? ?
SRC	hasn't her vulture who her newt has accepted comforted my raven ?	has her vulture who her newt accepted hasn't comforted my raven ?
SRC	have your unicorns who haven't smiled moved ?	haven't your unicorns who smiled moved ?
SRC	haven't some newts that have swum slept ?	have some newts that swum slept ?
SRC	has your peacock that hasn't moved slept ?	hasn't your peacock that moved ? slept ?
SRC	hasn't some xylophone who has changed read ?	has some xylophone who changed read ?
SRC	has your walrus that hasn't swum slept ?	hasn't your walrus that swum slept ?
SRC	has your vulture that hasn't applauded the xylophones waited ?	hasn't your vulture that applauded the xylophones has waited ?
SRC	haven't the xylophones that her vultures have accepted waited ?	have the xylophones that her vultures accepted haven't waited ?
SRC	has your peacock who our salamander hasn't comforted swum ?	hasn't your peacock who our salamander comforted swum ?
SRC	haven't her tyrannosauruses who have remembered my newts swum ?	have her tyrannosauruses who have my newts swum ?
SRC	has our zebra who the quail hasn't amused giggled ?	hasn't our zebra who the quail amused has giggled ?
SRC	have your zebras who haven't waited applauded the newt ?	haven't your zebras who have applauded the newt ? ?
SRC	hasn't our unicorn who has remembered her peacock changed ?	has our unicorn who remembered her peacock hasn't changed ?
SRC	has your raven who her vulture hasn't annoyed read ?	hasn't your raven who her vulture annoyed has read ?
SRC	has her walrus who hasn't remembered our yaks waited ?	hasn't her walrus who our yaks our has waited ?
SRC	have my salamanders who haven't swum applauded the yak ?	haven't my salamanders who swum applauded applauded the yak ?
SRC	has my raven that hasn't changed confused my peacock behind her walruses ?	hasn't my raven that changed confused my peacock behind her walruses ? ?
SRC	have my unicorns who haven't moved applauded her raven upon her quails ?	haven't my unicorns who moved moved applauded her raven upon her quails ?
SRC	has the unicorn who hasn't read comforted the xylophones by the orangutans ?	hasn't the unicorn who has comforted the xylophones by the orangutans by the orangutans
SRC	has her raven that hasn't waited comforted her unicorn behind your salamander ?	hasn't her raven that has comforted her unicorn behind your salamander ? ?
SRC	have our orangutans who haven't waited comforted some xylophones around my peacocks ?	haven't our orangutans who have comforted some xylophones around my peacocks around my ?
SRC	has some newt who hasn't moved moved ?	hasn't some newt who moved moved ?
SRC	hasn't some raven that has waited changed ?	hasn't some raven that hasn't changed changed ?
SRC	have our ravens who haven't eaten slept ?	haven't our ravens who eaten eaten ?
SRC	has our quail who hasn't smiled swum ?	hasn't our quail who smiled swum ?
SRC	haven't our vultures who have swum giggled ?	have our vultures who have giggled giggled ?
SRC	has her zebra who hasn't amused our ravens entertained your xylophone below your peacock ?	hasn't her zebra who our amused our has entertained your xylophone below your peacock ?
SRC	hasn't the unicorn that has admired some yaks entertained some peacocks below your peacocks ?	has the unicorn that some yaks some yaks entertained some peacocks below your peacocks ?
SRC	have her orangutans who haven't accepted the yak annoyed the xylophone with our raven ?	haven't her orangutans who the accepted the annoyed the annoyed the xylophone with our raven ?
SRC	haven't her salamanders who her ravens have applauded amused my walrus with her zebras ?	have her salamanders who her ravens applauded amused my walrus with her zebras ?
SRC	has your vulture that hasn't remembered the yaks amused your vulture with her zebra ?	hasn't your vulture that remembered the yaks has amused your vulture with her zebra ?
SRC	hasn't your salamander who has annoyed my vulture smiled ?	has your salamander who annoyed my vulture hasn't smiled ?
SRC	have the yaks who haven't swum remembered our walrus ?	haven't the yaks who have remembered our walrus ? ?
SRC	has our unicorn that hasn't comforted some peacocks waited ?	hasn't our unicorn that comforted some peacocks waited ? ?
SRC	hasn't our quail that her quail has entertained eaten ?	has our quail that her quail entertained hasn't eaten ?
SRC	have your salamanders that her yaks haven't accepted giggled ?	haven't your salamanders that her yaks accepted have giggled ?
SRC	hasn't your vulture who has admired the salamander accepted your salamanders ?	has your vulture who the admired the salamander accepted your salamanders ?
SRC	has our yak that some salamander hasn't confused accepted some ravens ?	hasn't our yak that some salamander confused has accepted some ravens ?
SRC	have the quails that haven't amused some yak annoyed the unicorns ?	haven't the quails that amused some yak have annoyed the unicorns ?
SRC	has the orangutan that hasn't admired some peacock entertained the salamander ?	hasn't the orangutan that some peacock some peacock entertained the salamander ?
SRC	hasn't my orangutan who the unicorn has admired accepted her yak ?	has my orangutan who the unicorn admired hasn't accepted her yak ?
SRC	has my newt that her orangutan hasn't confused accepted some unicorns behind some tyrannosaurus ?	hasn't my newt that her orangutan confused has accepted some unicorns behind some tyrannosaurus ?
SRC	haven't some peacocks that our tyrannosauruses have applauded admired the yaks near my vultures ?	have some peacocks that our tyrannosauruses applauded the admired the yaks near my vultures ?
SRC	have your xylophones who haven't comforted our quail confused our walruses upon my ravens ?	haven't your xylophones who our comforted our quail have confused our walruses upon my ravens ?
SRC	haven't the zebras that some newts have entertained entertained her unicorns behind our walruses ?	have the zebras that some newts entertained haven't entertained her unicorns behind our walruses ?
SRC	have the unicorns that the peacocks haven't annoyed confused our orangutan with the walrus ?	haven't the unicorns that the peacocks annoyed our confused our orangutan with the walrus ?
SRC	has your peacock that hasn't slept confused my peacocks above the yaks ?	hasn't your peacock that slept confused my peacocks above the yaks above ?
SRC	hasn't your raven that has slept amused her yaks by the unicorns ?	hasn't your raven that slept amused her yaks by the unicorns ? ?
SRC	hasn't some walrus that has smiled comforted some ravens below the tyrannosauruses ?	hasn't some walrus that smiled smiled comforted some ravens below the tyrannosauruses ?
SRC	have your unicorns who haven't changed comforted our salamander by her unicorns ?	haven't your unicorns who changed comforted our salamander by her salamander ? ?
SRC	have my peacocks who haven't smiled admired some salamanders above the yaks ?	haven't my peacocks who have admired some salamanders above the yaks above ?
SRC	haven't some zebras that her walruses have annoyed read ?	have some zebras that her walruses annoyed haven't read ?
SRC	hasn't her unicorn who her yak has comforted swum ?	has her unicorn who her yak comforted swum ?
SRC	has the yak who your quail hasn't applauded changed ?	hasn't the yak who your quail applauded has changed ?
SRC	have our zebras who haven't annoyed our raven giggled ?	haven't our zebras who our raven raven have giggled ?
SRC	haven't our tyrannosauruses that your tyrannosauruses have accepted eaten ?	have our tyrannosauruses that your tyrannosauruses accepted haven't eaten ?
SRC	hasn't my quail that has read eaten ?	has my quail that read read ?
SRC	hasn't her quail who has slept read ?	hasn't her quail who slept read ?
SRC	haven't my yaks who have eaten slept ?	have my yaks who eaten eaten ?
SRC	haven't her vultures that have eaten swum ?	have her vultures that eaten eaten ?
SRC	hasn't some xylophone who has smiled giggled ?	hasn't some xylophone who smiled giggled ?
SRC	has our salamander that hasn't admired our tyrannosaurus confused your newts by our newts ?	hasn't our salamander that admired our tyrannosaurus has confused your newts by our newts ?
SRC	haven't the vultures who have comforted her orangutans comforted our xylophones around the orangutans ?	have the vultures who comforted her orangutans haven't comforted our xylophones around the orangutans ?
SRC	haven't some ravens that some peacocks have applauded remembered your yaks above her zebras ?	have some ravens that some peacocks applauded your remembered your yaks above her zebras ?
SRC	has your yak that our tyrannosaurus hasn't admired comforted my newts around the zebra ?	hasn't your yak that our tyrannosaurus admired my newts comforted my zebra around the zebra ?
SRC	have some unicorns who our peacocks haven't accepted annoyed my salamander upon our newts ?	haven't some unicorns who our peacocks accepted have annoyed my salamander upon our newts ?
SRC	hasn't our zebra that has admired some peacock moved ?	has our zebra that some peacock admired hasn't moved ?
SRC	hasn't our tyrannosaurus that has applauded our peacocks smiled ?	has our tyrannosaurus that applauded our peacocks hasn't smiled ?
SRC	have the walruses that haven't giggled admired your newt ?	haven't the walruses that giggled admired your newt ? ?
SRC	have my peacocks that our tyrannosauruses haven't confused eaten ?	haven't my peacocks that our tyrannosauruses confused have eaten ?
SRC	have some walruses that haven't entertained her quail smiled ?	haven't some walruses that her entertained her smiled ? ?
SRC	has her vulture that hasn't eaten admired her newt ?	hasn't her vulture that eaten eaten admired her newt ?
SRC	has some raven that her peacock hasn't confused eaten ?	hasn't some raven that her peacock confused has eaten ?
SRC	have our yaks who haven't amused my zebra moved ?	haven't our yaks who my zebra my zebra moved ?
SRC	have her xylophones that our orangutans haven't admired waited ?	haven't her xylophones that our orangutans admired have waited ?
SRC	has her peacock who hasn't comforted your peacocks waited ?	hasn't her peacock who your peacocks your waited ? ?
SRC	have the tyrannosauruses that haven't comforted my vultures remembered some newt ?	haven't the tyrannosauruses that comforted my vultures remembered some newt ? ?
SRC	have my quails who her yaks haven't comforted accepted her xylophones ?	haven't my quails who her yaks comforted accepted her xylophones ? ?
SRC	haven't my tyrannosauruses that our vultures have annoyed admired some yak ?	have my tyrannosauruses that our vultures annoyed admired some yak admired ?
SRC	has some zebra that hasn't accepted our orangutan comforted my peacock ?	hasn't some zebra that accepted our orangutan has comforted my peacock ?
SRC	has our zebra that our quail hasn't remembered admired your xylophone ?	hasn't our zebra that our quail remembered admired your xylophone ? ?
SRC	have our newts that some walruses haven't applauded annoyed your xylophones ?	haven't our newts that some walruses applauded annoyed your xylophones ? ?
SRC	hasn't your vulture who has entertained some tyrannosauruses amused some walruses ?	has your vulture who some tyrannosauruses some tyrannosauruses hasn't amused some walruses ?
SRC	hasn't your xylophone who has remembered the newts admired our newts ?	has your xylophone who remembered the newts admired our newts admired ?
SRC	haven't her peacocks who your xylophones have amused remembered our tyrannosauruses ?	have her peacocks who your xylophones amused haven't remembered our tyrannosauruses ?
SRC	haven't my salamanders that have applauded our yak applauded some walruses ?	have my salamanders that applauded our yak applauded some walruses ? ?
SRC	have my newts that haven't applauded her peacocks amused the orangutans with some vultures ?	haven't my newts that applauded her peacocks have amused the orangutans with some vultures ?
SRC	hasn't her tyrannosaurus who our quail has confused confused some tyrannosauruses above some zebra ?	has her tyrannosaurus who our quail confused confused some tyrannosauruses above some zebra ? ?
SRC	haven't some ravens that have confused our vulture entertained our orangutan around your tyrannosauruses ?	have some ravens that our vulture our vulture entertained our orangutan around your tyrannosauruses ?
SRC	have my salamanders who my tyrannosauruses haven't confused annoyed our salamanders above the unicorn ?	haven't my salamanders who my tyrannosauruses confused have annoyed our salamanders above the unicorn ?
SRC	have my newts who haven't amused her ravens amused our tyrannosauruses above the yak ?	haven't my newts who her amused her amused our tyrannosauruses above the yak ?
SRC	have our salamanders that haven't moved moved ?	haven't our salamanders that moved moved ?
SRC	has some zebra who hasn't waited slept ?	hasn't some zebra who waited waited ?
SRC	hasn't my unicorn who has eaten changed ?	has my unicorn who eaten eaten ?
SRC	hasn't my peacock who has eaten changed ?	has my peacock who eaten eaten ?
SRC	hasn't her quail who has giggled waited ?	hasn't her quail who giggled waited ?
SRC	hasn't my walrus that my newt has admired accepted some vultures near our xylophone ?	has my walrus that my newt admired some vultures some vultures near our xylophone ?
SRC	hasn't my vulture who has accepted my yaks entertained the orangutans below the xylophone ?	has my vulture who my yaks entertained hasn't entertained the orangutans below the xylophone ?
SRC	has my orangutan who hasn't confused your xylophones amused some walruses below our quails ?	hasn't my orangutan who your xylophones amused some has amused some quails below our quails ?
SRC	hasn't the quail who has confused your walruses amused her newt upon the orangutan ?	has the quail who your walruses your hasn't amused her newt upon the orangutan ?
SRC	has our salamander who my tyrannosaurus hasn't annoyed applauded your peacock with our walrus ?	hasn't our salamander who my tyrannosaurus annoyed has applauded your peacock with our walrus ?
SRC	haven't my newts who some tyrannosauruses have entertained read ?	have my newts who some tyrannosauruses entertained haven't read ?
SRC	have our vultures that haven't entertained the newt read ?	haven't our vultures that the entertained the newt ? ?
SRC	hasn't her walrus who the quail has admired read ?	has her walrus who the quail admired hasn't read ?
SRC	hasn't my salamander that has applauded her tyrannosaurus waited ?	has my salamander that applauded her tyrannosaurus hasn't waited ?
SRC	hasn't her salamander who has admired your walruses swum ?	has her salamander who your walruses admired hasn't swum ?
SRC	has your xylophone who hasn't remembered some salamanders swum ?	hasn't your xylophone who some salamanders has swum ?
SRC	has some vulture that the salamander hasn't comforted moved ?	hasn't some vulture that the salamander comforted has moved ?
SRC	have some peacocks that some unicorns haven't admired moved ?	haven't some peacocks that some unicorns admired admired ? ?
SRC	hasn't the newt who has applauded the raven slept ?	has the newt who applauded the raven hasn't slept ?
SRC	hasn't her quail who has moved comforted my zebra ?	hasn't her quail who moved moved comforted my zebra ?
SRC	has the salamander who hasn't read accepted my newts ?	hasn't the salamander who has accepted my newts ? ?
SRC	have some walruses that the peacocks haven't annoyed swum ?	haven't some walruses that the peacocks annoyed swum ? ?
SRC	haven't your walruses who my walruses have annoyed slept ?	have your walruses who my walruses annoyed haven't slept ?
SRC	haven't her xylophones who have moved remembered some tyrannosauruses ?	have her xylophones who haven't remembered some tyrannosauruses ? ?
SRC	have the salamanders that haven't smiled confused her zebra ?	haven't the salamanders that smiled smiled her zebra ? ?
SRC	haven't the ravens who have smiled read ?	have the ravens who smiled smiled read ?
SRC	hasn't her walrus that has moved waited ?	hasn't her walrus that moved moved ?
SRC	have my xylophones that haven't waited waited ?	haven't my xylophones that have waited waited ?
SRC	haven't some zebras that have slept moved ?	have some zebras that haven't moved ?
SRC	hasn't our salamander that has moved read ?	has our salamander that moved moved ?
SRC	have our newts that haven't entertained her walruses changed ?	haven't our newts that her entertained her changed ? ?
SRC	hasn't the zebra who the peacock has admired smiled ?	has the zebra who the peacock admired hasn't smiled ?
SRC	has your unicorn that hasn't applauded your tyrannosauruses read ?	hasn't your unicorn that applauded your tyrannosauruses has read ?
SRC	hasn't your zebra who has admired our unicorns swum ?	has your zebra who our admired our unicorns swum ?
SRC	hasn't my salamander who our zebra has comforted moved ?	has my salamander who our zebra comforted hasn't moved ?
SRC	haven't our vultures that have slept waited ?	have our vultures that have waited waited ?
SRC	have my quails who haven't changed changed ?	haven't my quails who changed changed changed ?
SRC	hasn't your unicorn who has eaten waited ?	hasn't your unicorn who eaten eaten ?
SRC	has our zebra who hasn't changed smiled ?	hasn't our zebra who changed smiled ?
SRC	hasn't the zebra who has slept slept ?	hasn't the zebra who slept slept ?
SRC	have the yaks that haven't amused the zebra moved ?	haven't the yaks that amused the zebra moved ? ?
SRC	have the vultures that haven't remembered our salamanders slept ?	haven't the vultures that our salamanders our salamanders slept ?
SRC	haven't her yaks that our tyrannosauruses have annoyed read ?	have her yaks that our tyrannosauruses annoyed haven't read ?
SRC	have my orangutans that my quails haven't admired read ?	haven't my orangutans that my quails admired admired ? ?
SRC	haven't my unicorns that our orangutans have applauded smiled ?	have my unicorns that our orangutans applauded smiled ? ?
SRC	has the quail who hasn't remembered your raven moved ?	hasn't the quail who your remembered your raven moved ?
SRC	haven't some peacocks who my zebras have entertained smiled ?	have some peacocks who my zebras entertained haven't smiled ?
SRC	have my vultures that her orangutans haven't confused swum ?	haven't my vultures that her orangutans confused have swum ?
SRC	haven't my unicorns who have accepted your xylophones eaten ?	have my unicorns who your xylophones accepted haven't eaten ?
SRC	has some peacock who some orangutan hasn't applauded changed ?	hasn't some peacock who some orangutan applauded changed ? ?
SRC	have some unicorns that haven't accepted her newts applauded my vultures ?	haven't some unicorns that accepted her newts have applauded my vultures ?
SRC	hasn't your zebra that my orangutan has amused remembered your xylophones ?	has your zebra that my orangutan amused hasn't remembered your xylophones ?
SRC	hasn't some zebra who some walrus has annoyed applauded your ravens ?	has some zebra who some walrus annoyed hasn't applauded your ravens ?
SRC	has some orangutan that the xylophone hasn't applauded amused your salamander ?	hasn't some orangutan that the xylophone applauded amused your salamander ? ?
SRC	hasn't our salamander who has admired the walruses amused my yak ?	has our salamander who the admired the walruses hasn't amused my yak ?
SRC	has some quail who hasn't giggled smiled ?	hasn't some quail who giggled smiled ?
SRC	hasn't her unicorn who has read waited ?	hasn't her unicorn who read waited waited ?
SRC	haven't your peacocks who have changed slept ?	have your peacocks who changed slept ?
SRC	have the yaks who haven't eaten slept ?	haven't the yaks who eaten eaten ?
SRC	has your walrus who hasn't changed swum ?	hasn't your walrus who changed swum ?
SRC	hasn't the raven that has remembered your ravens read ?	has the raven that remembered your ravens read ? ?
SRC	have her yaks who some orangutans haven't comforted slept ?	haven't her yaks who some orangutans comforted slept ? ?
SRC	have her tyrannosauruses that some ravens haven't applauded smiled ?	haven't her tyrannosauruses that some ravens applauded applauded smiled ?
SRC	haven't our tyrannosauruses that have comforted our unicorn eaten ?	have our tyrannosauruses that comforted our unicorn eaten ?
SRC	haven't your ravens that have comforted your peacocks waited ?	have your ravens that comforted your peacocks waited ? ?
SRC	hasn't our raven who has accepted the ravens waited ?	has our raven who the accepted the waited ? ?
SRC	hasn't my raven that my salamander has amused changed ?	has my raven that my salamander amused hasn't changed ?
SRC	have your orangutans who her ravens haven't applauded smiled ?	haven't your orangutans who her ravens applauded smiled ? ?
SRC	hasn't her orangutan who your xylophone has accepted changed ?	has her orangutan who your xylophone accepted hasn't changed ?
SRC	haven't the quails that have entertained some tyrannosaurus giggled ?	have the quails that some entertained some giggled ? ?
SRC	have our vultures that her quails haven't annoyed read ?	haven't our vultures that her quails annoyed have read ?
SRC	have her walruses who haven't comforted some walruses slept ?	haven't her walruses who some walruses some slept ? ?
SRC	have your tyrannosauruses who haven't confused some yak giggled ?	haven't your tyrannosauruses who some yak have giggled ? ?
SRC	haven't our ravens who have applauded the yaks swum ?	have our ravens who applauded the yaks swum ?
SRC	hasn't the unicorn that our peacock has remembered giggled ?	has the unicorn that our peacock remembered hasn't giggled ?
SRC	have your vultures who your peacocks haven't admired entertained her tyrannosauruses around my zebras ?	haven't your vultures who your peacocks admired her tyrannosauruses entertained her tyrannosauruses around my zebras ?
SRC	haven't our newts who her zebras have entertained annoyed your yaks by the ravens ?	have our newts who her zebras entertained haven't annoyed your yaks by the ravens ?
SRC	has some salamander that hasn't comforted our newts admired your unicorns by her ravens ?	hasn't some salamander that our comforted our newts has admired your ravens by her ravens ?
SRC	has your salamander who the tyrannosaurus hasn't confused annoyed our salamanders above her salamanders ?	hasn't your salamander who the tyrannosaurus confused has annoyed our salamanders above her salamanders ?
SRC	haven't her ravens that have confused her raven entertained our yaks behind my yak ?	have her ravens that her confused her entertained our yaks behind my yak ?
SRC	have her peacocks who haven't comforted some salamanders eaten ?	haven't her peacocks who some salamanders comforted eaten ?
SRC	haven't some peacocks that her peacocks have remembered changed ?	have some peacocks that her peacocks remembered haven't changed ?
SRC	has my salamander that hasn't entertained the unicorns eaten ?	hasn't my salamander that hasn't the unicorns eaten ?
SRC	hasn't some quail that the zebra has confused changed ?	has some quail that the zebra confused hasn't changed ?
SRC	haven't our walruses who have confused our orangutans giggled ?	have our walruses who our orangutans confused haven't giggled ?
SRC	have the quails who her quails haven't remembered read ?	haven't the quails who her quails remembered have read ?
SRC	has the orangutan who my xylophone hasn't remembered giggled ?	hasn't the orangutan who my xylophone remembered has giggled ?
SRC	has your yak that our raven hasn't confused swum ?	hasn't your yak that our raven confused has swum ?
SRC	have some orangutans that some xylophones haven't annoyed giggled ?	haven't some orangutans that some xylophones annoyed have giggled ?
SRC	haven't my walruses that have moved admired my walruses ?	have my walruses that haven't admired my walruses ? ?
SRC	hasn't our unicorn who has slept remembered your salamanders ?	hasn't our unicorn who slept remembered your salamanders ? ?
SRC	have our yaks that your orangutans haven't confused waited ?	haven't our yaks that your orangutans confused have waited ?
SRC	has my newt that her newt hasn't amused moved ?	hasn't my newt that her newt amused has moved ?
SRC	has some peacock that hasn't swum admired my zebra ?	hasn't some peacock that swum admired my zebra ? ?
SRC	haven't her ravens who have slept applauded our yaks ?	have her ravens who slept applauded applauded our yaks ?
SRC	hasn't the xylophone that has confused your tyrannosauruses read ?	has the xylophone that your tyrannosauruses hasn't read ? ?
SRC	hasn't my quail that has accepted her tyrannosaurus waited ?	has my quail that accepted her tyrannosaurus hasn't waited ?
SRC	has the zebra that some quail hasn't remembered moved ?	hasn't the zebra that some quail remembered has moved ?
SRC	has the quail who hasn't comforted our salamanders giggled ?	hasn't the quail who our salamanders our giggled ? ?
SRC	hasn't some newt who her walrus has accepted swum ?	has some newt who her walrus accepted hasn't swum ?
SRC	has her raven that hasn't moved accepted some vulture around the unicorns ?	hasn't her raven that moved has accepted some vulture around the unicorns ?
SRC	has our walrus that hasn't waited applauded some orangutan below some vultures ?	hasn't our walrus that waited waited applauded some orangutan below some vultures ?
SRC	haven't her tyrannosauruses who have eaten accepted our xylophone upon our peacocks ?	have her tyrannosauruses who eaten eaten accepted our xylophone upon our peacocks ?
SRC	have my quails who haven't waited entertained some quails around her walruses ?	haven't my quails who have entertained some quails around her walruses around ?
SRC	has some salamander that hasn't eaten applauded her walruses upon our unicorn ?	hasn't some salamander that eaten eaten applauded her walruses upon our unicorn ?
SRC	haven't your walruses that have accepted our peacock moved ?	have your walruses that accepted our peacock moved ? ?
SRC	haven't the salamanders who have entertained her salamanders eaten ?	have the salamanders who her entertained her eaten ?
SRC	hasn't our xylophone that some tyrannosaurus has entertained eaten ?	has our xylophone that some tyrannosaurus entertained hasn't eaten ?
SRC	hasn't your yak who has applauded my vulture slept ?	has your yak who applauded my vulture hasn't slept ?
SRC	hasn't your orangutan who has applauded the unicorns slept ?	has your orangutan who applauded the unicorns slept ? ?
SRC	has our zebra that hasn't annoyed her peacocks remembered my peacock near our unicorns ?	hasn't our zebra that annoyed her peacocks has remembered my peacock near our unicorns ?
SRC	has my newt who my newt hasn't comforted amused some unicorns behind your orangutan ?	hasn't my newt who my newt comforted amused some unicorns behind your orangutan behind your orangutan
SRC	hasn't our vulture who has accepted our zebras entertained our tyrannosauruses behind some tyrannosauruses ?	has our vulture who our zebras our hasn't entertained our tyrannosauruses behind some tyrannosauruses ?
SRC	haven't the ravens who have remembered some yak confused the salamander upon my zebra ?	have the ravens who have some yak confused the salamander upon my zebra ?
SRC	haven't my salamanders that have amused your yak confused my unicorns above my orangutans ?	have my salamanders that amused your yak confused my unicorns above my orangutans ?
SRC	hasn't our raven that has accepted my quails slept ?	has our raven that accepted my quails hasn't slept ?
SRC	hasn't our xylophone who her raven has comforted eaten ?	has our xylophone who her raven comforted eaten ?
SRC	hasn't her raven who has entertained the vulture slept ?	has her raven who the entertained the vulture slept ?
SRC	has our quail who hasn't moved confused her yak ?	hasn't our quail who moved moved her yak ?
SRC	haven't our ravens who our orangutans have accepted waited ?	have our ravens who our orangutans accepted haven't waited ?
SRC	haven't the zebras who have applauded my orangutan moved ?	have the zebras who applauded my orangutan moved ?
SRC	haven't your xylophones who have entertained some vultures smiled ?	have your xylophones who some entertained some smiled ?
SRC	have our salamanders who haven't read annoyed some unicorns ?	haven't our salamanders who read annoyed some unicorns ?
SRC	has my yak who hasn't accepted your peacock eaten ?	hasn't my yak who your peacock has eaten ?
SRC	has my newt who hasn't waited applauded some yak ?	hasn't my newt who has applauded some yak ?
SRC	haven't your tyrannosauruses that have changed amused our zebras ?	have your tyrannosauruses that have amused our zebras ? ?
SRC	hasn't our raven who my raven has remembered moved ?	has our raven who my raven remembered hasn't moved ?
SRC	hasn't our tyrannosaurus who her salamander has amused moved ?	has our tyrannosaurus who her salamander amused hasn't moved ?
SRC	has some yak that hasn't swum annoyed some zebra ?	hasn't some yak that swum annoyed some zebra ? ?
SRC	has some peacock that our unicorn hasn't annoyed read ?	hasn't some peacock that our unicorn annoyed has read ?
SRC	has the walrus who some quail hasn't accepted admired some yak above some vulture ?	hasn't the walrus who some quail accepted some has admired some vulture above some vulture ?
SRC	haven't our quails that the xylophones have confused comforted my salamanders behind her orangutans ?	have our quails that the xylophones confused my comforted my salamanders behind her orangutans ?
SRC	has my walrus that hasn't applauded some walruses comforted the quail above the walrus ?	hasn't my walrus that applauded some walruses has comforted the quail above the walrus ?
SRC	hasn't my unicorn who has amused her orangutan amused my vulture below some vultures ?	has my unicorn who her amused her amused my vulture below some vultures below some vultures
SRC	haven't her quails that have amused my tyrannosaurus comforted the zebras upon my newt ?	have her quails that have amused my tyrannosaurus comforted the zebras upon my newt ?
SRC	have some zebras who the unicorns haven't amused giggled ?	haven't some zebras who the unicorns amused have giggled ?
SRC	has our tyrannosaurus that hasn't annoyed some raven waited ?	hasn't our tyrannosaurus that some raven has waited ?
SRC	hasn't her tyrannosaurus who your yak has comforted waited ?	has her tyrannosaurus who your yak comforted hasn't waited ?
SRC	hasn't our peacock who has smiled comforted her zebra ?	hasn't our peacock who smiled comforted comforted her zebra ?
SRC	has our orangutan that my tyrannosaurus hasn't entertained smiled ?	hasn't our orangutan that my tyrannosaurus entertained has smiled ?
SRC	has some peacock that hasn't waited read ?	hasn't some peacock that waited waited ?
SRC	hasn't the orangutan that has waited read ?	hasn't the orangutan that waited waited ?
SRC	haven't some tyrannosauruses who have giggled moved ?	have some tyrannosauruses who giggled moved ?
SRC	hasn't her walrus that has smiled eaten ?	hasn't her walrus that smiled smiled eaten ?
SRC	haven't our newts that have swum waited ?	have our newts that swum waited waited ?
SRC	has her xylophone who hasn't applauded the salamander changed ?	hasn't her xylophone who applauded the salamander has changed ?
SRC	hasn't the peacock who has applauded her salamander smiled ?	has the peacock who applauded her salamander hasn't smiled ?
SRC	haven't our quails who your quails have applauded slept ?	have our quails who your quails applauded haven't slept ?
SRC	hasn't my newt that some quail has annoyed moved ?	has my newt that some quail annoyed hasn't moved ?
SRC	has your xylophone that some salamander hasn't confused moved ?	hasn't your xylophone that some salamander confused has moved ?
SRC	have our orangutans who haven't smiled admired her yaks with our peacock ?	haven't our orangutans who smiled admired her yaks with our yaks with ?
SRC	have the unicorns that haven't smiled admired the salamander above our unicorns ?	haven't the unicorns that smiled admired the salamander above our salamander ? ?
SRC	haven't some salamanders that have moved annoyed her walrus with her ravens ?	have some salamanders that moved moved annoyed her walrus with her ravens ?
SRC	have her ravens who haven't giggled confused my walrus near her tyrannosaurus ?	haven't her ravens who giggled confused my walrus near her tyrannosaurus near her ?
SRC	haven't her unicorns who have changed remembered some tyrannosaurus upon the salamander ?	have her unicorns who changed remembered some tyrannosaurus upon the salamander ? ?
SRC	have the orangutans who some orangutans haven't applauded smiled ?	haven't the orangutans who some orangutans applauded smiled ? ?
SRC	haven't some ravens who have smiled applauded our unicorn ?	have some ravens who smiled applauded our unicorn ? ?
SRC	has my salamander who hasn't applauded the tyrannosaurus giggled ?	hasn't my salamander who applauded the tyrannosaurus has giggled ?
SRC	has some zebra who hasn't amused your orangutans waited ?	hasn't some zebra who your amused your orangutans waited ?
SRC	has your peacock who the tyrannosaurus hasn't applauded smiled ?	hasn't your peacock who the tyrannosaurus applauded smiled ? ?
SRC	has some zebra that your xylophone hasn't admired smiled ?	hasn't some zebra that your xylophone admired has smiled ?
SRC	have the tyrannosauruses that haven't admired some vulture moved ?	haven't the tyrannosauruses that some vulture admired some moved ?
SRC	haven't the yaks that your orangutans have applauded waited ?	have the yaks that your orangutans applauded haven't waited ?
SRC	hasn't the orangutan who your newt has annoyed eaten ?	has the orangutan who your newt annoyed hasn't eaten ?
SRC	hasn't my quail who some zebra has applauded changed ?	has my quail who some zebra applauded hasn't changed ?
SRC	haven't my tyrannosauruses who the ravens have amused smiled ?	have my tyrannosauruses who the ravens amused haven't smiled ?
SRC	hasn't the zebra that our yak has entertained slept ?	has the zebra that our yak entertained hasn't slept ?
SRC	haven't your quails that have eaten admired your orangutan ?	have your quails that eaten eaten admired your orangutan ?
SRC	hasn't your vulture who my raven has confused smiled ?	has your vulture who my raven confused hasn't smiled ?
SRC	have your yaks that haven't entertained your orangutans waited ?	haven't your yaks that your entertained your waited ? ?
SRC	have her xylophones who haven't read applauded her peacock ?	haven't her xylophones who have applauded her peacock ? ?
SRC	have the newts who her unicorns haven't comforted read ?	haven't the newts who her unicorns comforted comforted read ?
SRC	haven't her peacocks that have applauded her tyrannosaurus moved ?	have her peacocks that applauded her tyrannosaurus moved ?
SRC	hasn't our yak that has applauded her xylophones swum ?	has our yak that applauded her xylophones hasn't swum ?
SRC	hasn't some quail that her vulture has entertained eaten ?	has some quail that her vulture entertained hasn't eaten ?
SRC	have your peacocks who haven't slept changed ?	haven't your peacocks who slept changed changed ?
SRC	has the salamander that hasn't eaten waited ?	hasn't the salamander that eaten eaten ?
SRC	has some salamander who hasn't waited eaten ?	hasn't some salamander who has eaten ?
SRC	haven't some zebras who have moved read ?	have some zebras who moved moved ?
SRC	haven't your unicorns who have swum read ?	have your unicorns who have read ?
SRC	have your unicorns that haven't entertained my vultures applauded the tyrannosaurus above my newts ?	haven't your unicorns that my entertained my vultures applauded the tyrannosaurus above my newts ?
SRC	hasn't the unicorn that your quail has confused confused the walruses above our salamander ?	has the unicorn that your quail confused confused the walruses above our salamander ? ?
SRC	hasn't her yak who some unicorn has admired amused the yaks near her xylophone ?	has her yak who some unicorn admired hasn't amused the yaks near her xylophone ?
SRC	has my unicorn that hasn't admired my yaks admired the unicorns near her zebras ?	hasn't my unicorn that admired my yaks has admired the unicorns near her zebras ?
SRC	have your vultures that my tyrannosauruses haven't confused admired the peacock by your tyrannosauruses ?	haven't your vultures that my tyrannosauruses confused have admired the peacock by your tyrannosauruses ?
SRC	has some peacock who hasn't moved smiled ?	hasn't some peacock who moved moved ?
SRC	hasn't some vulture who has giggled moved ?	hasn't some vulture who giggled moved ?
SRC	has my raven who hasn't eaten waited ?	hasn't my raven who eaten eaten ?
SRC	has the vulture who hasn't smiled giggled ?	hasn't the vulture who smiled giggled ?
SRC	have my unicorns that haven't giggled smiled ?	haven't my unicorns that giggled smiled ?
SRC	haven't her tyrannosauruses that our xylophones have accepted swum ?	have her tyrannosauruses that our xylophones accepted haven't swum ?
SRC	has her unicorn that the raven hasn't applauded moved ?	hasn't her unicorn that the raven applauded has moved ?
SRC	have the walruses that your orangutans haven't annoyed eaten ?	haven't the walruses that your orangutans annoyed have eaten ?
SRC	have your walruses that your vultures haven't comforted slept ?	haven't your walruses that your vultures comforted slept ? ?
SRC	have the xylophones that your quails haven't entertained swum ?	haven't the xylophones that your quails entertained have swum ?
SRC	has your vulture that hasn't applauded your orangutans entertained my quails near the walruses ?	hasn't your vulture that applauded your orangutans entertained my quails near the walruses ? ?
SRC	has my xylophone who hasn't amused some tyrannosaurus admired some salamanders behind your peacock ?	hasn't my xylophone who some amused some has admired some salamanders behind your peacock ?
SRC	hasn't some vulture that has comforted your vulture amused the orangutan with the vultures ?	has some vulture that comforted your vulture hasn't amused the orangutan with the vultures ?
SRC	has your quail that some raven hasn't accepted confused the xylophone above my peacocks ?	hasn't your quail that some raven accepted the has confused the peacocks above my peacocks ?
SRC	haven't our quails that some xylophones have remembered remembered my peacock upon your peacocks ?	have our quails that some xylophones remembered remembered my peacock upon your peacocks ?
SRC	hasn't my zebra who your walrus has remembered giggled ?	has my zebra who your walrus remembered hasn't giggled ?
SRC	has my walrus who my peacock hasn't applauded changed ?	hasn't my walrus who my peacock applauded has changed ?
SRC	haven't my orangutans that have slept remembered my xylophone ?	have my orangutans that haven't remembered my xylophone ? ?
SRC	hasn't my orangutan who her peacock has confused eaten ?	has my orangutan who her peacock confused hasn't eaten ?
SRC	have her zebras who the yaks haven't amused read ?	haven't her zebras who the yaks amused some read ?
SRC	hasn't my peacock who my newt has comforted remembered our quails with the raven ?	has my peacock who my newt comforted remembered our quails with the raven with ?
SRC	haven't some quails who your ravens have confused accepted the ravens by your unicorn ?	have some quails who your ravens confused accepted the ravens by your unicorn ?
SRC	has my unicorn who hasn't admired the ravens remembered your vulture by our walrus ?	hasn't my unicorn who the admired the ravens remembered your vulture by our walrus ?
SRC	hasn't my zebra that the yak has amused amused her xylophone below her xylophones ?	has my zebra that the yak amused hasn't amused her xylophone below her xylophones ?
SRC	haven't my walruses who her orangutans have comforted confused her vulture around our raven ?	have my walruses who her orangutans comforted confused her vulture around our raven around ?
SRC	has her unicorn who her peacock hasn't admired smiled ?	hasn't her unicorn who her peacock admired has smiled ?
SRC	hasn't your vulture that has annoyed your unicorns moved ?	has your vulture that annoyed your unicorns moved ? ?
SRC	has my vulture that my walrus hasn't admired read ?	hasn't my vulture that my walrus admired has read ?
SRC	have my xylophones that haven't amused some walruses eaten ?	haven't my xylophones that amused some walruses have eaten ?
SRC	haven't her orangutans who my walruses have amused eaten ?	have her orangutans who my walruses amused eaten ?
SRC	has your xylophone who hasn't remembered your walruses slept ?	hasn't your xylophone who your walruses your slept ? ?
SRC	have some quails that her ravens haven't amused eaten ?	haven't some quails that her ravens amused have eaten ?
SRC	have our newts that haven't entertained your walruses swum ?	haven't our newts that your walruses your swum ? ?
SRC	have your xylophones that some newts haven't confused waited ?	haven't your xylophones that some newts confused have waited ?
SRC	have the vultures who haven't smiled confused her peacocks ?	haven't the vultures who smiled confused her peacocks ? ?
SRC	hasn't our newt who has slept moved ?	hasn't our newt who slept moved ?
SRC	has some vulture that hasn't smiled smiled ?	hasn't some vulture that smiled smiled smiled ?
SRC	has some vulture that hasn't moved swum ?	hasn't some vulture that moved ? swum ?
SRC	hasn't her xylophone that has changed changed ?	has her xylophone that changed changed changed ?
SRC	hasn't our orangutan that has read moved ?	hasn't our orangutan that has moved ?
SRC	haven't the unicorns who have read comforted our walrus around some unicorns ?	have the unicorns who have comforted our walrus around some walrus around some unicorns
SRC	have my quails who haven't read amused my walruses with some peacock ?	haven't my quails who read amused my walruses with some walruses with ?
SRC	hasn't my walrus that has eaten amused my unicorns around my walruses ?	has my walrus that eaten eaten amused my unicorns around my walruses ?
SRC	haven't the walruses that have changed accepted some vultures around our peacocks ?	have the walruses that changed accepted some vultures around our peacocks around our ?
SRC	have some unicorns that haven't slept accepted her zebra with some newt ?	haven't some unicorns that slept accepted her zebra with some newt ? ?
SRC	have the xylophones that haven't entertained her salamander applauded the zebra ?	haven't the xylophones that her entertained her applauded the zebra ? ?
SRC	has my peacock that our peacock hasn't comforted admired some quail ?	hasn't my peacock that our peacock comforted some quail admired some quail ?
SRC	haven't her quails that the vultures have applauded accepted your quails ?	have her quails that the vultures applauded accepted your quails ? ?
SRC	have the tyrannosauruses that haven't admired your salamanders entertained some xylophone ?	haven't the tyrannosauruses that your salamanders admired some entertained some xylophone ?
SRC	has your newt who hasn't admired the raven amused some peacocks ?	hasn't your newt who the admired the has amused some peacocks ?
SRC	has some newt that hasn't changed waited ?	hasn't some newt that changed waited ?
SRC	haven't her zebras that have read swum ?	have her zebras that have swum ?
SRC	hasn't my quail that has moved changed ?	has my quail that moved moved ?
SRC	have some yaks that haven't changed read ?	haven't some yaks that changed changed read ?
SRC	haven't our ravens that have read waited ?	have our ravens that have waited waited ?
SRC	haven't your xylophones who some peacocks have remembered accepted my newt below your quail ?	have your xylophones who some peacocks remembered haven't accepted my newt below your quail ?
SRC	haven't your newts who my orangutans have accepted annoyed my newt above the walrus ?	have your newts who my orangutans accepted haven't annoyed my newt above the walrus ?
SRC	has some yak that hasn't confused some vultures accepted your newt near my raven ?	hasn't some yak that some confused some accepted your newt near my raven near my raven
SRC	has your xylophone that hasn't entertained the peacocks accepted my quails behind the quails ?	hasn't your xylophone that the entertained the has accepted my quails behind the quails ?
SRC	hasn't our unicorn that my walrus has comforted entertained your xylophone upon our unicorn ?	has our unicorn that my walrus comforted your entertained your xylophone upon our unicorn ?
SRC	has my zebra that some walrus hasn't applauded admired our unicorn behind some walrus ?	hasn't my zebra that some walrus applauded admired our unicorn behind some walrus ?
SRC	haven't the newts who our tyrannosauruses have amused confused the quail above her unicorn ?	have the newts who our tyrannosauruses amused confused the quail above her unicorn ?
SRC	has your walrus that hasn't entertained her tyrannosauruses admired her newts near my ravens ?	hasn't your walrus that her entertained her tyrannosauruses has admired her ravens near my ravens ?
SRC	has her unicorn who the salamander hasn't admired confused your zebras behind some newt ?	hasn't her unicorn who the salamander admired has confused your zebras behind some newt ?
SRC	hasn't my raven that your xylophone has comforted accepted my quails below your zebras ?	has my raven that your xylophone comforted my quails accepted my zebras below your zebras ?
SRC	has the yak that hasn't giggled entertained my raven ?	hasn't the yak that giggled entertained my raven ? ?
SRC	have our vultures who haven't comforted our salamander swum ?	haven't our vultures who our comforted our salamander swum ?
SRC	has our quail who hasn't accepted some salamander swum ?	hasn't our quail who some accepted some salamander swum ?
SRC	hasn't her peacock who the xylophone has remembered eaten ?	has her peacock who the xylophone remembered hasn't eaten ?
SRC	have the ravens who haven't amused our yak slept ?	haven't the ravens who our yak have slept ? ?
SRC	haven't our unicorns who have entertained your vultures smiled ?	have our unicorns who entertained your vultures smiled ? ?
SRC	hasn't my salamander who some orangutan has annoyed eaten ?	has my salamander who some orangutan annoyed hasn't eaten ?
SRC	hasn't some orangutan who has confused our ravens waited ?	has some orangutan who our ravens our ravens waited ?
SRC	has some zebra who hasn't amused my vulture giggled ?	hasn't some zebra who hasn't amused my giggled ? ?
SRC	has her newt who hasn't waited applauded your newts ?	hasn't her newt who has applauded your newts ? ?
SRC	have my salamanders who haven't annoyed my salamanders applauded the quail with my unicorns ?	haven't my salamanders who annoyed my salamanders have applauded the quail with my unicorns ?
SRC	haven't your zebras that have amused your vultures confused your quails below our tyrannosaurus ?	have your zebras that amused your vultures confused your quails below our tyrannosaurus ? ?
SRC	have your salamanders who our vultures haven't admired remembered my vulture by the salamander ?	haven't your salamanders who our vultures admired my remembered my vulture by the salamander ?
SRC	haven't your ravens who the orangutans have entertained confused my unicorns upon my xylophone ?	have your ravens who the orangutans entertained haven't confused my unicorns upon my xylophone ?
SRC	have my yaks who haven't remembered some peacock admired her unicorn with our walruses ?	haven't my yaks who some peacock some peacock admired her unicorn with our walruses ?
SRC	hasn't my raven that has changed smiled ?	has my raven that changed smiled ?
SRC	has the tyrannosaurus that hasn't eaten read ?	hasn't the tyrannosaurus that eaten eaten ?
SRC	hasn't her raven that has read waited ?	hasn't her raven that read waited waited ?
SRC	has her raven who hasn't slept giggled ?	hasn't her raven who has giggled ?
SRC	haven't your tyrannosauruses that have changed read ?	have your tyrannosauruses that have read ?
SRC	hasn't your unicorn who has slept confused your unicorns ?	hasn't your unicorn who slept confused your unicorns ? ?
SRC	hasn't some orangutan who some tyrannosaurus has annoyed slept ?	has some orangutan who some tyrannosaurus annoyed hasn't slept ?
SRC	has the quail that the peacock hasn't accepted read ?	hasn't the quail that the peacock accepted has read ?
SRC	hasn't your unicorn that has read accepted the tyrannosaurus ?	hasn't your unicorn that has accepted the tyrannosaurus ? ?
SRC	hasn't my salamander who has giggled remembered some yak ?	has my salamander who giggled remembered some yak ?
SRC	have some orangutans that haven't giggled entertained your salamander ?	haven't some orangutans that giggled entertained your salamander ? ?
SRC	hasn't our orangutan that has admired her vultures slept ?	has our orangutan that admired her vultures slept ? ?
SRC	have our unicorns that haven't applauded the quail changed ?	haven't our unicorns that applauded the quail have changed ?
SRC	has your walrus that your newt hasn't remembered slept ?	hasn't your walrus that your newt remembered has slept ?
SRC	haven't your xylophones that the tyrannosauruses have confused slept ?	have your xylophones that the tyrannosauruses confused haven't slept ?
SRC	has her vulture who our peacock hasn't entertained admired the newts by your vultures ?	hasn't her vulture who our peacock entertained has admired the newts by your vultures ?
SRC	has the orangutan that the xylophone hasn't accepted comforted the yaks near some vulture ?	hasn't the orangutan that the xylophone accepted the comforted the yaks near some vulture ?
SRC	hasn't your xylophone who has accepted her walrus entertained her vultures near your unicorn ?	has your xylophone who her accepted her entertained hasn't entertained her unicorn near your unicorn ?
SRC	hasn't your salamander that has accepted your salamander confused her peacocks with some vulture ?	has your salamander that accepted your salamander confused her peacocks with some vulture ?
SRC	hasn't your newt that has eaten admired her vulture by our xylophone ?	has your newt that eaten eaten admired her vulture by our xylophone ? ?
SRC	haven't her orangutans that her walruses have annoyed confused her newt ?	have her orangutans that her walruses annoyed haven't confused her newt ?
SRC	haven't her vultures who have admired some quail remembered the ravens ?	have her vultures who some admired some remembered the ravens ? ?
SRC	haven't the ravens who your salamanders have accepted applauded my unicorn ?	have the ravens who your salamanders accepted haven't applauded my unicorn ?
SRC	have our tyrannosauruses that your quails haven't admired applauded some tyrannosauruses ?	haven't our tyrannosauruses that your quails admired have applauded some tyrannosauruses ?
SRC	haven't her tyrannosauruses that have comforted her newts accepted the salamander ?	have her tyrannosauruses that comforted her newts haven't accepted the salamander ?
SRC	hasn't your salamander who has eaten changed ?	hasn't your salamander who eaten eaten ?
SRC	hasn't my zebra who has read waited ?	hasn't my zebra who read waited waited ?
SRC	haven't your tyrannosauruses that have slept moved ?	have your tyrannosauruses that have moved ?
SRC	hasn't the yak that has giggled slept ?	has the yak that giggled slept ?
SRC	have the quails who haven't smiled eaten ?	haven't the quails who smiled ? eaten ?
SRC	has some orangutan that hasn't admired her tyrannosaurus eaten ?	hasn't some orangutan that admired her tyrannosaurus has eaten ?
SRC	has your vulture that your orangutan hasn't entertained read ?	hasn't your vulture that your orangutan entertained has read ?
SRC	haven't my zebras that have applauded my ravens swum ?	have my zebras that applauded my ravens haven't swum ?
SRC	haven't your quails that some newts have applauded changed ?	have your quails that some newts applauded haven't changed ?
SRC	haven't her tyrannosauruses that have entertained my ravens swum ?	have her tyrannosauruses that my entertained my ravens swum ?
SRC	haven't some yaks who have annoyed the unicorn changed ?	have some yaks who the annoyed the changed ?
SRC	hasn't my peacock who has remembered the zebras changed ?	has my peacock who remembered the zebras hasn't changed ?
SRC	has her raven that our unicorn hasn't applauded slept ?	hasn't her raven that our unicorn applauded has slept ?
SRC	hasn't some quail who has moved comforted my orangutan ?	has some quail who moved moved comforted my orangutan ?
SRC	has some walrus who hasn't accepted the newt giggled ?	hasn't some walrus who the accepted the newt giggled ?
SRC	haven't your salamanders that the quails have applauded smiled ?	have your salamanders that the quails applauded applauded ? ?
SRC	haven't some xylophones who our orangutans have annoyed slept ?	have some xylophones who our orangutans annoyed haven't slept ?
SRC	has some newt that some salamander hasn't remembered swum ?	hasn't some newt that some salamander remembered swum ?
SRC	have the unicorns who your orangutans haven't confused smiled ?	haven't the unicorns who your orangutans confused have smiled ?
SRC	haven't my yaks who my quails have entertained swum ?	have my yaks who my quails entertained haven't swum ?
SRC	have your walruses that her xylophones haven't annoyed remembered some salamanders around my peacocks ?	haven't your walruses that her xylophones annoyed remembered some salamanders around my peacocks around my
SRC	has my orangutan who hasn't amused our zebra applauded our newt with our raven ?	hasn't my orangutan who our zebra our has applauded our newt with our raven ?
SRC	hasn't my orangutan who has applauded our orangutans admired our ravens near your peacocks ?	has my orangutan who our orangutans applauded our hasn't admired our peacocks near your peacocks ?
SRC	haven't your zebras who have amused some xylophone annoyed our salamanders upon my tyrannosauruses ?	have your zebras who some amused some annoyed our salamanders upon my tyrannosauruses ? ?
SRC	hasn't some newt that my xylophone has accepted entertained my orangutans behind our ravens ?	has some newt that my xylophone accepted hasn't entertained my orangutans behind our ravens ?
SRC	haven't her ravens who the vultures have remembered waited ?	have her ravens who the vultures remembered haven't waited ?
SRC	hasn't our salamander who has entertained some vulture giggled ?	has our salamander who some entertained some giggled ? ?
SRC	has our tyrannosaurus that hasn't admired your salamanders changed ?	hasn't our tyrannosaurus that your salamanders admired has changed ?
SRC	has the walrus who her walrus hasn't entertained read ?	hasn't the walrus who her walrus entertained has read ?
SRC	has your newt that the newt hasn't remembered waited ?	hasn't your newt that the newt remembered has waited ?
SRC	haven't the zebras who have applauded her xylophone admired her peacock below some walruses ?	have the zebras who applauded her xylophone haven't admired her peacock below some walruses ?
SRC	has some raven that the unicorn hasn't annoyed accepted our zebra near my unicorns ?	hasn't some raven that the unicorn annoyed has accepted our zebra near my unicorns ?
SRC	have your tyrannosauruses who haven't admired some xylophones amused our xylophone behind my yaks ?	haven't your tyrannosauruses who some xylophones some xylophones amused our xylophone behind my yaks ?
SRC	haven't some walruses who our zebras have comforted accepted her xylophones behind my tyrannosauruses ?	have some walruses who our zebras comforted accepted her xylophones behind my tyrannosauruses ?
SRC	haven't some tyrannosauruses who have admired your salamander amused some zebra above her ravens ?	have some tyrannosauruses who your admired your salamander amused some zebra above her ravens ?
SRC	haven't her yaks that have remembered some tyrannosauruses smiled ?	have her yaks that remembered some tyrannosauruses haven't smiled ?
SRC	haven't some ravens that have remembered our tyrannosaurus giggled ?	have some ravens that remembered our tyrannosaurus giggled ?
SRC	has my newt that her salamander hasn't accepted slept ?	hasn't my newt that her salamander accepted has slept ?
SRC	haven't your yaks that have swum confused our yak ?	have your yaks that swum confused our yak ?
SRC	hasn't my tyrannosaurus that your vulture has accepted smiled ?	has my tyrannosaurus that your vulture accepted hasn't smiled ?
SRC	hasn't my quail that has amused some salamander smiled ?	has my quail that amused some salamander hasn't smiled ?
SRC	hasn't our newt that has comforted her newt eaten ?	has our newt that comforted her newt hasn't eaten ?
SRC	have her orangutans that your quails haven't confused read ?	haven't her orangutans that your quails confused have read ?
SRC	hasn't your tyrannosaurus who has amused your walruses giggled ?	has your tyrannosaurus who your walruses your giggled ? ?
SRC	haven't her salamanders who have annoyed your salamander smiled ?	have her salamanders who your annoyed your smiled ? ?
SRC	haven't her unicorns who my vultures have amused eaten ?	have her unicorns who my vultures amused eaten ?
SRC	haven't my unicorns that the tyrannosauruses have applauded eaten ?	have my unicorns that the tyrannosauruses applauded haven't eaten ?
SRC	have your unicorns who haven't changed moved ?	haven't your unicorns who changed moved ? ? ?
SRC	hasn't my zebra who has swum slept ?	has my zebra who swum slept ? ? ?
SRC	have my xylophones who haven't swum slept ?	haven't my xylophones who swum slept ? ? ?
SRC	have my walruses who haven't slept entertained her unicorn around her walruses ?	haven't my walruses who slept entertained her unicorn around her unicorn ? ?
SRC	has my unicorn that hasn't slept applauded the ravens with your xylophone ?	hasn't my unicorn that has applauded the ravens with your xylophone with ?
SRC	haven't your peacocks that have swum remembered some vultures around some zebras ?	have your peacocks that have remembered some vultures around some zebras ? ?
SRC	have some vultures that haven't changed confused your quail below your salamanders ?	haven't some vultures that changed confused your quail below your salamanders below ?
SRC	has your zebra that hasn't eaten amused the tyrannosauruses by our yaks ?	hasn't your zebra that eaten eaten has the tyrannosauruses by our yaks ?
SRC	has your raven that hasn't comforted some orangutan slept ?	hasn't your raven that some orangutan orangutan has slept ?
SRC	hasn't some quail who has admired my unicorn changed ?	has some quail who my unicorn admired hasn't changed ?
SRC	have her tyrannosauruses who the unicorns haven't annoyed eaten ?	haven't her tyrannosauruses who the unicorns annoyed have eaten ?
SRC	have some walruses who haven't smiled admired our unicorns ?	haven't some walruses who smiled admired our unicorns ? ?
SRC	haven't my ravens who her vultures have annoyed swum ?	have my ravens who her vultures annoyed swum ?
SRC	has some raven that hasn't entertained your salamander confused her quail ?	hasn't some raven that your entertained your salamander confused her quail ?
SRC	haven't the walruses who her peacocks have confused entertained our salamanders ?	have the walruses who her peacocks confused our entertained our salamanders ?
SRC	have my peacocks who your tyrannosauruses haven't remembered comforted our salamanders ?	haven't my peacocks who your tyrannosauruses remembered have comforted our salamanders ?
SRC	has my xylophone that the xylophone hasn't comforted amused my zebra ?	hasn't my xylophone that the xylophone comforted has amused my zebra ?
SRC	haven't her yaks who my ravens have amused annoyed my orangutan ?	have her yaks who my ravens amused haven't annoyed my orangutan ?
SRC	have your peacocks who haven't accepted my xylophone giggled ?	haven't your peacocks who my accepted my xylophone giggled ?
SRC	have the peacocks that haven't swum amused the peacock ?	haven't the peacocks that swum amused the peacock ? ?
SRC	has our peacock that hasn't eaten annoyed the unicorn ?	hasn't our peacock that eaten eaten annoyed the unicorn ?
SRC	hasn't our newt that has admired some xylophones smiled ?	has our newt that some xylophones some xylophones smiled ?
SRC	have her newts that haven't comforted her vultures changed ?	haven't her newts that comforted her vultures have changed ?
SRC	have your yaks that her quails haven't comforted slept ?	haven't your yaks that her quails comforted slept ? ?
SRC	haven't some walruses that have comforted her tyrannosaurus slept ?	have some walruses that comforted her tyrannosaurus haven't slept ?
SRC	hasn't our vulture who has swum accepted some xylophone ?	has our vulture who swum accepted some xylophone ? ?
SRC	has our salamander who our newt hasn't confused eaten ?	hasn't our salamander who our newt confused has eaten ?
SRC	haven't your yaks who have changed comforted your raven ?	have your yaks who changed comforted your raven ? ?
SRC	hasn't my raven that has eaten moved ?	has my raven that eaten eaten ?
SRC	hasn't the salamander who has moved swum ?	hasn't the salamander who moved moved ?
SRC	have my newts who haven't eaten eaten ?	haven't my newts who eaten eaten ?
SRC	haven't my unicorns who have eaten slept ?	have my unicorns who eaten eaten ?
SRC	hasn't some xylophone who has swum slept ?	has some xylophone who swum slept ?
SRC	has some raven who some raven hasn't applauded smiled ?	hasn't some raven who some raven applauded smiled ? ?
SRC	haven't some unicorns who have confused some peacocks moved ?	have some unicorns who some peacocks some moved ?
SRC	haven't some ravens who have applauded my raven swum ?	have some ravens who applauded my raven swum ?
SRC	have the yaks who the ravens haven't remembered read ?	haven't the yaks who the ravens remembered remembered read ?
SRC	hasn't my orangutan that has confused the orangutans smiled ?	has my orangutan that the confused the orangutans smiled ?
SRC	has our orangutan that hasn't annoyed my peacock amused some zebra behind your unicorn ?	hasn't our orangutan that annoyed my peacock has amused some zebra behind your unicorn ?
SRC	has my walrus who your zebra hasn't applauded accepted our walrus by some zebra ?	hasn't my walrus who your zebra applauded accepted our walrus by some zebra ?
SRC	has some raven who your orangutan hasn't confused comforted the quail with my vulture ?	hasn't some raven who your orangutan confused has comforted the quail with my vulture ?
SRC	have my yaks that haven't accepted the vultures amused the quails above our vulture ?	haven't my yaks that the accepted the vultures amused the quails above our vulture ?
SRC	has our tyrannosaurus who our newt hasn't confused amused some yak with her yaks ?	hasn't our tyrannosaurus who our newt confused amused some yak with her yaks with ?
SRC	haven't my tyrannosauruses who have annoyed some vultures waited ?	have my tyrannosauruses who some vultures annoyed waited ?
SRC	hasn't her yak who has accepted my vulture changed ?	has her yak who my vulture vulture hasn't changed ?
SRC	hasn't the newt that has applauded some tyrannosauruses read ?	has the newt that applauded some tyrannosauruses hasn't read ?
SRC	has your walrus that hasn't admired her quail slept ?	hasn't your walrus that admired her quail has slept ?
SRC	hasn't the newt who our vulture has confused moved ?	has the newt who our vulture confused hasn't moved ?
SRC	has our walrus that your quail hasn't admired admired the xylophones ?	hasn't our walrus that your quail admired admired the xylophones admired ?
SRC	has our salamander who your zebra hasn't comforted amused our quails ?	hasn't our salamander who your zebra comforted amused our quails ? ?
SRC	has her quail that hasn't comforted my peacocks accepted the peacocks ?	hasn't her quail that comforted my peacocks has accepted the peacocks ?
SRC	have my tyrannosauruses who haven't annoyed our quail accepted my peacocks ?	haven't my tyrannosauruses who our quail accepted have accepted my peacocks ?
SRC	has my zebra that my peacock hasn't entertained admired the xylophones ?	hasn't my zebra that my peacock entertained has admired the xylophones ?
SRC	has my yak who hasn't read confused our xylophones with your peacocks ?	hasn't my yak who has confused our xylophones with your peacocks with my ?
SRC	haven't our yaks that have waited annoyed her raven by your unicorn ?	have our yaks that haven't annoyed her raven by your unicorn ? ?
SRC	have her zebras that haven't slept entertained my zebra by her quails ?	haven't her zebras that slept entertained my zebra by her quails ? ?
SRC	hasn't your raven who has read comforted our yaks by my ravens ?	hasn't your raven who read comforted our yaks by my ravens ? ?
SRC	has the zebra who hasn't moved confused my tyrannosauruses upon her yaks ?	hasn't the zebra who moved moved my tyrannosauruses upon her yaks ? ?
SRC	have her tyrannosauruses who her unicorns haven't remembered moved ?	haven't her tyrannosauruses who her unicorns remembered have moved ?
SRC	has some orangutan that your quail hasn't entertained eaten ?	hasn't some orangutan that your quail entertained has eaten ?
SRC	hasn't my xylophone who our newt has entertained waited ?	has my xylophone who our newt entertained hasn't waited ?
SRC	hasn't her quail that her xylophone has accepted moved ?	has her quail that her xylophone accepted hasn't moved ?
SRC	hasn't some newt that has giggled confused my ravens ?	has some newt that giggled confused my ravens ? ?
SRC	haven't the newts who have moved moved ?	have the newts who moved moved moved ?
SRC	have the zebras who haven't waited moved ?	haven't the zebras who have moved ?
SRC	hasn't her newt who has slept smiled ?	hasn't her newt who slept smiled ?
SRC	has our unicorn who hasn't changed swum ?	hasn't our unicorn who changed swum ?
SRC	haven't some newts that have eaten giggled ?	have some newts that eaten eaten ?
SRC	hasn't our peacock who her xylophone has applauded waited ?	has our peacock who her xylophone applauded hasn't waited ?
SRC	haven't my salamanders who have smiled accepted your vultures ?	have my salamanders who smiled accepted your vultures ? ?
SRC	haven't our ravens who have giggled accepted the orangutan ?	have our ravens who giggled accepted the orangutan ? ?
SRC	has her raven that the walrus hasn't admired changed ?	hasn't her raven that the walrus admired has changed ?
SRC	has her yak who hasn't slept annoyed our walrus ?	hasn't her yak who has annoyed our walrus ? ?
SRC	has your yak who hasn't moved waited ?	hasn't your yak who moved ? waited ?
SRC	hasn't some orangutan who has changed read ?	hasn't some orangutan who changed read ?
SRC	hasn't the tyrannosaurus who has waited waited ?	hasn't the tyrannosaurus who waited waited waited ?
SRC	has our salamander that hasn't read eaten ?	hasn't our salamander that read ? eaten ?
SRC	have the xylophones who haven't slept changed ?	haven't the xylophones who slept changed changed ?
SRC	has your orangutan who hasn't moved amused your quail ?	hasn't your orangutan who moved moved your quail ? ?
SRC	have our unicorns that my zebras haven't confused smiled ?	haven't our unicorns that my zebras confused have smiled ?
SRC	have some ravens who haven't comforted the yaks read ?	haven't some ravens who comforted the yaks have read ?
SRC	have some yaks that the newts haven't remembered slept ?	haven't some yaks that the newts remembered have slept ?
SRC	hasn't our newt who has applauded my orangutan swum ?	has our newt who applauded my orangutan hasn't swum ?
SRC	haven't your vultures that have confused my salamander entertained her zebras ?	have your vultures that my confused my salamander entertained her zebras ?
SRC	has our xylophone that the newt hasn't amused annoyed the vultures ?	hasn't our xylophone that the newt amused has annoyed the vultures ?
SRC	has the vulture who hasn't amused your orangutans admired our newt ?	hasn't the vulture who your amused your orangutans admired our newt ?
SRC	has some unicorn who her yak hasn't remembered confused her peacock ?	hasn't some unicorn who her yak remembered has confused her peacock ?
SRC	have some zebras that haven't amused our tyrannosauruses confused some raven ?	haven't some zebras that our amused our tyrannosauruses have confused some raven ?
SRC	have my yaks that haven't giggled read ?	haven't my yaks that giggled read ?
SRC	have some orangutans that haven't slept smiled ?	haven't some orangutans that slept smiled ?
SRC	has some salamander that hasn't waited smiled ?	hasn't some salamander that waited waited ?
SRC	haven't my ravens who have eaten waited ?	have my ravens who eaten eaten ?
SRC	hasn't your yak that has read slept ?	has your yak that hasn't slept ?
SRC	have my newts that haven't waited read ?	haven't my newts that have read ?
SRC	haven't some tyrannosauruses who have changed changed ?	have some tyrannosauruses who changed changed changed ?
SRC	have our yaks that haven't giggled changed ?	haven't our yaks that giggled have changed ?
SRC	haven't her salamanders who have eaten read ?	have her salamanders who eaten eaten ?
SRC	haven't some walruses that have moved read ?	have some walruses that haven't read ?
SRC	has my peacock who our tyrannosaurus hasn't annoyed applauded her vulture ?	hasn't my peacock who our tyrannosaurus annoyed has applauded her vulture ?
SRC	has her orangutan who hasn't entertained her zebras admired your xylophones ?	hasn't her orangutan who her entertained her admired your xylophones admired ?
SRC	have your walruses who your walruses haven't accepted amused the yak ?	haven't your walruses who your walruses accepted have amused the yak ?
SRC	hasn't my unicorn that has amused her walrus entertained the ravens ?	has my unicorn that has amused her entertained hasn't entertained the ravens ?
SRC	hasn't her yak that your quail has accepted admired some zebra ?	has her yak that your quail accepted hasn't admired some zebra ?
SRC	haven't your vultures that the orangutans have annoyed eaten ?	have your vultures that the orangutans annoyed eaten ? ?
SRC	haven't the orangutans that her walruses have annoyed moved ?	have the orangutans that her walruses annoyed moved ?
SRC	haven't some unicorns who have confused some vultures changed ?	have some unicorns who some confused some vultures changed ?
SRC	has our newt that hasn't comforted our salamanders slept ?	hasn't our newt that comforted our salamanders has slept ?
SRC	haven't my zebras that our xylophones have admired smiled ?	have my zebras that our xylophones admired haven't smiled ?
SRC	has her zebra that hasn't confused the newt read ?	hasn't her zebra that the confused the newt read ?
SRC	haven't her tyrannosauruses who have entertained some quail waited ?	have her tyrannosauruses who some quail some waited ?
SRC	haven't her walruses who have confused her orangutans smiled ?	have her walruses who her orangutans haven't smiled ? ?
SRC	has some unicorn who hasn't admired the quails smiled ?	hasn't some unicorn who the admired the has smiled ?
SRC	have my salamanders that haven't changed remembered her walrus ?	haven't my salamanders that changed remembered her walrus ? ?
SRC	haven't your salamanders that have entertained your raven eaten ?	have your salamanders that your entertained your eaten ? ?
SRC	has the quail that her walrus hasn't amused slept ?	hasn't the quail that her walrus amused has slept ?
SRC	haven't our yaks who my walruses have annoyed giggled ?	have our yaks who my walruses annoyed giggled ? ?
SRC	hasn't my unicorn that the vulture has remembered smiled ?	has my unicorn that the vulture remembered hasn't smiled ?
SRC	has the walrus that the walrus hasn't comforted slept ?	hasn't the walrus that the walrus comforted has slept ?
SRC	haven't our yaks who have waited amused my vultures below our orangutans ?	have our yaks who haven't amused my vultures below our vultures ? ?
SRC	have the vultures who haven't moved amused my peacock below the salamanders ?	haven't the vultures who moved moved amused my peacock below the salamanders ?
SRC	hasn't my unicorn who has annoyed your raven annoyed your orangutans ?	has my unicorn who your raven hasn't annoyed your orangutans ? ?
SRC	have her ravens that our orangutans haven't amused confused her ravens ?	haven't her ravens that our orangutans amused confused her ravens ? ?
SRC	hasn't the xylophone that some raven has applauded remembered my unicorns ?	has the xylophone that some raven applauded my remembered my unicorns ? ?
SRC	haven't your vultures that some walruses have annoyed waited ?	have your vultures that some walruses annoyed waited ? ?
SRC	hasn't your unicorn that your tyrannosaurus has confused swum ?	has your unicorn that your tyrannosaurus confused hasn't swum ?
SRC	has some zebra who hasn't applauded our raven read ?	hasn't some zebra who our raven raven has read ?
SRC	hasn't my salamander that has remembered some tyrannosauruses giggled ?	has my salamander that remembered some tyrannosauruses hasn't giggled ?
SRC	hasn't the walrus who has swum remembered my yak ?	hasn't the walrus who swum remembered my yak ?
SRC	hasn't her zebra who has giggled applauded the zebra below some yak ?	hasn't her zebra who giggled applauded applauded the zebra below some yak ?
SRC	has our newt that hasn't smiled amused our peacock near some raven ?	hasn't our newt that smiled amused our peacock near some raven near some ?
SRC	has our zebra who hasn't changed annoyed some salamanders below your zebras ?	hasn't our zebra who changed annoyed some salamanders below your zebras ? ?
SRC	have our xylophones who haven't giggled amused your tyrannosauruses around her tyrannosaurus ?	haven't our xylophones who giggled amused your tyrannosauruses around her tyrannosaurus around her ?
SRC	has my salamander who hasn't smiled applauded her salamanders near the xylophones ?	hasn't my salamander who smiled applauded applauded her salamanders near the xylophones ?
SRC	has my salamander who your newt hasn't admired confused the zebras ?	hasn't my salamander who your newt admired has confused the zebras ?
SRC	have some peacocks that her walruses haven't confused admired my tyrannosaurus ?	haven't some peacocks that her walruses confused have admired my tyrannosaurus ?
SRC	hasn't the raven who your vulture has applauded applauded your orangutan ?	has the raven who your vulture applauded applauded your orangutan ? ?
SRC	haven't our zebras that have remembered my walrus entertained her tyrannosauruses ?	have our zebras that remembered my walrus entertained her tyrannosauruses ? ?
SRC	has your xylophone that our orangutan hasn't applauded accepted her walrus ?	hasn't your xylophone that our orangutan applauded accepted her walrus ? ?
SRC	have our ravens who haven't annoyed the unicorns changed ?	haven't our ravens who annoyed the unicorns have changed ?
SRC	hasn't our vulture who has amused your newt eaten ?	has our vulture who amused your newt hasn't eaten ?
SRC	has the quail that hasn't amused your yak moved ?	hasn't the quail that your amused your yak has moved ?
SRC	have your unicorns who haven't admired the quail eaten ?	haven't your unicorns who the admired the quail eaten ?
SRC	haven't our vultures who have remembered some tyrannosaurus giggled ?	have our vultures who have some tyrannosaurus giggled ? ?
SRC	has your unicorn who hasn't confused the quails read ?	hasn't your unicorn who the confused the quails read ?
SRC	haven't our unicorns that have entertained some orangutans moved ?	have our unicorns that some entertained some orangutans moved ?
SRC	have our vultures who haven't remembered her yaks swum ?	haven't our vultures who her yaks her swum ?
SRC	has some vulture who hasn't amused our orangutan giggled ?	hasn't some vulture who our orangutan has giggled ? ?
SRC	hasn't our walrus that has admired my zebras read ?	has our walrus that admired my zebras hasn't read ?
SRC	has her quail who my salamander hasn't annoyed eaten ?	hasn't her quail who my salamander annoyed has eaten ?
SRC	haven't her vultures that some peacocks have amused eaten ?	have her vultures that some peacocks amused haven't eaten ?
SRC	has some yak that hasn't applauded the ravens swum ?	hasn't some yak that applauded the ravens has swum ?
SRC	haven't some peacocks who have giggled amused the vultures ?	have some peacocks who giggled amused the vultures ? ?
SRC	have my orangutans who your newts haven't confused giggled ?	haven't my orangutans who your newts confused have giggled ?
SRC	have our zebras that haven't swum swum ?	haven't our zebras that swum swum ?
SRC	has the vulture that hasn't smiled smiled ?	hasn't the vulture that smiled smiled smiled ?
SRC	have some zebras who haven't changed eaten ?	haven't some zebras who changed eaten ?
SRC	has my unicorn who hasn't waited swum ?	hasn't my unicorn who has swum ?
SRC	haven't the peacocks that have slept giggled ?	have the peacocks that have giggled giggled ?
SRC	have her orangutans that haven't remembered my newt comforted her ravens ?	haven't her orangutans that remembered my newt have comforted her ravens ?
SRC	have some yaks that haven't confused your xylophone applauded some ravens ?	haven't some yaks that your confused your xylophone applauded some ravens ?
SRC	have her peacocks that the walruses haven't remembered remembered your xylophones ?	haven't her peacocks that the walruses remembered remembered your xylophones ? ?
SRC	have the newts that haven't confused some quail comforted her zebra ?	haven't the newts that some confused some quail comforted her zebra ?
SRC	have her unicorns who haven't admired her xylophone entertained our orangutan ?	haven't her unicorns who her admired her xylophone entertained our orangutan ?
SRC	haven't the zebras that have applauded my unicorns slept ?	have the zebras that applauded my unicorns haven't slept ?
SRC	have your zebras that my peacocks haven't accepted smiled ?	haven't your zebras that my peacocks accepted have smiled ?
SRC	haven't our newts that have smiled confused her xylophone ?	have our newts that smiled confused her xylophone ? ?
SRC	has our yak that our peacock hasn't remembered waited ?	hasn't our yak that our peacock remembered has waited ?
SRC	have my zebras that haven't moved remembered your orangutans ?	haven't my zebras that moved moved your orangutans ? ?
SRC	haven't our newts that have amused her walruses accepted some quails ?	have our newts that have amused her accepted some quails ? ?
SRC	has our xylophone who my walrus hasn't comforted comforted her orangutan ?	hasn't our xylophone who my walrus comforted has comforted her orangutan ?
SRC	have my yaks who haven't amused your orangutan entertained your newt ?	haven't my yaks who your orangutan entertained have entertained your newt ?
SRC	hasn't some vulture who the tyrannosaurus has annoyed admired some orangutans ?	has some vulture who the tyrannosaurus annoyed hasn't admired some orangutans ?
SRC	haven't our orangutans that have applauded our peacock remembered our unicorns ?	have our orangutans that applauded our peacock remembered our unicorns ? ?
SRC	haven't her xylophones that your ravens have annoyed waited ?	have her xylophones that your ravens annoyed waited ? ?
SRC	haven't the vultures that have amused your vulture slept ?	have the vultures that amused your vulture slept ? ?
SRC	have your ravens who my vultures haven't entertained waited ?	haven't your ravens who my vultures entertained have waited ?
SRC	has some xylophone that hasn't admired your yaks changed ?	hasn't some xylophone that your yaks changed has changed ?
SRC	haven't our ravens that some quails have applauded eaten ?	have our ravens that some quails applauded haven't eaten ?
SRC	have your zebras that haven't giggled read ?	haven't your zebras that giggled read ?
SRC	haven't your peacocks who have giggled slept ?	have your peacocks who haven't slept ?
SRC	has my salamander who hasn't giggled eaten ?	hasn't my salamander who giggled eaten ?
SRC	haven't some quails that have smiled slept ?	have some quails that smiled smiled ?
SRC	hasn't her peacock who has swum waited ?	has her peacock who swum waited waited ?
SRC	have the quails who haven't amused her newts comforted some walruses above some newt ?	haven't the quails who her amused her comforted some walruses above some newt ? ?
SRC	hasn't your newt who has accepted our peacocks accepted our salamanders upon your unicorn ?	has your newt who our peacocks accepted our salamanders accepted our unicorn upon your unicorn ?
SRC	haven't the orangutans who have amused some quails confused my xylophone with the unicorns ?	have the orangutans who some amused some quails confused my xylophone with the unicorns ?
SRC	hasn't my newt that has remembered the orangutans confused our salamander below your raven ?	has my newt that remembered the orangutans confused our salamander below your raven below your
SRC	hasn't the quail who has entertained the yak applauded your raven with her vulture ?	has the quail who the entertained the hasn't applauded your raven with her vulture ?
SRC	hasn't her orangutan that has annoyed some zebra waited ?	has her orangutan that some zebra annoyed some waited ?
SRC	have her xylophones who her vultures haven't annoyed slept ?	haven't her xylophones who her vultures annoyed have slept ?
SRC	have your zebras that haven't annoyed my salamander read ?	haven't your zebras that annoyed my salamander read ? ?
SRC	have my xylophones that your xylophones haven't confused waited ?	haven't my xylophones that your xylophones confused have waited ?
SRC	have her unicorns that my orangutans haven't entertained giggled ?	haven't her unicorns that my orangutans entertained have giggled ?
SRC	have her yaks who haven't comforted your xylophones waited ?	haven't her yaks who your xylophones xylophones waited ? ?
SRC	have some newts that our salamanders haven't applauded moved ?	haven't some newts that our salamanders applauded have moved ?
SRC	have your newts that your walruses haven't annoyed swum ?	haven't your newts that your walruses annoyed swum ? ?
SRC	hasn't our vulture that my vulture has remembered giggled ?	has our vulture that my vulture remembered hasn't giggled ?
SRC	has her yak that your xylophone hasn't entertained giggled ?	hasn't her yak that your xylophone entertained has giggled ?
SRC	hasn't our xylophone who has entertained your walrus moved ?	has our xylophone who your walrus entertained hasn't moved ?
SRC	has the zebra who some newt hasn't confused moved ?	hasn't the zebra who some newt confused has moved ?
SRC	has our quail that her tyrannosaurus hasn't remembered moved ?	hasn't our quail that her tyrannosaurus remembered has moved ?
SRC	has your zebra who hasn't amused our quail waited ?	hasn't your zebra who our amused our quail waited ?
SRC	have the peacocks who my xylophones haven't accepted slept ?	haven't the peacocks who my xylophones accepted have slept ?
SRC	have my walruses that our peacocks haven't admired moved ?	haven't my walruses that our peacocks admired have moved ?
SRC	haven't our walruses that have confused our vultures smiled ?	have our walruses that our vultures confused our smiled ?
SRC	hasn't my orangutan who has comforted our quail swum ?	has my orangutan who our quail comforted swum ?
SRC	hasn't her orangutan that has confused your raven slept ?	has her orangutan that your confused your raven slept ?
SRC	has the raven who hasn't annoyed some yaks read ?	hasn't the raven who some yaks some read ? ?
SRC	has your raven who hasn't slept moved ?	hasn't your raven who slept moved ?
SRC	hasn't her vulture who has giggled read ?	hasn't her vulture who giggled read ?
SRC	hasn't the zebra that has eaten waited ?	has the zebra that eaten eaten ?
SRC	hasn't her newt that has giggled swum ?	has her newt that giggled swum ?
SRC	have her zebras that haven't changed moved ?	haven't her zebras that changed moved ?
SRC	hasn't my yak that has eaten changed ?	has my yak that eaten eaten ?
SRC	haven't some yaks that have changed smiled ?	have some yaks that changed smiled ?
SRC	have her quails that haven't moved changed ?	haven't her quails that moved ? changed ?
SRC	have your quails that haven't eaten changed ?	haven't your quails that eaten eaten ?
SRC	hasn't my salamander who has waited smiled ?	hasn't my salamander who has smiled ?
SRC	haven't some quails who have applauded her yaks swum ?	have some quails who applauded her yaks haven't swum ?
SRC	hasn't the vulture who has smiled amused our raven ?	hasn't the vulture who smiled our amused our raven ?
SRC	hasn't her newt that has waited entertained the orangutan ?	has her newt that waited waited entertained the orangutan ?
SRC	has your salamander that my quail hasn't annoyed waited ?	hasn't your salamander that my quail annoyed has waited ?
SRC	have my ravens that haven't accepted some zebras read ?	haven't my ravens that some accepted some zebras read ?
SRC	has your unicorn who hasn't smiled waited ?	hasn't your unicorn who smiled waited ?
SRC	have some quails that haven't slept moved ?	haven't some quails that slept moved ?
SRC	have my ravens that haven't moved giggled ?	haven't my ravens that moved moved ?
SRC	hasn't your peacock who has smiled read ?	hasn't your peacock who smiled smiled ?
SRC	has my salamander that hasn't swum slept ?	hasn't my salamander that swum slept ?
SRC	hasn't some zebra who has waited remembered her xylophone below your vultures ?	hasn't some zebra who has remembered her xylophone below your xylophone ? ?
SRC	have my quails that haven't giggled accepted my vultures upon your vulture ?	haven't my quails that giggled accepted my vultures upon your vulture ? ?
SRC	has our orangutan that hasn't moved confused your orangutans by your peacocks ?	hasn't our orangutan that moved moved your orangutans by your peacocks ? ?
SRC	haven't some unicorns that have giggled entertained some orangutan below some zebras ?	have some unicorns that giggled entertained some orangutan below some orangutan below ?
SRC	hasn't my vulture who has read accepted the walruses behind my xylophone ?	hasn't my vulture who has accepted the walruses behind my walruses ? ?
SRC	haven't her zebras who have swum entertained her raven ?	have her zebras who have entertained her raven ?
SRC	hasn't her orangutan who has smiled accepted the yaks ?	hasn't her orangutan who smiled accepted the yaks ?
SRC	haven't her orangutans that have amused the yaks swum ?	have her orangutans that amused the yaks haven't swum ?
SRC	has our zebra that hasn't annoyed the vulture giggled ?	hasn't our zebra that the annoyed the vulture giggled ?
SRC	hasn't our walrus that some peacock has amused slept ?	has our walrus that some peacock amused hasn't slept ?
SRC	haven't her unicorns who have waited smiled ?	have her unicorns who have smiled ?
SRC	haven't our vultures that have changed giggled ?	have our vultures that have giggled giggled ?
SRC	has her xylophone that hasn't smiled waited ?	hasn't her xylophone that smiled smiled ?
SRC	has our newt that hasn't read waited ?	hasn't our newt that read read ?
SRC	haven't the orangutans who have smiled smiled ?	have the orangutans who smiled smiled smiled ?
SRC	have some salamanders that haven't read confused my vultures below the peacock ?	haven't some salamanders that read confused my vultures below the vultures ?
SRC	haven't my peacocks who have changed confused your quail above my quail ?	have my peacocks who changed confused your quail above my quail ?
SRC	hasn't some xylophone who has changed annoyed our newt with my unicorns ?	has some xylophone who changed annoyed our newt with my unicorns ?
SRC	have some newts that haven't smiled admired your unicorns above her peacocks ?	haven't some newts that smiled admired your unicorns above her unicorns ?
SRC	haven't my zebras who have slept confused some unicorns by the quails ?	have my zebras who slept confused some unicorns by the quails ?
SRC	has her quail who the newt hasn't confused eaten ?	hasn't her quail who the newt confused has eaten ?
SRC	has your yak who our zebra hasn't applauded read ?	hasn't your yak who our zebra applauded has read ?
SRC	has her tyrannosaurus that hasn't amused her orangutan read ?	hasn't her tyrannosaurus that amused her orangutan has read ?
SRC	has my unicorn that hasn't moved applauded the salamanders ?	hasn't my unicorn that moved moved the salamanders ? ?
SRC	haven't some salamanders who my xylophones have applauded swum ?	have some salamanders who my xylophones applauded haven't swum ?
SRC	has my quail who hasn't admired my walruses accepted her walrus ?	hasn't my quail who my walruses my has accepted her walrus ?
SRC	has some xylophone who your walrus hasn't accepted admired the tyrannosaurus ?	hasn't some xylophone who your walrus accepted the admired the tyrannosaurus ?
SRC	hasn't the salamander who has applauded your walruses admired my unicorns ?	has the salamander who applauded your walruses hasn't admired my unicorns ?
SRC	have the vultures that haven't accepted the orangutans confused our unicorn ?	haven't the vultures that the accepted the orangutans confused our unicorn ?
SRC	has my peacock who hasn't annoyed some unicorn remembered our tyrannosaurus ?	hasn't my peacock who some unicorn unicorn remembered our tyrannosaurus remembered ?
SRC	haven't our yaks who our vultures have admired remembered the peacock around our peacock ?	have our yaks who our vultures admired remembered the peacock around our peacock around ?
SRC	hasn't some vulture that my vulture has confused annoyed your yak below some xylophone ?	has some vulture that my vulture confused hasn't annoyed your yak below some xylophone ?
SRC	has my yak that hasn't confused some orangutans admired my orangutan below our unicorn ?	hasn't my yak that some orangutans confused has admired my orangutan below our unicorn ?
SRC	haven't her ravens that have comforted the peacocks remembered the unicorn above her xylophone ?	have her ravens that comforted the peacocks remembered the unicorn above her xylophone ?
SRC	haven't your xylophones who my newts have entertained entertained some walrus behind her tyrannosaurus ?	have your xylophones who my newts entertained haven't entertained some walrus behind her tyrannosaurus ?
SRC	have your quails that haven't remembered the walrus comforted my newts below your orangutan ?	haven't your quails that remembered the walrus comforted my newts below your orangutan below your orangutan
SRC	hasn't our vulture who some walrus has applauded comforted the newt below our unicorn ?	has our vulture who some walrus applauded the comforted the newt below our unicorn ?
SRC	haven't your xylophones that some tyrannosauruses have confused confused her salamander by her vultures ?	have your xylophones that some tyrannosauruses confused confused her salamander by her vultures by her vultures
SRC	hasn't her vulture who your vulture has confused annoyed the walrus above some walrus ?	has her vulture who your vulture confused hasn't annoyed the walrus above some walrus ?
SRC	have the peacocks who haven't comforted her walruses annoyed our tyrannosaurus above some vulture ?	haven't the peacocks who her comforted her annoyed our tyrannosaurus above some vulture ? ?
SRC	hasn't our xylophone that the raven has remembered read ?	has our xylophone that the raven remembered hasn't read ?
SRC	hasn't your salamander who has comforted her tyrannosauruses waited ?	has your salamander who comforted her tyrannosauruses hasn't waited ?
SRC	haven't her walruses who have smiled confused the newt ?	have her walruses who smiled confused the newt ? ?
SRC	haven't some unicorns that our unicorns have comforted read ?	have some unicorns that our unicorns comforted haven't read ?
SRC	has some salamander that your orangutan hasn't annoyed smiled ?	hasn't some salamander that your orangutan annoyed has smiled ?
SRC	hasn't the newt that has comforted some tyrannosauruses annoyed her xylophones ?	has the newt that some comforted some tyrannosauruses hasn't annoyed her xylophones ?
SRC	have my tyrannosauruses that the quails haven't applauded admired the orangutans ?	haven't my tyrannosauruses that the quails applauded the admired the orangutans ?
SRC	haven't some zebras who have confused our zebra confused some quail ?	have some zebras who our zebra our zebra confused some quail ?
SRC	has the zebra who hasn't annoyed some walruses confused her peacock ?	hasn't the zebra who some walruses some peacock confused her peacock ?
SRC	has your peacock who my newt hasn't confused admired her orangutans ?	hasn't your peacock who my newt confused has admired her orangutans ?
SRC	hasn't our raven who has annoyed our peacocks entertained our vultures ?	has our raven who annoyed our peacocks entertained our vultures ? ?
SRC	hasn't her orangutan that your peacock has remembered applauded some unicorns ?	has her orangutan that your peacock remembered hasn't applauded some unicorns ?
SRC	hasn't some raven that has annoyed my zebra annoyed her orangutans ?	has some raven that has annoyed my zebra annoyed her orangutans ?
SRC	has our vulture that hasn't accepted our newt comforted the walruses ?	hasn't our vulture that our accepted our has comforted the walruses ?
SRC	has your xylophone who hasn't applauded the salamander comforted her vulture ?	hasn't your xylophone who applauded the salamander has comforted her vulture ?
SRC	has our quail that hasn't admired my vultures applauded our tyrannosaurus near some vultures ?	hasn't our quail that admired my vultures applauded our tyrannosaurus near some vultures near some vultures
SRC	hasn't your quail that the tyrannosaurus has accepted comforted your xylophones below her tyrannosaurus ?	has your quail that the tyrannosaurus accepted hasn't comforted your xylophones below her tyrannosaurus ?
SRC	have her unicorns who the yaks haven't entertained comforted our unicorns by my walruses ?	haven't her unicorns who the yaks entertained have comforted our unicorns by my walruses ?
SRC	has our raven who hasn't admired our walrus annoyed her peacock with her newt ?	hasn't our raven who our walrus has annoyed her peacock with her newt ?
SRC	hasn't my vulture that has annoyed my vultures amused my zebra upon the newts ?	has my vulture that annoyed my vultures amused my zebra upon the newts ?
SRC	haven't my zebras who her tyrannosauruses have comforted eaten ?	have my zebras who her tyrannosauruses comforted eaten ?
SRC	has some peacock that hasn't confused our salamanders giggled ?	hasn't some peacock that confused our salamanders has giggled ?
SRC	has your yak who hasn't applauded her zebras eaten ?	hasn't your yak who her applauded her eaten ? ?
SRC	has some xylophone that hasn't confused her xylophone eaten ?	hasn't some xylophone that her confused her eaten ?
SRC	haven't my orangutans who have accepted our yaks giggled ?	have my orangutans who our yaks yaks giggled ? ?
SRC	has your peacock that hasn't amused my yaks smiled ?	hasn't your peacock that amused my yaks smiled ? ?
SRC	hasn't some raven who has admired our yak read ?	has some raven who our yak hasn't read ? ?
SRC	have her walruses who our yaks haven't confused slept ?	haven't her walruses who our yaks confused have slept ?
SRC	hasn't the walrus who has accepted your unicorn eaten ?	has the walrus who your accepted your unicorn eaten ?
SRC	have your quails that haven't annoyed her xylophone read ?	haven't your quails that annoyed her xylophone read ? ?
SRC	hasn't our zebra who your newt has comforted smiled ?	has our zebra who your newt comforted comforted smiled ?
SRC	haven't the peacocks who have giggled annoyed my vultures ?	have the peacocks who giggled annoyed my vultures ? ?
SRC	hasn't some zebra who has waited confused your newts ?	hasn't some zebra who waited waited confused your newts ?
SRC	haven't her quails that have admired some walrus slept ?	have her quails that some walrus admired slept ? ?
SRC	hasn't some quail that my raven has applauded changed ?	has some quail that my raven applauded hasn't changed ?
SRC	hasn't the quail who has amused some yak giggled ?	has the quail who some yak yak hasn't giggled ?
SRC	has some unicorn that hasn't admired our peacock giggled ?	hasn't some unicorn that admired our peacock has giggled ?
SRC	hasn't her quail that has confused some zebras read ?	has her quail that some zebras some zebras read ?
SRC	have my yaks who haven't comforted our unicorn slept ?	haven't my yaks who our comforted our unicorn ? ?
SRC	hasn't your vulture who has applauded her unicorn waited ?	has your vulture who applauded her unicorn waited ? ?
SRC	haven't your zebras who have admired my yak remembered our salamander upon our yaks ?	have your zebras who my yak admired our remembered our salamander upon our yaks ?
SRC	haven't my newts that have comforted some salamander entertained your ravens around our xylophone ?	have my newts that comforted some salamander entertained your ravens around our xylophone around ?
SRC	has my raven who our walrus hasn't comforted confused our salamander behind her tyrannosauruses ?	hasn't my raven who our walrus comforted confused our salamander behind her tyrannosauruses ?
SRC	hasn't my quail that has remembered her tyrannosaurus confused the tyrannosauruses by our zebras ?	has my quail that remembered her tyrannosaurus hasn't confused the tyrannosauruses by our zebras ?
SRC	have our newts that haven't admired our unicorns accepted her vulture upon her tyrannosaurus ?	haven't our newts that admired our unicorns have accepted her vulture upon her tyrannosaurus ?
SRC	have our zebras that haven't eaten swum ?	haven't our zebras that eaten eaten ?
SRC	has your salamander who hasn't waited read ?	hasn't your salamander who waited waited ?
SRC	have her tyrannosauruses who haven't waited smiled ?	haven't her tyrannosauruses who have smiled ?
SRC	have my tyrannosauruses that haven't waited slept ?	haven't my tyrannosauruses that have slept ?
SRC	haven't her zebras who have waited changed ?	have her zebras who haven't changed ?
SRC	has her zebra who hasn't read applauded our raven around the zebras ?	hasn't her zebra who has applauded our raven around the zebras ? ?
SRC	hasn't my quail that has read remembered your salamanders around your peacock ?	has my quail that read remembered your salamanders around your peacock ? ?
SRC	haven't our unicorns that have read confused your newts near our orangutan ?	have our unicorns that have confused your newts near our orangutan near our ?
SRC	hasn't our salamander who has swum comforted some peacocks near some unicorn ?	has our salamander who swum comforted some peacocks near some peacocks near some ?
SRC	has her unicorn that hasn't moved admired my newt below my unicorn ?	hasn't her unicorn that moved has admired my newt below my unicorn ?
SRC	haven't the salamanders that have comforted some yaks eaten ?	have the salamanders that some comforted some yaks eaten ?
SRC	hasn't some raven that has remembered your vultures read ?	has some raven that remembered your vultures read ? ?
SRC	haven't her orangutans who have confused my tyrannosaurus read ?	have her orangutans who my confused my tyrannosaurus read ?
SRC	hasn't our yak who my newt has annoyed read ?	has our yak who my newt annoyed hasn't read ?
SRC	has your vulture who hasn't waited applauded my newt ?	hasn't your vulture who has applauded applauded my newt ?
SRC	has my tyrannosaurus who hasn't changed swum ?	hasn't my tyrannosaurus who changed swum ?
SRC	haven't our vultures who have swum smiled ?	have our vultures who swum smiled ?
SRC	has her salamander who hasn't waited swum ?	hasn't her salamander who waited waited swum ?
SRC	haven't our peacocks who have waited waited ?	have our peacocks who waited waited waited ?
SRC	have her yaks who haven't read read ?	haven't her yaks who have read ?
SRC	has your newt who hasn't comforted our zebras eaten ?	hasn't your newt who our comforted our has eaten ?
SRC	has our vulture who hasn't changed annoyed some unicorns ?	hasn't our vulture who changed annoyed some unicorns ?
SRC	hasn't the xylophone who has admired your unicorns slept ?	has the xylophone who your unicorns your unicorns slept ?
SRC	have her unicorns that her quails haven't entertained eaten ?	haven't her unicorns that her quails entertained have eaten ?
SRC	have her newts who your xylophones haven't comforted swum ?	haven't her newts who your xylophones comforted swum ?
SRC	hasn't your yak that has entertained my quails slept ?	has your yak that my entertained my quails slept ?
SRC	have some vultures who the newts haven't applauded slept ?	haven't some vultures who the newts applauded slept ? ?
SRC	haven't our peacocks that have eaten comforted the salamanders ?	have our peacocks that have comforted the salamanders ? ?
SRC	has my peacock that the quail hasn't applauded eaten ?	hasn't my peacock that the quail applauded has eaten ?
SRC	have my yaks that haven't confused the salamander swum ?	haven't my yaks that the confused the salamander swum ?
SRC	have your tyrannosauruses who haven't read slept ?	haven't your tyrannosauruses who have slept ?
SRC	hasn't my raven who has swum changed ?	has my raven who swum changed ?
SRC	have our salamanders who haven't slept moved ?	haven't our salamanders who slept moved ?
SRC	have our zebras that haven't changed changed ?	haven't our zebras that changed changed changed ?
SRC	haven't your orangutans who have giggled slept ?	have your orangutans who haven't slept ?
SRC	have your quails who haven't eaten applauded your xylophone ?	haven't your quails who eaten eaten applauded your xylophone ?
SRC	has your salamander who hasn't remembered some peacock waited ?	hasn't your salamander who some peacock some peacock waited ?
SRC	hasn't our xylophone who your orangutan has entertained moved ?	has our xylophone who your orangutan entertained hasn't moved ?
SRC	haven't my newts that have amused the tyrannosaurus waited ?	have my newts that have amused the waited ?
SRC	have the walruses that the peacocks haven't entertained moved ?	haven't the walruses that the peacocks entertained have moved ?
SRC	have our xylophones that her tyrannosauruses haven't admired remembered her newt ?	haven't our xylophones that her tyrannosauruses admired have remembered her newt ?
SRC	haven't some ravens that my yaks have entertained confused your salamander ?	have some ravens that my yaks entertained haven't confused your salamander ?
SRC	has some quail that your orangutan hasn't accepted amused some zebras ?	hasn't some quail that your orangutan accepted some has some zebras ?
SRC	have my unicorns who haven't comforted the vulture admired some orangutan ?	haven't my unicorns who comforted the vulture admired some orangutan ? ?
SRC	hasn't her vulture that has confused your zebras applauded the yak ?	has her vulture that your zebras confused applauded the yak applauded ?
SRC	hasn't her walrus that my quail has admired entertained her zebras ?	has her walrus that my quail admired hasn't entertained her zebras ?
SRC	haven't some orangutans who my orangutans have admired entertained your vultures ?	have some orangutans who my orangutans admired entertained your vultures ? ?
SRC	has her newt who the salamander hasn't annoyed amused the xylophone ?	hasn't her newt who the salamander annoyed has amused the xylophone ?
SRC	has some walrus that my zebra hasn't entertained amused my tyrannosaurus ?	hasn't some walrus that my zebra entertained has amused my tyrannosaurus ?
SRC	has her orangutan that hasn't accepted some quail smiled ?	hasn't her orangutan that some accepted some quail smiled ? ?
SRC	haven't your zebras that have remembered my vulture applauded our orangutans near the orangutan ?	have your zebras that remembered my vulture applauded our orangutans near the orangutan near the ?
SRC	has some unicorn that hasn't amused your raven accepted our peacocks by your salamander ?	hasn't some unicorn that amused your raven has accepted our peacocks by your salamander ?
SRC	hasn't her salamander that our zebra has remembered entertained some tyrannosauruses with our yak ?	has her salamander that our zebra remembered entertained hasn't entertained some yak with our yak ?
SRC	hasn't her unicorn that has amused our peacock amused my quail by my tyrannosaurus ?	has her unicorn that our amused our peacock hasn't amused my tyrannosaurus by my tyrannosaurus ?
SRC	haven't your ravens who have amused my newts remembered your vulture below her unicorns ?	have your ravens who have amused my newts remembered your vulture below her unicorns ?
SRC	haven't the vultures who have amused my tyrannosauruses eaten ?	have the vultures who have amused my eaten ?
SRC	have the unicorns who haven't smiled remembered my peacock ?	haven't the unicorns who smiled ? remembered my peacock ?
SRC	haven't some vultures that our vultures have applauded eaten ?	have some vultures that our vultures applauded haven't eaten ?
SRC	hasn't some walrus who has remembered our ravens slept ?	has some walrus who remembered our ravens slept ? ?
SRC	haven't the peacocks that your vultures have confused smiled ?	have the peacocks that your vultures confused smiled ? ?
SRC	have the yaks who haven't accepted some vulture waited ?	haven't the yaks who some vulture vulture have waited ?
SRC	have some vultures that haven't read annoyed our orangutan ?	haven't some vultures that have annoyed our orangutan ? ?
SRC	haven't her xylophones who have applauded her tyrannosaurus moved ?	have her xylophones who applauded her tyrannosaurus moved ?
SRC	has my xylophone that hasn't annoyed the yak slept ?	hasn't my xylophone that the annoyed the has slept ?
SRC	hasn't the quail that has smiled admired my salamander ?	hasn't the quail that smiled smiled admired my salamander ?
SRC	haven't her walruses who have slept confused our walruses ?	have her walruses who haven't confused our walruses ? ?
SRC	hasn't her zebra that my quail has accepted eaten ?	has her zebra that my quail accepted hasn't eaten ?
SRC	haven't some ravens that your orangutans have entertained changed ?	have some ravens that your orangutans entertained haven't changed ?
SRC	has our orangutan who your salamander hasn't annoyed moved ?	hasn't our orangutan who your salamander annoyed annoyed ? ?
SRC	haven't her unicorns that my peacocks have accepted waited ?	have her unicorns that my peacocks accepted haven't waited ?
SRC	has her raven who some unicorn hasn't remembered applauded your xylophones above your vultures ?	hasn't her raven who some unicorn remembered applauded your xylophones above your vultures above your
SRC	hasn't your vulture who has applauded our unicorn accepted the zebra by the orangutan ?	has your vulture who our applauded our unicorn accepted the zebra by the orangutan ?
SRC	hasn't her tyrannosaurus who has annoyed our walruses applauded some orangutans below your yaks ?	has her tyrannosaurus who our walruses our walruses hasn't applauded some orangutans below your yaks ?
SRC	have our zebras who haven't entertained my tyrannosauruses annoyed my ravens by her salamander ?	haven't our zebras who my tyrannosauruses tyrannosauruses have annoyed my ravens by her salamander ?
SRC	haven't her orangutans that your walruses have remembered entertained her orangutan upon her zebra ?	have her orangutans that your walruses remembered entertained her orangutan upon her zebra ?
SRC	haven't her walruses who some vultures have remembered smiled ?	have her walruses who some vultures remembered haven't smiled ?
SRC	hasn't the tyrannosaurus that the xylophone has confused swum ?	has the tyrannosaurus that the xylophone confused hasn't swum ?
SRC	has my xylophone who hasn't remembered her unicorn waited ?	hasn't my xylophone who remembered her unicorn waited ?
SRC	has the raven who hasn't admired her xylophones read ?	hasn't the raven who her xylophones admired her read ?
SRC	has my raven who hasn't applauded your raven waited ?	hasn't my raven who applauded your raven has waited ?
SRC	have some peacocks who your ravens haven't annoyed giggled ?	haven't some peacocks who your ravens annoyed have giggled ?
SRC	haven't the xylophones that have admired your xylophones changed ?	have the xylophones that your xylophones xylophones haven't changed ?
SRC	has our quail who our vulture hasn't entertained waited ?	hasn't our quail who our vulture entertained has waited ?
SRC	hasn't your vulture who your vulture has admired giggled ?	has your vulture who your vulture admired hasn't giggled ?
SRC	haven't some zebras that your peacocks have admired smiled ?	have some zebras that your peacocks admired haven't smiled ?
SRC	has some quail who hasn't smiled smiled ?	hasn't some quail who smiled smiled smiled ?
SRC	have our orangutans that haven't eaten swum ?	haven't our orangutans that eaten eaten ?
SRC	haven't our vultures who have changed smiled ?	have our vultures who changed smiled ?
SRC	has our walrus who hasn't smiled moved ?	hasn't our walrus who smiled moved ?
SRC	has your salamander who hasn't changed smiled ?	hasn't your salamander who changed smiled ?
SRC	hasn't the zebra that has slept admired the yak behind your yaks ?	has the zebra that slept admired the yak behind your yaks behind ?
SRC	hasn't the unicorn who has smiled entertained our unicorn around her newt ?	hasn't the unicorn who smiled entertained our unicorn around her unicorn around her newt
SRC	has some newt who hasn't waited admired the ravens around my quails ?	hasn't some newt who waited waited admired the ravens around my quails ?
SRC	has my orangutan who hasn't waited entertained your walruses upon our tyrannosaurus ?	hasn't my orangutan who has entertained your walruses upon our walruses upon ?
SRC	has my quail who hasn't waited admired your vulture around our peacocks ?	hasn't my quail who waited waited admired your vulture around our peacocks ?
SRC	hasn't my unicorn who has accepted her vultures giggled ?	has my unicorn who her accepted her giggled ? ?
SRC	has our yak who hasn't amused our peacocks read ?	hasn't our yak who our amused our peacocks read ?
SRC	has her walrus that some raven hasn't admired giggled ?	hasn't her walrus that some raven admired has giggled ?
SRC	hasn't some xylophone who has accepted the yak slept ?	has some xylophone who the accepted the yak slept ?
SRC	haven't her newts that her yaks have remembered moved ?	have her newts that her yaks remembered haven't moved ?
SRC	has her yak who our orangutan hasn't accepted waited ?	hasn't her yak who our orangutan accepted has waited ?
SRC	haven't my unicorns that have giggled accepted the orangutan ?	have my unicorns that giggled accepted the orangutan ? ?
SRC	haven't our quails who your peacocks have annoyed swum ?	have our quails who your peacocks annoyed swum ? ?
SRC	hasn't your vulture that has accepted our raven eaten ?	has your vulture that accepted our raven hasn't eaten ?
SRC	has your vulture that hasn't applauded her salamanders giggled ?	hasn't your vulture that applauded her salamanders has giggled ?
SRC	have our yaks who haven't entertained your vulture slept ?	haven't our yaks who your entertained your slept ? ?
SRC	has some raven that hasn't moved entertained my yaks ?	hasn't some raven that moved ? entertained my yaks ?
SRC	have your ravens who her peacocks haven't amused slept ?	haven't your ravens who her peacocks amused have slept ?
SRC	haven't your unicorns that have amused our xylophone changed ?	have your unicorns that amused our xylophone haven't changed ?
SRC	has some unicorn who hasn't moved entertained some ravens ?	hasn't some unicorn who moved moved some ravens ? ?
SRC	haven't the zebras who have remembered your orangutan admired the unicorns ?	have the zebras who your orangutan orangutan admired the unicorns ? ?
SRC	haven't my quails who have comforted my tyrannosauruses entertained my xylophones ?	have my quails who comforted my tyrannosauruses entertained my xylophones ? ?
SRC	haven't our salamanders who some peacocks have remembered admired your walruses ?	have our salamanders who some peacocks remembered haven't admired your walruses ?
SRC	have our newts that haven't amused our xylophones annoyed my salamander ?	haven't our newts that our xylophones xylophones have annoyed my salamander ?
SRC	has my xylophone that your vulture hasn't applauded remembered our walruses ?	hasn't my xylophone that your vulture applauded has remembered our walruses ?
SRC	hasn't your raven who has accepted her orangutan changed ?	has your raven who her orangutan orangutan hasn't changed ?
SRC	hasn't your zebra that her zebra has annoyed moved ?	has your zebra that her zebra annoyed hasn't moved ?
SRC	have her zebras who haven't admired my newts giggled ?	haven't her zebras who my newts my newts giggled ?
SRC	hasn't my salamander that the zebra has amused swum ?	has my salamander that the zebra amused hasn't swum ?
SRC	hasn't some tyrannosaurus who my newt has confused swum ?	has some tyrannosaurus who my newt confused hasn't swum ?
SRC	has the quail that hasn't comforted some ravens eaten ?	hasn't the quail that some comforted some eaten ? ?
SRC	hasn't my salamander who our peacock has confused read ?	has my salamander who our peacock confused hasn't read ?
SRC	have the salamanders who the walruses haven't confused eaten ?	haven't the salamanders who the walruses confused have eaten ?
SRC	has my salamander that hasn't slept amused some zebras ?	hasn't my salamander that slept amused some zebras ? ?
SRC	have our orangutans who the peacocks haven't annoyed smiled ?	haven't our orangutans who the peacocks annoyed have smiled ?
SRC	have our ravens who the zebras haven't confused slept ?	haven't our ravens who the zebras confused have slept ?
SRC	have our zebras that haven't slept admired some walruses ?	haven't our zebras that slept admired some walruses ? ?
SRC	haven't the peacocks who her tyrannosauruses have admired slept ?	have the peacocks who her tyrannosauruses admired haven't slept ?
SRC	have the walruses who haven't moved applauded your zebra ?	haven't the walruses who moved applauded your zebra ? ?
SRC	has some quail who hasn't read comforted our orangutans ?	hasn't some quail who read comforted our orangutans ? ?
SRC	has my zebra that hasn't slept remembered our zebras ?	hasn't my zebra that slept remembered our zebras ? ?
SRC	has her zebra that hasn't confused my walruses read ?	hasn't her zebra that my confused my walruses has read ?
SRC	have your unicorns that haven't remembered the xylophones changed ?	haven't your unicorns that remembered the xylophones have changed ?
SRC	hasn't some walrus that our newt has admired eaten ?	has some walrus that our newt admired hasn't eaten ?
SRC	hasn't her raven that your orangutan has entertained eaten ?	has her raven that your orangutan entertained hasn't eaten ?
SRC	have some vultures who some orangutans haven't applauded waited ?	haven't some vultures who some orangutans applauded waited ? ?
SRC	has her raven that hasn't applauded your ravens read ?	hasn't her raven that applauded your ravens has read ?
SRC	hasn't the quail that your salamander has comforted giggled ?	has the quail that your salamander comforted my giggled ?
SRC	hasn't her raven who the yak has entertained smiled ?	has her raven who the yak entertained hasn't smiled ?
SRC	has some raven who the orangutan hasn't remembered read ?	hasn't some raven who the orangutan remembered has read ?
SRC	haven't my walruses who have read applauded your ravens ?	have my walruses who haven't applauded your ravens ? ?
SRC	have some yaks that the orangutans haven't confused moved ?	haven't some yaks that the orangutans confused have moved ?
SRC	have our orangutans that the tyrannosauruses haven't applauded changed ?	haven't our orangutans that the tyrannosauruses applauded changed ? ?
SRC	hasn't your orangutan that her xylophone has accepted read ?	has your orangutan that her xylophone accepted hasn't read ?
SRC	has my quail who hasn't confused some newt giggled ?	hasn't my quail who some confused some newt giggled ?
SRC	haven't her ravens that have confused her unicorns entertained some orangutans ?	have her ravens that her confused her entertained some orangutans ? ?
SRC	hasn't some yak that her quail has comforted admired some vulture ?	has some yak that her quail comforted some admired some vulture ?
SRC	have the ravens who my walruses haven't annoyed amused her zebra ?	haven't the ravens who my walruses annoyed have amused her zebra ?
SRC	hasn't her salamander who has applauded some peacock annoyed your vultures ?	has her salamander who applauded some peacock annoyed your vultures ? ?
SRC	has some newt who hasn't comforted some peacock amused the quail ?	hasn't some newt who comforted some peacock has amused the quail ?
SRC	have the unicorns who haven't amused our ravens amused our vultures ?	haven't the unicorns who our amused our ravens amused our vultures ?
SRC	hasn't your orangutan who her walrus has accepted accepted some newt ?	has your orangutan who her walrus accepted accepted some newt ? ?
SRC	hasn't her xylophone who has applauded her xylophone entertained my salamander ?	has her xylophone who applauded her xylophone entertained hasn't entertained my salamander ?
SRC	has some unicorn that my xylophone hasn't admired entertained the walruses ?	hasn't some unicorn that my xylophone admired has entertained the walruses ?
SRC	haven't the newts that our peacocks have applauded remembered some xylophone ?	have the newts that our peacocks applauded remembered some xylophone ? ?
SRC	has her orangutan that hasn't entertained my tyrannosauruses changed ?	hasn't her orangutan that my entertained my tyrannosauruses has changed ?
SRC	hasn't some walrus who my zebra has accepted swum ?	has some walrus who my zebra accepted hasn't swum ?
SRC	hasn't the salamander that your peacock has remembered waited ?	has the salamander that your peacock remembered hasn't waited ?
SRC	hasn't the salamander who the orangutan has accepted changed ?	has the salamander who the orangutan accepted hasn't changed ?
SRC	have your yaks who haven't waited remembered her newt ?	haven't your yaks who have remembered her newt ? ?
SRC	haven't your zebras who have changed changed ?	have your zebras who changed changed changed ?
SRC	hasn't her salamander that has giggled changed ?	has her salamander that giggled changed changed ?
SRC	haven't her tyrannosauruses that have read read ?	have her tyrannosauruses that have read read ?
SRC	hasn't your walrus that has smiled smiled ?	hasn't your walrus that smiled smiled smiled ?
SRC	have my vultures who haven't waited swum ?	haven't my vultures who have swum ?
SRC	have our peacocks that our unicorns haven't accepted remembered the tyrannosaurus ?	haven't our peacocks that our unicorns accepted have remembered the tyrannosaurus ?
SRC	haven't my vultures that our zebras have amused applauded the newt ?	have my vultures that our zebras amused haven't applauded the newt ?
SRC	has my xylophone who some peacock hasn't remembered confused your raven ?	hasn't my xylophone who some peacock remembered has confused your raven ?
SRC	has her unicorn that hasn't admired your raven applauded our walruses ?	hasn't her unicorn that your raven has applauded our walruses our walruses ?
SRC	have our vultures that haven't comforted her xylophone amused your zebra ?	haven't our vultures that comforted her xylophone amused your zebra ? ?
SRC	has your peacock that hasn't comforted my orangutan smiled ?	hasn't your peacock that comforted my orangutan has smiled ?
SRC	have some peacocks that her xylophones haven't entertained smiled ?	haven't some peacocks that her xylophones entertained have smiled ?
SRC	have the vultures who haven't slept confused some orangutan ?	haven't the vultures who slept confused some orangutan ? ?
SRC	haven't my salamanders who my vultures have admired giggled ?	have my salamanders who my vultures admired admired ? ?
SRC	haven't my walruses who have comforted the walrus swum ?	have my walruses who comforted the walrus haven't swum ?
SRC	hasn't my raven that has eaten waited ?	has my raven that eaten eaten ?
SRC	hasn't my newt that has smiled changed ?	hasn't my newt that smiled smiled changed ?
SRC	hasn't my newt that has slept read ?	has my newt that slept read ?
SRC	hasn't my yak that has swum slept ?	has my yak that swum slept ?
SRC	haven't our newts who have changed eaten ?	have our newts who changed eaten ?
SRC	has your orangutan that hasn't admired the yak applauded the peacocks ?	hasn't your orangutan that the admired the has applauded the peacocks ?
SRC	has some xylophone that your tyrannosaurus hasn't applauded remembered our zebras ?	hasn't some xylophone that your tyrannosaurus applauded has remembered our zebras ?
SRC	have her zebras who haven't amused our walrus confused her newt ?	haven't her zebras who our walrus confused have confused her newt ?
SRC	haven't our quails that have entertained her peacock annoyed her peacocks ?	have our quails that her entertained her peacock annoyed her peacocks ?
SRC	hasn't some peacock who our orangutan has amused annoyed the zebra ?	has some peacock who our orangutan amused hasn't annoyed the zebra ?
SRC	hasn't her newt that has moved entertained our vulture upon my walruses ?	has her newt that moved moved our vulture upon my walruses ? ?
SRC	has your peacock who hasn't changed remembered your orangutan by her raven ?	hasn't your peacock who changed remembered your orangutan by her raven by her ?
SRC	has my peacock that hasn't entertained my salamanders comforted your walrus ?	hasn't my peacock that my entertained my walrus comforted your walrus ? ?
SRC	haven't my unicorns that have confused the peacocks applauded some yak ?	have my unicorns that the confused the peacocks applauded some yak ? ?
SRC	hasn't the peacock that has remembered our newt accepted your orangutan ?	has the peacock that remembered our newt hasn't accepted your orangutan ? ?
SRC	hasn't my orangutan that some tyrannosaurus has confused amused our quail ?	has my orangutan that some tyrannosaurus confused hasn't amused our quail ?
SRC	haven't my walruses who my salamanders have entertained confused the zebra ?	have my walruses who my salamanders entertained haven't confused the zebra ?
SRC	have my xylophones that our quails haven't applauded admired my peacock ?	haven't my xylophones that our quails applauded admired my peacock ? ?
SRC	hasn't your tyrannosaurus that the raven has entertained comforted our peacocks ?	has your tyrannosaurus that the raven entertained hasn't comforted our peacocks ?
SRC	haven't your xylophones that have remembered some unicorns confused her tyrannosauruses ?	have your xylophones that remembered some unicorns confused her tyrannosauruses ? ?
SRC	hasn't her zebra who the unicorn has annoyed giggled ?	has her zebra who the unicorn annoyed hasn't giggled ?
SRC	haven't her yaks who my newts have accepted swum ?	have her yaks who my newts accepted haven't swum ?
SRC	have our salamanders that the orangutans haven't confused swum ?	haven't our salamanders that the orangutans confused have swum ?
SRC	haven't her vultures that my tyrannosauruses have comforted moved ?	have her vultures that my tyrannosauruses comforted haven't moved ?
SRC	haven't my orangutans that my salamanders have comforted smiled ?	have my orangutans that my salamanders comforted smiled ? ?
SRC	has the newt who hasn't accepted our vultures entertained my walrus ?	hasn't the newt who our vultures entertained has entertained my walrus ?
SRC	hasn't our salamander that my xylophone has entertained comforted her tyrannosauruses ?	has our salamander that my xylophone entertained hasn't comforted her tyrannosauruses ?
SRC	have her walruses that haven't entertained your xylophone entertained the vultures ?	haven't her walruses that your entertained your entertained have entertained the vultures ?
SRC	has my raven who hasn't applauded your xylophone applauded our unicorn ?	hasn't my raven who applauded your xylophone has applauded our unicorn ?
SRC	haven't our vultures that the vultures have admired annoyed the raven ?	have our vultures that the vultures admired haven't annoyed the raven ?
SRC	haven't your peacocks that have giggled changed ?	have your peacocks that giggled changed changed ?
SRC	have your xylophones who haven't changed eaten ?	haven't your xylophones who changed eaten ?
SRC	has some walrus that hasn't giggled moved ?	hasn't some walrus that giggled moved ?
SRC	have your orangutans who haven't read slept ?	haven't your orangutans who have slept ?
SRC	haven't the ravens that have changed swum ?	have the ravens that have swum ?
SRC	has your salamander that hasn't accepted the orangutans swum ?	hasn't your salamander that the accepted the orangutans swum ?
SRC	hasn't my peacock that her newt has comforted changed ?	has my peacock that her newt comforted hasn't changed ?
SRC	have her zebras that haven't applauded our unicorn read ?	haven't her zebras that applauded our unicorn read ? ?
SRC	have your quails who the tyrannosauruses haven't entertained moved ?	haven't your quails who the tyrannosauruses entertained have moved ?
SRC	haven't some quails who some salamanders have applauded waited ?	have some quails who some salamanders applauded applauded waited ?
SRC	haven't your walruses that have moved confused your salamanders ?	have your walruses that haven't confused your salamanders ? ?
SRC	hasn't your xylophone that has applauded the orangutan swum ?	has your xylophone that applauded the orangutan hasn't swum ?
SRC	haven't our unicorns who our quails have entertained changed ?	have our unicorns who our quails entertained haven't changed ?
SRC	haven't your orangutans that her quails have amused giggled ?	have your orangutans that her quails amused haven't giggled ?
SRC	hasn't my salamander that some newt has applauded moved ?	has my salamander that some newt applauded hasn't moved ?
SRC	haven't some newts that have entertained my orangutan waited ?	have some newts that my orangutan orangutan waited ?
SRC	hasn't her xylophone who has comforted our xylophones read ?	has her xylophone who our xylophones xylophones read ? ?
SRC	has our raven that some vulture hasn't confused slept ?	hasn't our raven that some vulture confused has slept ?
SRC	hasn't my peacock that your quail has annoyed eaten ?	has my peacock that your quail annoyed hasn't eaten ?
SRC	haven't my unicorns who have annoyed our unicorns giggled ?	have my unicorns who annoyed our unicorns giggled ? ?
SRC	have her quails who haven't waited comforted my xylophones around the ravens ?	haven't her quails who have comforted my xylophones around the ravens ? ?
SRC	have my yaks that haven't read comforted your zebra around your newt ?	haven't my yaks that have comforted your zebra around your newt ? ?
SRC	has your peacock who hasn't slept amused some walrus below our yak ?	hasn't your peacock who slept amused some walrus below our walrus below ?
SRC	hasn't your raven that has smiled entertained our tyrannosaurus above some quails ?	hasn't your raven that smiled entertained our tyrannosaurus above some quails ? ?
SRC	hasn't some raven who has changed confused our unicorn with the newts ?	hasn't some raven who changed confused our unicorn with the newts ? ?
SRC	has some quail who hasn't amused the walruses remembered our unicorns ?	hasn't some quail who amused the walruses has remembered our unicorns ?
SRC	have your ravens who haven't remembered our vultures applauded some newt ?	haven't your ravens who our vultures applauded our have applauded some newt ?
SRC	have her quails who the xylophones haven't admired applauded her xylophones ?	haven't her quails who the xylophones admired have applauded her xylophones ?
SRC	have her zebras that your ravens haven't accepted admired her yak ?	haven't her zebras that your ravens accepted have admired her yak ?
SRC	has some vulture who hasn't annoyed her newt admired the walrus ?	hasn't some vulture who her annoyed her admired the walrus admired ?
SRC	haven't some quails who my walruses have annoyed waited ?	have some quails who my walruses annoyed haven't waited ?
SRC	haven't the vultures that have changed entertained her ravens ?	have the vultures that have entertained her ravens ? ?
SRC	have your unicorns that haven't comforted her orangutans eaten ?	haven't your unicorns that comforted her orangutans have eaten ?
SRC	has some salamander that the xylophone hasn't remembered slept ?	hasn't some salamander that the xylophone remembered has slept ?
SRC	hasn't our salamander who has admired my yaks eaten ?	has our salamander who my yaks yaks hasn't eaten ?
SRC	hasn't your xylophone who her vulture has applauded comforted her salamanders by some unicorn ?	has your xylophone who her vulture applauded her comforted her salamanders by some unicorn ?
SRC	hasn't my raven that my orangutan has accepted accepted some salamanders below the tyrannosaurus ?	has my raven that my orangutan accepted hasn't accepted some salamanders below the tyrannosaurus ?
SRC	have your unicorns that haven't applauded some salamanders annoyed some ravens around our peacock ?	haven't your unicorns that applauded some salamanders have annoyed some ravens around our peacock ?
SRC	has our xylophone that hasn't admired some zebras entertained our raven upon the newt ?	hasn't our xylophone that some zebras some has entertained our raven upon the newt ?
SRC	has your raven that hasn't confused our newt comforted some quail with some raven ?	hasn't your raven that confused our newt has comforted some quail with some raven ?
SRC	hasn't my newt that your xylophone has annoyed waited ?	has my newt that your xylophone annoyed hasn't waited ?
SRC	has our raven who hasn't accepted her yaks slept ?	hasn't our raven who her yaks her slept ? ?
SRC	hasn't your walrus who our tyrannosaurus has accepted swum ?	has your walrus who our tyrannosaurus accepted hasn't swum ?
SRC	hasn't the tyrannosaurus who has amused some orangutans read ?	has the tyrannosaurus who some amused some orangutans read ?
SRC	have her salamanders that haven't confused my zebras smiled ?	haven't her salamanders that my zebras my zebras smiled ?
SRC	has our xylophone that hasn't comforted our ravens waited ?	hasn't our xylophone that our ravens our waited ? ?
SRC	have the newts who your quails haven't amused slept ?	haven't the newts who your quails amused have slept ?
SRC	have our walruses that haven't accepted some newts moved ?	haven't our walruses that some accepted some newts moved ?
SRC	haven't the orangutans that some newts have accepted moved ?	have the orangutans that some newts accepted haven't moved ?
SRC	have our unicorns who haven't comforted some newt eaten ?	haven't our unicorns who comforted some newt have eaten ?
SRC	have my orangutans that haven't eaten changed ?	haven't my orangutans that eaten eaten ?
SRC	hasn't some yak that has smiled moved ?	has some yak that smiled moved ?
SRC	haven't my ravens that have moved moved ?	have my ravens that moved moved moved ?
SRC	have my xylophones that haven't moved moved ?	haven't my xylophones that moved moved ?
SRC	hasn't my xylophone that has giggled moved ?	has my xylophone that giggled moved ?
SRC	hasn't our raven who has entertained the walruses applauded our walrus around our zebra ?	has our raven who the walruses the walruses hasn't applauded our zebra around our zebra ?
SRC	haven't my ravens who her orangutans have applauded amused our vultures around my yaks ?	have my ravens who her orangutans applauded our amused our vultures around my yaks ?
SRC	have my newts who the walruses haven't comforted comforted some raven below your newt ?	haven't my newts who the walruses comforted comforted some raven below your newt ?
SRC	hasn't my newt who has applauded my salamanders applauded our peacock behind the peacock ?	has my newt who applauded my salamanders hasn't applauded our peacock behind the peacock ?
SRC	has her walrus who her walrus hasn't confused entertained some ravens by our vultures ?	hasn't her walrus who her walrus confused some entertained some ravens by our vultures ?
SRC	have the zebras who haven't smiled comforted some orangutan ?	haven't the zebras who smiled comforted comforted some orangutan ?
SRC	have your peacocks who our walruses haven't admired waited ?	haven't your peacocks who our walruses admired have waited ?
SRC	has our newt who our tyrannosaurus hasn't remembered slept ?	hasn't our newt who our tyrannosaurus remembered has slept ?
SRC	hasn't our peacock that has comforted your zebras slept ?	has our peacock that comforted your zebras hasn't slept ?
SRC	has our orangutan who hasn't applauded my walruses smiled ?	hasn't our orangutan who applauded my walruses has smiled ?
SRC	has the peacock who hasn't comforted the yaks admired our xylophone ?	hasn't the peacock who the yaks the yaks admired our xylophone ?
SRC	have the salamanders who haven't annoyed your salamanders comforted my xylophones ?	haven't the salamanders who your salamanders have comforted my xylophones ? ?
SRC	have the newts who my ravens haven't entertained entertained our peacock ?	haven't the newts who my ravens entertained have entertained our peacock ?
SRC	hasn't your unicorn that has confused my tyrannosauruses entertained your walruses ?	has your unicorn that my tyrannosauruses entertained hasn't entertained your walruses ?
SRC	have her quails who haven't confused your unicorn remembered your newt ?	haven't her quails who your unicorn confused have remembered your newt ?
SRC	haven't our zebras that have admired my quail amused the vultures behind my vulture ?	have our zebras that admired my quail haven't amused the vultures behind my vulture ?
SRC	have her quails who her ravens haven't amused amused your zebras above some raven ?	haven't her quails who her ravens amused amused your zebras above some raven above some raven
SRC	haven't your quails who have remembered the yak accepted my vulture above her orangutan ?	have your quails who have the yak accepted my vulture above her orangutan ? ?
SRC	have her ravens that haven't accepted her ravens entertained my tyrannosaurus near our orangutan ?	haven't her ravens that accepted her ravens have entertained my tyrannosaurus near our orangutan ?
SRC	has the quail who our zebra hasn't admired annoyed your tyrannosauruses by some tyrannosauruses ?	hasn't the quail who our zebra admired has annoyed your tyrannosauruses by some tyrannosauruses ?
SRC	hasn't her walrus who has moved changed ?	hasn't her walrus who moved moved ?
SRC	have the vultures that haven't slept read ?	haven't the vultures that have read ?
SRC	hasn't my yak that has changed waited ?	has my yak that changed waited ?
SRC	haven't her peacocks who have read changed ?	have her peacocks who haven't changed changed ?
SRC	haven't the vultures who have slept eaten ?	have the vultures who slept eaten ?
SRC	have our orangutans that the ravens haven't entertained moved ?	haven't our orangutans that the ravens entertained have moved ?
SRC	has the quail who hasn't entertained your unicorns moved ?	hasn't the quail who your entertained your moved ? ?
SRC	hasn't the peacock that has applauded your vulture slept ?	has the peacock that applauded your vulture hasn't slept ?
SRC	have the walruses that the orangutans haven't annoyed changed ?	haven't the walruses that the orangutans annoyed have changed ?
SRC	has some quail that hasn't admired her xylophones eaten ?	hasn't some quail that admired her xylophones has eaten ?
SRC	hasn't our zebra that has read applauded our yak ?	has our zebra that hasn't applauded our yak ? ?
SRC	have our unicorns that her walruses haven't confused changed ?	haven't our unicorns that her walruses confused have changed ?
SRC	has our salamander who her orangutan hasn't comforted read ?	hasn't our salamander who her orangutan comforted has read ?
SRC	hasn't our zebra that your unicorn has confused slept ?	has our zebra that your unicorn confused hasn't slept ?
SRC	have the orangutans who the quails haven't entertained slept ?	haven't the orangutans who the quails entertained have slept ?
SRC	haven't the xylophones who have annoyed your xylophone slept ?	have the xylophones who your annoyed your xylophone slept ?
SRC	haven't the xylophones that some unicorns have confused read ?	have the xylophones that some unicorns confused haven't read ?
SRC	has the salamander who hasn't applauded some unicorn read ?	hasn't the salamander who applauded some unicorn read ? ?
SRC	have the peacocks that haven't eaten applauded some salamander ?	haven't the peacocks that have applauded some salamander ? ?
SRC	hasn't her walrus who some yak has comforted moved ?	has her walrus who some yak comforted hasn't moved ?
SRC	has our xylophone that hasn't annoyed your walruses remembered the newts ?	hasn't our xylophone that your walruses remembered has remembered the newts ?
SRC	has some quail that hasn't applauded our walruses entertained our xylophones ?	hasn't some quail that applauded our walruses has entertained our xylophones ?
SRC	haven't my newts that some yaks have confused applauded our vultures ?	have my newts that some yaks confused our vultures applauded our vultures ?
SRC	has her xylophone that hasn't amused my xylophones amused some ravens ?	hasn't her xylophone that amused my xylophones has amused some ravens ?
SRC	hasn't her salamander who has comforted some yak entertained her orangutans ?	has her salamander who some yak hasn't entertained her orangutans ? ?
SRC	hasn't your raven that your walrus has annoyed giggled ?	has your raven that your walrus annoyed hasn't giggled ?
SRC	haven't our zebras who have giggled amused some tyrannosaurus ?	have our zebras who giggled amused some tyrannosaurus ?
SRC	haven't some salamanders who my zebras have remembered swum ?	have some salamanders who my zebras remembered swum ?
SRC	has our peacock that her unicorn hasn't entertained waited ?	hasn't our peacock that her unicorn entertained has waited ?
SRC	has our peacock that hasn't applauded some salamander slept ?	hasn't our peacock that applauded some salamander has slept ?
SRC	haven't her zebras who have annoyed the tyrannosaurus read ?	have her zebras who the annoyed the read ? ?
SRC	have some tyrannosauruses who haven't comforted our xylophone swum ?	haven't some tyrannosauruses who our comforted our xylophone swum ?
SRC	haven't our tyrannosauruses who have confused some orangutan swum ?	have our tyrannosauruses who some orangutan orangutan swum ?
SRC	hasn't the newt who has annoyed the walruses giggled ?	has the newt who the annoyed the giggled ? ?
SRC	haven't my tyrannosauruses who her zebras have remembered giggled ?	have my tyrannosauruses who her zebras remembered giggled ?
SRC	has your walrus that hasn't smiled accepted the walrus with some ravens ?	hasn't your walrus that smiled smiled accepted the walrus with some ravens ?
SRC	has some raven who hasn't changed accepted our ravens with some xylophone ?	hasn't some raven who changed accepted our ravens with some ravens ? ?
SRC	haven't my zebras that have giggled entertained our walruses upon her salamander ?	have my zebras that giggled entertained our walruses upon her walruses her salamander ?
SRC	hasn't the walrus that has waited confused her yak behind our ravens ?	hasn't the walrus that has confused her yak behind our ravens ? ?
SRC	hasn't your quail that has eaten comforted the xylophone behind our yaks ?	has your quail that eaten eaten eaten the xylophone behind our yaks ?
SRC	haven't her quails that some salamanders have entertained eaten ?	have her quails that some salamanders entertained haven't eaten ?
SRC	has the unicorn that hasn't comforted our tyrannosaurus eaten ?	hasn't the unicorn that our comforted our has eaten ?
SRC	haven't the tyrannosauruses that your quails have amused swum ?	have the tyrannosauruses that your quails amused haven't swum ?
SRC	has some quail who our newt hasn't confused swum ?	hasn't some quail who our newt confused has swum ?
SRC	has some peacock that some unicorn hasn't amused giggled ?	hasn't some peacock that some unicorn amused has giggled ?
SRC	haven't your zebras that have waited waited ?	have your zebras that have waited waited ?
SRC	have her quails that haven't read giggled ?	haven't her quails that read giggled giggled ?
SRC	hasn't your unicorn who has swum moved ?	has your unicorn who swum moved ?
SRC	hasn't her peacock who has slept eaten ?	has her peacock who slept eaten ?
SRC	haven't our ravens who have read waited ?	have our ravens who have waited waited ?
SRC	has your salamander who some orangutan hasn't remembered slept ?	hasn't your salamander who some orangutan remembered has slept ?
SRC	have our zebras who haven't swum accepted our xylophones ?	haven't our zebras who have accepted our xylophones ? ?
SRC	hasn't our quail who your salamander has annoyed smiled ?	has our quail who your salamander annoyed hasn't smiled ?
SRC	have your xylophones that haven't accepted our xylophone moved ?	haven't your xylophones that accepted our xylophone moved ? ?
SRC	have our peacocks that haven't moved annoyed my orangutans ?	haven't our peacocks that moved moved annoyed my orangutans ?
SRC	hasn't the salamander that has waited comforted the yaks above the salamanders ?	hasn't the salamander that has comforted the yaks above the salamanders ? ?
SRC	has my vulture who hasn't waited admired your orangutan with my yak ?	hasn't my vulture who has admired your orangutan with my yak with ?
SRC	have the xylophones who haven't giggled annoyed your zebra around some newts ?	haven't the xylophones who giggled annoyed your zebra around some newts around some ?
SRC	haven't our zebras who have changed confused some walrus with the vulture ?	have our zebras who changed confused some walrus with the vulture ? ?
SRC	hasn't your xylophone who has changed comforted our salamanders near her newts ?	hasn't your xylophone who changed comforted our salamanders near her newts near her ?
SRC	have her tyrannosauruses who haven't smiled moved ?	haven't her tyrannosauruses who smiled moved ?
SRC	has the zebra that hasn't eaten slept ?	hasn't the zebra that eaten eaten ?
SRC	haven't my peacocks that have read swum ?	have my peacocks that have swum ?
SRC	have your yaks who haven't slept smiled ?	haven't your yaks who slept smiled ?
SRC	hasn't the walrus that has swum slept ?	has the walrus that swum slept ?
SRC	haven't my tyrannosauruses that have eaten waited ?	have my tyrannosauruses that eaten eaten ?
SRC	has some orangutan that hasn't moved moved ?	hasn't some orangutan that moved moved ?
SRC	has my vulture that hasn't swum eaten ?	hasn't my vulture that swum ?
SRC	haven't your orangutans that have giggled read ?	have your orangutans that giggled read ?
SRC	have your newts who haven't eaten smiled ?	haven't your newts who eaten eaten ?
SRC	haven't the newts that have giggled accepted our vultures ?	have the newts that giggled accepted our vultures ? ?
SRC	haven't our peacocks who our yaks have amused eaten ?	have our peacocks who our yaks amused haven't eaten ?
SRC	haven't her zebras who have confused some vultures waited ?	have her zebras who some vultures confused waited ?
SRC	hasn't our zebra that has annoyed some peacock slept ?	has our zebra that annoyed some peacock hasn't slept ?
SRC	haven't her zebras who have applauded our unicorn eaten ?	have her zebras who our applauded our unicorn eaten ?
SRC	have some quails that my newts haven't remembered swum ?	haven't some quails that my newts remembered swum ?
SRC	has our vulture who some raven hasn't confused read ?	hasn't our vulture who some raven confused has read ?
SRC	have your ravens that the peacocks haven't remembered moved ?	haven't your ravens that the peacocks remembered have moved ?
SRC	hasn't our peacock that has remembered my walruses slept ?	has our peacock that remembered my walruses hasn't slept ?
SRC	hasn't your tyrannosaurus who has accepted her quails waited ?	has your tyrannosaurus who her accepted her waited ?
SRC	hasn't our zebra that has slept smiled ?	has our zebra that slept smiled ?
SRC	haven't our ravens that have read moved ?	have our ravens that have moved ?
SRC	has the vulture who hasn't swum giggled ?	hasn't the vulture who swum giggled ?
SRC	has our yak that hasn't eaten giggled ?	hasn't our yak that eaten eaten ?
SRC	has her tyrannosaurus that hasn't read changed ?	hasn't her tyrannosaurus that read changed changed ?
SRC	hasn't some salamander who has comforted our zebra applauded some quail ?	has some salamander who our zebra our zebra applauded some quail ?
SRC	haven't our peacocks that have entertained her zebras entertained your vultures ?	have our peacocks that her entertained her entertained your vultures ? ?
SRC	have some orangutans that our vultures haven't admired remembered your walrus ?	haven't some orangutans that our vultures admired your remembered your walrus ?
SRC	has some xylophone that hasn't amused the xylophone accepted the xylophone ?	hasn't some xylophone that amused the xylophone has accepted the xylophone ?
SRC	hasn't your yak who our zebra has applauded applauded your walruses ?	has your yak who our zebra applauded applauded your walruses ? ?
SRC	haven't her salamanders who have comforted her yaks amused our orangutan ?	have her salamanders who comforted her yaks amused our orangutan ? ?
SRC	haven't her salamanders that some zebras have annoyed applauded your orangutans ?	have her salamanders that some zebras annoyed haven't applauded your orangutans ?
SRC	haven't the zebras who my zebras have confused accepted our vultures ?	have the zebras who my zebras confused accepted our vultures ? ?
SRC	haven't my xylophones who some vultures have annoyed accepted the xylophone ?	have my xylophones who some vultures annoyed haven't accepted the xylophone ?
SRC	hasn't my tyrannosaurus that some unicorn has confused amused some unicorns ?	has my tyrannosaurus that some unicorn confused hasn't amused some unicorns ?
SRC	has our xylophone who hasn't swum applauded our tyrannosauruses around the zebra ?	hasn't our xylophone who swum applauded applauded our tyrannosauruses around the zebra ?
SRC	haven't my quails who have read accepted the xylophones below the salamander ?	have my quails who haven't accepted the xylophones below the xylophones salamander ?
SRC	haven't the unicorns that have read comforted your walruses around your yak ?	have the unicorns that have comforted your walruses around your yak around your
SRC	has some salamander who hasn't eaten accepted her walruses upon my vulture ?	hasn't some salamander who eaten eaten accepted her walruses upon my vulture ?
SRC	has your peacock that hasn't smiled accepted the unicorns above some yaks ?	hasn't your peacock that smiled accepted the unicorns above some yaks above ?
SRC	haven't the peacocks that her xylophones have admired giggled ?	have the peacocks that her xylophones admired admired giggled ?
SRC	have her peacocks that haven't remembered the walruses swum ?	haven't her peacocks that remembered the walruses have swum ?
SRC	hasn't her unicorn who has remembered my vultures moved ?	has her unicorn who remembered my vultures moved ?
SRC	have her walruses that haven't eaten remembered our walruses ?	haven't her walruses that eaten eaten remembered our walruses ?
SRC	has the tyrannosaurus who hasn't annoyed my orangutan slept ?	hasn't the tyrannosaurus who my orangutan orangutan has slept ?
SRC	haven't the peacocks who our salamanders have entertained swum ?	have the peacocks who our salamanders entertained haven't swum ?
SRC	has the quail who your tyrannosaurus hasn't remembered moved ?	hasn't the quail who your tyrannosaurus remembered has moved ?
SRC	haven't our peacocks that have confused your peacocks eaten ?	have our peacocks that your peacocks your peacocks eaten ?
SRC	haven't some tyrannosauruses that the unicorns have remembered moved ?	have some tyrannosauruses that the unicorns remembered haven't moved ?
SRC	hasn't the yak that has entertained some raven slept ?	has the yak that some entertained some raven slept ?
SRC	has my yak who her yak hasn't entertained remembered some unicorns with your newts ?	hasn't my yak who her yak entertained has remembered some unicorns with your newts ?
SRC	have our tyrannosauruses who haven't comforted some salamander amused our yak near your yak ?	haven't our tyrannosauruses who some comforted some salamander amused our yak near your yak ?
SRC	has my vulture that hasn't eaten confused our yaks near some yaks ?	hasn't my vulture that eaten eaten eaten our yaks near some yaks ? ?
SRC	hasn't some salamander who has changed accepted our xylophones upon your ravens ?	hasn't some salamander who changed accepted our xylophones upon your xylophones ? ?
SRC	has the zebra that hasn't giggled applauded your quail above our unicorn ?	hasn't the zebra that giggled applauded your quail above our quail ? ?
SRC	haven't our tyrannosauruses who our salamanders have confused remembered your peacock upon my orangutan ?	have our tyrannosauruses who our salamanders confused your remembered your peacock upon my orangutan ?
SRC	haven't her quails that have entertained our vulture entertained her yak with your orangutan ?	have her quails that our entertained our vulture entertained her yak with your orangutan ?
SRC	has some raven who the orangutan hasn't amused entertained our vulture upon her unicorns ?	hasn't some raven who the orangutan amused has entertained our vulture upon her unicorns ?
SRC	have her quails who your unicorns haven't accepted annoyed her ravens with my newt ?	haven't her quails who your unicorns accepted have annoyed her ravens with my newt ?
SRC	have our vultures who haven't admired the peacock remembered your orangutan above my vulture ?	haven't our vultures who the admired the peacock remembered your orangutan above my vulture ?
SRC	has some unicorn that hasn't amused your ravens amused your raven around your walruses ?	hasn't some unicorn that amused your ravens has amused your raven around your walruses ?
SRC	haven't the vultures that her zebras have accepted amused my ravens below some unicorns ?	have the vultures that her zebras accepted haven't amused my ravens below some unicorns ?
SRC	haven't the peacocks who have accepted my tyrannosaurus admired some newt by some newt ?	have the peacocks who my accepted my tyrannosaurus admired some newt by some newt ?
SRC	haven't some orangutans who have amused our ravens remembered her xylophones near your zebras ?	have some orangutans who our amused our ravens remembered her xylophones near your zebras ?
SRC	have my orangutans that haven't amused the tyrannosauruses entertained my newts upon my newts ?	haven't my orangutans that amused the tyrannosauruses have entertained my newts upon my newts ?
SRC	have the zebras that haven't changed slept ?	haven't the zebras that changed slept ?
SRC	have your unicorns that haven't waited waited ?	haven't your unicorns that waited waited waited ?
SRC	have our vultures who haven't slept slept ?	haven't our vultures who slept slept ? ?
SRC	has the quail that hasn't slept smiled ?	hasn't the quail that slept smiled ? ?
SRC	haven't her xylophones that have swum moved ?	have her xylophones that swum moved ?
SRC	has some salamander that hasn't amused some walruses swum ?	hasn't some salamander that amused some walruses has swum ?
SRC	haven't your walruses that have slept amused our quails ?	have your walruses that haven't amused our quails ? ?
SRC	has the zebra who hasn't remembered my zebra read ?	hasn't the zebra who remembered my zebra has read ?
SRC	hasn't the orangutan that has annoyed some yak read ?	has the orangutan that some yak yak hasn't read ?
SRC	has our orangutan that some quail hasn't confused swum ?	hasn't our orangutan that some quail confused has swum ?
SRC	hasn't the orangutan who has smiled swum ?	hasn't the orangutan who smiled smiled ?
SRC	have my orangutans that haven't swum read ?	haven't my orangutans that swum ? read ?
SRC	hasn't her unicorn that has waited swum ?	has her unicorn that waited waited swum ?
SRC	has my peacock that hasn't slept eaten ?	hasn't my peacock that slept eaten ?
SRC	hasn't our walrus who has swum giggled ?	hasn't our walrus who swum giggled ?
SRC	have our newts that haven't annoyed the peacocks swum ?	haven't our newts that the annoyed the peacocks swum ?
SRC	have our newts who my ravens haven't comforted smiled ?	haven't our newts who my ravens comforted smiled ? ?
SRC	hasn't her peacock that has swum admired the newt ?	has her peacock that swum admired the newt ? ?
SRC	has your zebra that hasn't annoyed the newts waited ?	hasn't your zebra that the annoyed the newts ? ?
SRC	has her vulture that some peacock hasn't entertained eaten ?	hasn't her vulture that some peacock entertained has eaten ?
SRC	have your unicorns who haven't moved swum ?	haven't your unicorns who moved moved swum ?
SRC	hasn't my orangutan that has changed waited ?	has my orangutan that changed waited ?
SRC	have the xylophones who haven't eaten swum ?	haven't the xylophones who eaten eaten ?
SRC	has the salamander that hasn't swum eaten ?	hasn't the salamander that swum ? eaten ?
SRC	hasn't her xylophone who has moved eaten ?	has her xylophone who moved moved ?
SRC	hasn't our unicorn that has comforted the quails amused her xylophones below the tyrannosaurus ?	has our unicorn that comforted the quails hasn't amused her xylophones below the tyrannosaurus ?
SRC	has our vulture who hasn't accepted our peacock confused some yaks with my xylophones ?	hasn't our vulture who our peacock confused has confused some yaks with my xylophones ?
SRC	have our tyrannosauruses who the newts haven't remembered confused my tyrannosauruses above the vulture ?	haven't our tyrannosauruses who the newts remembered have confused my tyrannosauruses above the vulture ?
SRC	haven't some yaks that have admired your walrus admired my newts with her orangutan ?	have some yaks that your admired your admired my newts with her orangutan ?
SRC	has my salamander that our walrus hasn't applauded confused my unicorn behind the salamanders ?	hasn't my salamander that our walrus applauded has confused my unicorn behind the salamanders ?
SRC	has your yak who hasn't entertained my peacock eaten ?	hasn't your yak who my entertained my peacock eaten ?
SRC	haven't some orangutans who have confused your salamander smiled ?	have some orangutans who your confused your smiled ? ?
SRC	hasn't the quail that has entertained my orangutans smiled ?	has the quail that my entertained my orangutans smiled ?
SRC	have our newts who haven't admired my raven swum ?	haven't our newts who my raven admired have swum ?
SRC	haven't your vultures that have eaten confused her newt ?	have your vultures that eaten eaten eaten ? newt ?
SRC	have her orangutans who haven't read smiled ?	haven't her orangutans who have smiled ?
SRC	has your zebra who hasn't eaten giggled ?	hasn't your zebra who eaten eaten ?
SRC	haven't our unicorns that have giggled swum ?	have our unicorns that giggled swum ?
SRC	haven't her peacocks that have smiled changed ?	have her peacocks that smiled changed changed ?
SRC	haven't my orangutans that have read giggled ?	have my orangutans that haven't giggled giggled ?
SRC	haven't your quails that our vultures have annoyed annoyed my salamanders behind some tyrannosauruses ?	have your quails that our vultures annoyed annoyed my salamanders behind some tyrannosauruses ? ?
SRC	hasn't your walrus that the xylophone has annoyed confused some quail around our tyrannosauruses ?	has your walrus that the xylophone annoyed some quail confused some tyrannosauruses around our tyrannosauruses ?
SRC	has the zebra who some raven hasn't entertained accepted her salamander upon the peacocks ?	hasn't the zebra who some raven entertained has accepted her salamander upon the peacocks ?
SRC	have her unicorns who her newts haven't admired confused my tyrannosaurus upon our vultures ?	haven't her unicorns who her newts admired have confused my tyrannosaurus upon our vultures ?
SRC	has my orangutan who hasn't applauded our zebra amused my newts around some ravens ?	hasn't my orangutan who our zebra our has amused my newts around some ravens ?
SRC	haven't my walruses that have annoyed the tyrannosaurus waited ?	have my walruses that the annoyed the tyrannosaurus waited ?
SRC	has her peacock that hasn't admired the vulture eaten ?	hasn't her peacock that the admired the vulture eaten ?
SRC	hasn't your salamander that has admired our walruses smiled ?	has your salamander that admired our walruses hasn't smiled ?
SRC	haven't the quails that the xylophones have admired changed ?	have the quails that the xylophones admired haven't changed ?
SRC	have your tyrannosauruses who haven't admired her quail waited ?	haven't your tyrannosauruses who her admired her waited ? ?
SRC	have the ravens that her walruses haven't annoyed changed ?	haven't the ravens that her walruses annoyed have changed ?
SRC	have some quails that haven't admired her walrus giggled ?	haven't some quails that admired her walrus have giggled ?
SRC	hasn't our salamander that has changed annoyed your unicorns ?	hasn't our salamander that changed annoyed your unicorns ? ?
SRC	has her raven who her walrus hasn't remembered changed ?	hasn't her raven who her walrus remembered has changed ?
SRC	has the unicorn who hasn't giggled accepted her salamanders ?	hasn't the unicorn who giggled accepted her salamanders ? ?
SRC	has our xylophone who hasn't changed giggled ?	hasn't our xylophone who changed giggled ?
SRC	has her tyrannosaurus that hasn't slept read ?	hasn't her tyrannosaurus that slept read ?
SRC	have your xylophones who haven't changed waited ?	haven't your xylophones who changed waited ?
SRC	hasn't our raven that has slept smiled ?	hasn't our raven that slept smiled ? ?
SRC	haven't my unicorns who have slept waited ?	have my unicorns who slept waited waited ?
SRC	hasn't some vulture who has remembered my vulture smiled ?	has some vulture who remembered my vulture hasn't smiled ?
SRC	have the newts that haven't amused my orangutan waited ?	haven't the newts that my orangutan remembered have waited ?
SRC	has your orangutan that our raven hasn't applauded slept ?	hasn't your orangutan that our raven applauded has slept ?
SRC	hasn't her newt who has remembered my salamanders slept ?	has her newt who remembered my salamanders hasn't slept ?
SRC	haven't her vultures who have admired the zebras swum ?	have her vultures who the admired the swum ? ?
SRC	haven't your unicorns that have remembered some xylophones annoyed your xylophones ?	have your unicorns that remembered some xylophones haven't annoyed your xylophones ?
SRC	hasn't our orangutan who has comforted some yaks comforted some xylophones ?	has our orangutan who some yaks comforted some comforted some xylophones ?
SRC	has the salamander that the yak hasn't confused entertained the yaks ?	hasn't the salamander that the yak confused the yaks entertained the yaks ?
SRC	have some quails who the zebras haven't admired amused the zebra ?	haven't some quails who the zebras admired have amused the zebra ?
SRC	haven't some yaks that have applauded your orangutan amused the vultures ?	have some yaks that applauded your orangutan amused the vultures ? ?
SRC	hasn't my yak that the walrus has comforted eaten ?	has my yak that the walrus comforted eaten ?
SRC	has the peacock that my xylophone hasn't accepted smiled ?	hasn't the peacock that my xylophone accepted has smiled ?
SRC	hasn't your xylophone who our yak has remembered read ?	has your xylophone who our yak remembered hasn't read ?
SRC	have some orangutans who some ravens haven't entertained changed ?	haven't some orangutans who some ravens entertained have changed ?
SRC	hasn't your zebra that some zebra has annoyed changed ?	has your zebra that some zebra annoyed hasn't changed ?
SRC	has our peacock who hasn't changed amused some zebras ?	hasn't our peacock who changed amused some zebras ? ?
SRC	hasn't my raven that some tyrannosaurus has remembered smiled ?	has my raven that some tyrannosaurus remembered hasn't smiled ?
SRC	haven't our newts that our walruses have applauded swum ?	have our newts that our walruses applauded haven't swum ?
SRC	haven't your quails who the yaks have annoyed read ?	have your quails who the yaks annoyed haven't read ?
SRC	haven't our walruses who have remembered some salamander swum ?	have our walruses who have some salamander swum ?
SRC	has her quail that the orangutan hasn't annoyed read ?	hasn't her quail that the orangutan annoyed has read ?
SRC	has her orangutan that hasn't admired the quail moved ?	hasn't her orangutan that the admired the quail moved ?
SRC	has your quail that hasn't accepted your unicorns slept ?	hasn't your quail that your accepted your slept ? ?
SRC	haven't your unicorns who have admired our salamander changed ?	have your unicorns who our salamander admired our changed ?
SRC	has our walrus that our orangutan hasn't comforted slept ?	hasn't our walrus that our orangutan comforted slept ? ?
SRC	hasn't my xylophone that has applauded our newt smiled ?	has my xylophone that applauded our newt smiled ? ?
SRC	has my unicorn who the quail hasn't comforted giggled ?	hasn't my unicorn who the quail comforted has giggled ?
SRC	has our orangutan who some yak hasn't confused smiled ?	hasn't our orangutan who some yak confused has smiled ?
SRC	has her walrus that our xylophone hasn't amused moved ?	hasn't her walrus that our xylophone amused has moved ?
SRC	has the salamander that hasn't entertained our zebras giggled ?	hasn't the salamander that our zebras our giggled ? ?
SRC	has your unicorn who hasn't moved admired our peacocks ?	hasn't your unicorn who moved moved our peacocks ? ?
SRC	haven't your salamanders that have comforted some yak moved ?	have your salamanders that some comforted some moved ? ?
SRC	hasn't our unicorn who our walrus has comforted smiled ?	has our unicorn who our walrus comforted smiled ? ?
SRC	hasn't her vulture who some salamander has entertained waited ?	has her vulture who some salamander entertained hasn't waited ?
SRC	hasn't the newt who the quail has amused swum ?	has the newt who the quail amused hasn't swum ?
SRC	have the vultures who haven't read changed ?	haven't the vultures who have changed changed ?
SRC	hasn't the vulture who has changed slept ?	hasn't the vulture who changed slept ?
SRC	has some xylophone who hasn't changed giggled ?	hasn't some xylophone who changed giggled ?
SRC	hasn't her quail that has moved moved ?	has her quail that moved moved moved ?
SRC	has her quail who hasn't read smiled ?	hasn't her quail who read smiled ? ?
SRC	hasn't my raven that the orangutan has amused remembered her tyrannosaurus ?	has my raven that the orangutan amused hasn't remembered her tyrannosaurus ?
SRC	have our tyrannosauruses who our xylophones haven't annoyed applauded the ravens ?	haven't our tyrannosauruses who our xylophones annoyed applauded the ravens ? ?
SRC	has some walrus that your vulture hasn't annoyed entertained her vulture ?	hasn't some walrus that your vulture annoyed her entertained her vulture ?
SRC	have your peacocks who her xylophones haven't confused accepted the unicorns ?	haven't your peacocks who her xylophones confused have accepted the unicorns ?
SRC	has our vulture that our peacock hasn't remembered admired your tyrannosaurus ?	hasn't our vulture that our peacock remembered admired your tyrannosaurus ? ?
SRC	have our peacocks that haven't waited read ?	haven't our peacocks that have read ?
SRC	haven't her yaks that have swum changed ?	have her yaks that swum changed ?
SRC	have your salamanders that haven't slept waited ?	haven't your salamanders that slept waited ?
SRC	haven't our yaks who have slept changed ?	have our yaks who haven't changed ?
SRC	hasn't our orangutan that has smiled swum ?	hasn't our orangutan that smiled smiled swum ?
SRC	has some yak who hasn't giggled moved ?	hasn't some yak who giggled moved ?
SRC	has our salamander that hasn't moved read ?	hasn't our salamander that moved ? read ?
SRC	has some walrus who hasn't moved eaten ?	hasn't some walrus who moved ? eaten ?
SRC	have my vultures who haven't changed changed ?	haven't my vultures who changed changed changed ?
SRC	have our salamanders who haven't smiled swum ?	haven't our salamanders who smiled swum ?
SRC	has some newt who hasn't waited accepted my tyrannosauruses ?	hasn't some newt who waited waited accepted my tyrannosauruses ?
SRC	haven't some unicorns that my peacocks have annoyed waited ?	have some unicorns that my peacocks annoyed waited ?
SRC	has our quail who hasn't waited annoyed our vulture ?	hasn't our quail who waited waited annoyed our vulture ?
SRC	have our tyrannosauruses who our xylophones haven't confused eaten ?	haven't our tyrannosauruses who our xylophones confused have eaten ?
SRC	have the unicorns who haven't applauded the quails smiled ?	haven't the unicorns who applauded the quails have smiled ?
SRC	hasn't my walrus who has read giggled ?	hasn't my walrus who read giggled ?
SRC	has the vulture that hasn't slept swum ?	hasn't the vulture that slept swum ?
SRC	has our tyrannosaurus who hasn't slept smiled ?	hasn't our tyrannosaurus who slept smiled ?
SRC	haven't her zebras that have swum waited ?	have her zebras that swum waited waited ?
SRC	have some zebras that haven't moved waited ?	haven't some zebras that moved moved ?
SRC	hasn't our salamander who has remembered our zebras applauded our walruses ?	has our salamander who our zebras our zebras hasn't applauded our walruses ?
SRC	haven't our orangutans that have annoyed our vultures entertained some vultures ?	have our orangutans that annoyed our vultures entertained some vultures ? ?
SRC	have our ravens that haven't applauded her xylophone comforted our xylophones ?	haven't our ravens that applauded her xylophone comforted our xylophones ? ?
SRC	haven't the walruses who my vultures have annoyed admired some xylophone ?	have the walruses who my vultures annoyed admired some xylophone admired ?
SRC	have your salamanders that haven't entertained your peacock comforted her yak ?	haven't your salamanders that your entertained your peacock have comforted her yak ?
SRC	have the walruses that haven't confused our unicorn remembered your raven upon the yaks ?	haven't the walruses that our unicorn confused have remembered your raven upon the yaks ?
SRC	hasn't my raven that some xylophone has confused confused my vulture near the newt ?	has my raven that some xylophone confused confused my vulture near the newt ?
SRC	haven't some vultures who have comforted our zebra remembered my tyrannosaurus behind my tyrannosaurus ?	have some vultures who our comforted our zebra remembered my tyrannosaurus behind my tyrannosaurus ?
SRC	haven't the tyrannosauruses who have applauded her yaks applauded the quails around the newts ?	have the tyrannosauruses who applauded her yaks applauded the quails around the newts ?
SRC	has some tyrannosaurus that hasn't comforted my peacock applauded her newts below the peacock ?	hasn't some tyrannosaurus that comforted my peacock has applauded her newts below the peacock ?
SRC	have some quails who haven't annoyed your xylophone moved ?	haven't some quails who your xylophone your moved ? ?
SRC	haven't her walruses who have entertained some peacock eaten ?	have her walruses who some peacock some peacock eaten ?
SRC	has your salamander who hasn't eaten entertained her walrus ?	hasn't your salamander who eaten eaten entertained her walrus ?
SRC	has some raven who hasn't annoyed the zebras waited ?	hasn't some raven who the zebras annoyed the waited ?
SRC	has the newt who our peacock hasn't applauded read ?	hasn't the newt who our peacock applauded has read ?
SRC	hasn't the salamander who has admired my zebras giggled ?	has the salamander who my zebras my zebras giggled ?
SRC	haven't your yaks who have remembered her walruses giggled ?	have your yaks who have her walruses haven't giggled ?
SRC	have your yaks that haven't admired my walruses moved ?	haven't your yaks that admired my walruses have moved ?
SRC	have her unicorns that my vultures haven't entertained waited ?	haven't her unicorns that my vultures entertained have waited ?
SRC	hasn't her walrus who the vulture has entertained swum ?	has her walrus who the vulture entertained hasn't swum ?
SRC	haven't some vultures that the quails have amused annoyed your tyrannosaurus by some xylophones ?	have some vultures that the quails amused haven't annoyed your tyrannosaurus by some xylophones ?
SRC	have some vultures who some tyrannosauruses haven't applauded amused the zebra by our peacock ?	haven't some vultures who some tyrannosauruses applauded amused the zebra by our peacock by our peacock
SRC	has our orangutan that our salamander hasn't confused entertained the salamanders around the salamander ?	hasn't our orangutan that our salamander confused the entertained the salamanders around the salamander ?
SRC	haven't our ravens that my peacocks have accepted confused the walrus behind the tyrannosauruses ?	have our ravens that my peacocks accepted haven't confused the walrus behind the tyrannosauruses ?
SRC	hasn't her quail who has comforted her orangutans admired her zebra behind the vultures ?	has her quail who comforted her orangutans admired her zebra behind the vultures ? ?
SRC	hasn't the unicorn that your tyrannosaurus has entertained read ?	has the unicorn that your tyrannosaurus entertained hasn't read ?
SRC	hasn't her yak that has confused my peacock changed ?	has her yak that my peacock confused hasn't changed ?
SRC	have your peacocks who haven't admired some xylophone swum ?	haven't your peacocks who some admired some xylophone swum ?
SRC	have my xylophones that haven't annoyed some walrus changed ?	haven't my xylophones that annoyed some walrus have changed ?
SRC	has our newt that my zebra hasn't confused changed ?	hasn't our newt that my zebra confused has changed ?
SRC	have our peacocks who haven't smiled swum ?	haven't our peacocks who smiled swum ?
SRC	has my raven who hasn't waited slept ?	hasn't my raven who has slept ?
SRC	has some quail who hasn't smiled slept ?	hasn't some quail who smiled ? slept ?
SRC	have some walruses who haven't waited moved ?	haven't some walruses who have moved ?
SRC	hasn't my vulture that has swum moved ?	has my vulture that swum moved ?
SRC	haven't your vultures that have read slept ?	have your vultures that have slept ?
SRC	hasn't her walrus who has swum moved ?	hasn't her walrus who swum moved ?
SRC	has the salamander who hasn't moved moved ?	hasn't the salamander who moved moved moved ?
SRC	hasn't her walrus who has waited smiled ?	hasn't her walrus who has smiled ?
SRC	haven't some walruses that have eaten giggled ?	have some walruses that eaten eaten ?
SRC	has our vulture that some quail hasn't accepted entertained some salamander ?	hasn't our vulture that some quail accepted some has entertained some salamander ?
SRC	hasn't some orangutan that has entertained some yak admired my orangutan ?	has some orangutan that some entertained some hasn't admired my orangutan ?
SRC	has the salamander that our xylophone hasn't remembered entertained our quails ?	hasn't the salamander that our xylophone remembered entertained has entertained our quails ?
SRC	haven't your tyrannosauruses who have amused my quails accepted our walrus ?	have your tyrannosauruses who have amused my quails accepted our walrus ?
SRC	has your newt who your peacock hasn't confused comforted the xylophones ?	hasn't your newt who your peacock confused the comforted the xylophones ?
SRC	hasn't some newt who has entertained her vultures annoyed her quails behind some xylophones ?	has some newt who her entertained her annoyed her quails behind some xylophones ?
SRC	have my newts that some xylophones haven't applauded amused the quail upon our yak ?	haven't my newts that some xylophones applauded the amused the quail upon our yak ?
SRC	has your vulture who hasn't comforted our raven entertained some orangutan above your vultures ?	hasn't your vulture who our comforted our has entertained some orangutan above your vultures ?
SRC	have your tyrannosauruses that her quails haven't accepted annoyed our vulture behind your vulture ?	haven't your tyrannosauruses that her quails accepted have annoyed our vulture behind your vulture ?
SRC	have your orangutans that our orangutans haven't applauded comforted your orangutans below some vultures ?	haven't your orangutans that our orangutans applauded have comforted your orangutans below some vultures ?
SRC	haven't my newts who my newts have accepted remembered my newt ?	have my newts who my newts accepted haven't remembered my newt ?
SRC	hasn't my newt who has comforted the raven applauded her unicorns ?	has my newt who comforted the raven hasn't applauded her unicorns ?
SRC	has some walrus that some peacock hasn't applauded admired our newt ?	hasn't some walrus that some peacock applauded our has admired our newt ?
SRC	have some salamanders who haven't amused her salamander changed ?	haven't some salamanders who her amused her salamander changed ? ?
SRC	haven't her walruses that have accepted the orangutan slept ?	have her walruses that the accepted the orangutan ? ? ?
SRC	haven't her tyrannosauruses who have remembered the xylophones changed ?	have her tyrannosauruses who the xylophones xylophones haven't changed ?
SRC	haven't her unicorns who the quails have annoyed giggled ?	have her unicorns who the quails annoyed giggled ? ?
SRC	hasn't some walrus that some zebra has entertained smiled ?	has some walrus that some zebra entertained hasn't smiled ?
SRC	has your walrus that the tyrannosaurus hasn't annoyed waited ?	hasn't your walrus that the tyrannosaurus annoyed has waited ?
SRC	has my xylophone who her orangutan hasn't amused moved ?	hasn't my xylophone who her orangutan amused has moved ?
SRC	haven't the yaks that her yaks have admired eaten ?	have the yaks that her yaks admired haven't eaten ?
SRC	have your unicorns who my orangutans haven't annoyed smiled ?	haven't your unicorns who my orangutans annoyed have smiled ?
SRC	hasn't the newt who the zebra has comforted giggled ?	has the newt who the zebra comforted giggled ? ?
SRC	haven't her salamanders that some ravens have confused giggled ?	have her salamanders that some ravens confused haven't giggled ?
SRC	hasn't your orangutan that our yak has entertained changed ?	has your orangutan that our yak entertained hasn't changed ?
SRC	have some walruses who haven't comforted your raven read ?	haven't some walruses who your raven raven have read ?
SRC	hasn't the peacock that the yak has admired read ?	has the peacock that the yak admired hasn't read ?
SRC	hasn't her peacock who has entertained some zebras waited ?	has her peacock who some zebras some waited ?
SRC	have some quails that haven't comforted her yak eaten ?	haven't some quails that comforted her yak have eaten ?
SRC	have the orangutans who haven't remembered the orangutans read ?	haven't the orangutans who remembered the orangutans have read ?
SRC	hasn't her walrus that our raven has entertained smiled ?	has her walrus that our raven entertained hasn't smiled ?
SRC	hasn't the walrus that my quail has entertained swum ?	has the walrus that my quail entertained hasn't swum ?
SRC	haven't your salamanders who her ravens have entertained moved ?	have your salamanders who her ravens entertained haven't moved ?
SRC	have some tyrannosauruses that haven't waited annoyed my quail ?	haven't some tyrannosauruses that waited waited ? my quail ?
SRC	have our walruses that haven't read admired our vultures ?	haven't our walruses that read admired our vultures ? ?
SRC	haven't the quails who have accepted the yaks read ?	have the quails who the accepted the yaks read ?
SRC	have your peacocks who haven't comforted your newts eaten ?	haven't your peacocks who your comforted your newts eaten ?
SRC	hasn't some raven that has swum confused her vultures ?	has some raven that swum confused confused her vultures ?
SRC	have my ravens who haven't annoyed your yak changed ?	haven't my ravens who your yak have changed ? ?
SRC	have our walruses that our salamanders haven't accepted read ?	haven't our walruses that our salamanders accepted have read ?
SRC	has the orangutan that hasn't changed entertained my walrus ?	hasn't the orangutan that changed entertained my walrus ? ?
SRC	hasn't my tyrannosaurus that my xylophone has applauded moved ?	has my tyrannosaurus that my xylophone applauded hasn't moved ?
SRC	have my xylophones that her yaks haven't applauded waited ?	haven't my xylophones that her yaks applauded applauded waited ?
SRC	has your raven who hasn't smiled admired some zebras ?	hasn't your raven who smiled admired some zebras ? ?
SRC	has her unicorn who the newt hasn't annoyed slept ?	hasn't her unicorn who the newt annoyed has slept ?
SRC	have the peacocks who haven't giggled confused some salamander upon our unicorn ?	haven't the peacocks who giggled confused some salamander upon our unicorn ? ?
SRC	haven't our salamanders who have read applauded my orangutan above some salamander ?	have our salamanders who have applauded applauded my orangutan above some salamander ?
SRC	haven't the zebras who have eaten accepted her vultures below our newts ?	have the zebras who eaten eaten accepted her vultures below our newts ?
SRC	haven't our yaks that have changed accepted some orangutans with the yaks ?	have our yaks that changed accepted some orangutans with the yaks with ?
SRC	have my salamanders who haven't giggled comforted her walruses around some peacock ?	haven't my salamanders who giggled comforted her walruses her walruses around some peacock ?
SRC	have her salamanders that haven't admired some raven swum ?	haven't her salamanders that some admired some raven swum ?
SRC	has your tyrannosaurus who some newt hasn't remembered moved ?	hasn't your tyrannosaurus who some newt remembered has moved ?
SRC	has some newt that your xylophone hasn't amused read ?	hasn't some newt that your xylophone amused has read ?
SRC	have some vultures who haven't applauded our vulture moved ?	haven't some vultures who our vulture our moved ? ?
SRC	has some raven who our tyrannosaurus hasn't applauded waited ?	hasn't some raven who our tyrannosaurus applauded has waited ?
SRC	has our zebra who some quail hasn't applauded waited ?	hasn't our zebra who some quail applauded has waited ?
SRC	has the orangutan who our newt hasn't confused smiled ?	hasn't the orangutan who our newt confused has smiled ?
SRC	have the walruses who your yaks haven't remembered waited ?	haven't the walruses who your yaks remembered have waited ?
SRC	haven't your tyrannosauruses who my walruses have amused read ?	have your tyrannosauruses who my walruses amused haven't read ?
SRC	have her tyrannosauruses who my peacocks haven't remembered changed ?	haven't her tyrannosauruses who my peacocks remembered have changed ?
SRC	have her newts who haven't waited annoyed your newt with the salamanders ?	haven't her newts who have annoyed your newt with the salamanders with ?
SRC	have my peacocks that haven't changed accepted the peacocks near the tyrannosauruses ?	haven't my peacocks that changed accepted the peacocks near the peacocks ? ?
SRC	haven't some salamanders who have smiled confused your newts by her xylophone ?	have some salamanders who smiled smiled confused your newts by her xylophone ?
SRC	has our unicorn who hasn't waited admired the raven near the orangutan ?	hasn't our unicorn who has admired the raven near the raven near the ?
SRC	has my tyrannosaurus who hasn't smiled annoyed the orangutan upon some vultures ?	hasn't my tyrannosaurus who smiled annoyed the orangutan upon some orangutan ? ?
SRC	hasn't my unicorn that has annoyed her unicorn eaten ?	has my unicorn that annoyed her unicorn eaten ?
SRC	has your quail that your xylophone hasn't admired eaten ?	hasn't your quail that your xylophone admired has eaten ?
SRC	haven't her yaks that have remembered some yaks moved ?	have her yaks that remembered some yaks moved ?
SRC	haven't her quails who her salamanders have admired read ?	have her quails who her salamanders admired haven't read ?
SRC	have your newts who haven't read accepted the xylophone ?	haven't your newts who have accepted the xylophone ? ?
SRC	has my salamander who some zebra hasn't confused admired your salamanders ?	hasn't my salamander who some zebra confused has admired your salamanders ?
SRC	has your walrus who the peacock hasn't remembered amused your peacock ?	hasn't your walrus who the peacock remembered amused your peacock ? ?
SRC	have my ravens who haven't annoyed our peacocks annoyed her peacocks ?	haven't my ravens who our peacocks annoyed her annoyed her peacocks ?
SRC	hasn't my xylophone who my xylophone has applauded applauded her orangutans ?	has my xylophone who my xylophone applauded applauded her orangutans ? ?
SRC	have the walruses that haven't confused your vulture amused her vultures ?	haven't the walruses that your vulture your vulture have amused her vultures ?
SRC	have some quails that haven't admired some vultures annoyed the newts ?	haven't some quails that admired some vultures annoyed the newts ? ?
SRC	hasn't some unicorn that has confused the newt entertained my quail ?	has some unicorn that the confused the entertained my quail ? ?
SRC	have my ravens that my newts haven't entertained comforted her zebras ?	haven't my ravens that my newts entertained have comforted her zebras ?
SRC	have our ravens that haven't remembered her xylophone comforted some vultures ?	haven't our ravens that remembered her xylophone comforted some vultures ? ?
SRC	have your orangutans who our walruses haven't entertained applauded some xylophones ?	haven't your orangutans who our walruses entertained have applauded some xylophones ?
SRC	hasn't my zebra that has admired some quail waited ?	has my zebra that some admired some quail hasn't waited ?
SRC	have some ravens who haven't remembered your salamanders read ?	haven't some ravens who your salamanders your salamanders read ?
SRC	has the yak who some tyrannosaurus hasn't accepted moved ?	hasn't the yak who some tyrannosaurus accepted has moved ?
SRC	has her orangutan who my quail hasn't annoyed read ?	hasn't her orangutan who my quail annoyed has read ?
SRC	has her unicorn who my salamander hasn't accepted giggled ?	hasn't her unicorn who my salamander accepted has giggled ?
SRC	haven't your zebras that have giggled amused the ravens ?	have your zebras that giggled amused the ravens ? ?
SRC	haven't your orangutans who my tyrannosauruses have comforted waited ?	have your orangutans who my tyrannosauruses comforted haven't waited ?
SRC	have the tyrannosauruses who my walruses haven't annoyed giggled ?	haven't the tyrannosauruses who my walruses annoyed have giggled ?
SRC	has your raven that her salamander hasn't comforted waited ?	hasn't your raven that her salamander comforted has waited ?
SRC	have our zebras who haven't entertained my quail waited ?	haven't our zebras who my quail my quail waited ?
SRC	has my salamander that our salamander hasn't comforted smiled ?	hasn't my salamander that our salamander comforted smiled ? ?
SRC	have some unicorns who her tyrannosauruses haven't admired slept ?	haven't some unicorns who her tyrannosauruses admired have slept ?
SRC	has your quail that my zebra hasn't accepted read ?	hasn't your quail that my zebra accepted has read ?
SRC	has my peacock who our xylophone hasn't comforted read ?	hasn't my peacock who our xylophone comforted has read ?
SRC	have my walruses that your zebras haven't amused slept ?	haven't my walruses that your zebras amused have slept ?
SRC	has the xylophone that hasn't read waited ?	hasn't the xylophone that read waited waited ?
SRC	has your vulture that hasn't slept smiled ?	hasn't your vulture that slept smiled ? ?
SRC	hasn't our salamander that has swum waited ?	has our salamander that swum waited waited ?
SRC	haven't some walruses who have slept read ?	have some walruses who slept read ?
SRC	hasn't my vulture who has smiled smiled ?	hasn't my vulture who smiled smiled smiled ?
SRC	have the xylophones that the quails haven't comforted giggled ?	haven't the xylophones that the quails comforted giggled ? ?
SRC	have your ravens that haven't swum remembered your salamanders ?	haven't your ravens that swum remembered your salamanders ? ?
SRC	hasn't our orangutan who her peacock has remembered waited ?	has our orangutan who her peacock remembered hasn't waited ?
SRC	haven't your orangutans who our yaks have entertained moved ?	have your orangutans who our yaks entertained haven't moved ?
SRC	hasn't your peacock that has slept admired her xylophones ?	hasn't your peacock that slept admired her xylophones ? ?
SRC	have your yaks that haven't admired our xylophones swum ?	haven't your yaks that our xylophones xylophones have swum ?
SRC	haven't our zebras who have slept accepted your newts ?	have our zebras who slept accepted your newts ? ?
SRC	hasn't my walrus that your zebra has entertained waited ?	has my walrus that your zebra entertained hasn't waited ?
SRC	have some xylophones that haven't read annoyed her salamanders ?	haven't some xylophones that have annoyed her salamanders ? ?
SRC	have our quails who our ravens haven't annoyed smiled ?	haven't our quails who our ravens annoyed have smiled ?
SRC	hasn't my salamander that has amused our zebras eaten ?	has my salamander that amused our zebras hasn't eaten ?
SRC	haven't our salamanders who have eaten applauded some yak ?	have our salamanders who eaten eaten applauded some yak ?
SRC	have our xylophones that her walruses haven't applauded giggled ?	haven't our xylophones that her walruses applauded have giggled ?
SRC	haven't the tyrannosauruses who have applauded some newt moved ?	have the tyrannosauruses who applauded some newt haven't moved ?
SRC	haven't my orangutans who have applauded your zebra read ?	have my orangutans who applauded your zebra read ? ?
SRC	haven't your zebras that her ravens have comforted admired some peacock ?	have your zebras that her ravens comforted some admired some peacock ?
SRC	has the zebra who your newt hasn't admired confused some vulture ?	hasn't the zebra who your newt admired some confused some vulture ?
SRC	have my unicorns who the vultures haven't admired admired some orangutans ?	haven't my unicorns who the vultures admired admired some orangutans ? ?
SRC	hasn't the tyrannosaurus who her newt has applauded remembered her salamanders ?	has the tyrannosaurus who her newt applauded her remembered her salamanders ?
SRC	hasn't her newt that has remembered your yak remembered the quails ?	has her newt that remembered your yak hasn't remembered the quails ?
SRC	have some unicorns who our walruses haven't admired slept ?	haven't some unicorns who our walruses admired have slept ?
SRC	has my tyrannosaurus who hasn't remembered our walrus eaten ?	hasn't my tyrannosaurus who our walrus has eaten ?
SRC	has your tyrannosaurus who my orangutan hasn't annoyed waited ?	hasn't your tyrannosaurus who my orangutan annoyed has waited ?
SRC	have some quails who haven't read comforted her yak ?	haven't some quails who read comforted comforted her yak ?
SRC	haven't some yaks who have confused some peacock waited ?	have some yaks who some peacock some peacock waited ?
SRC	has some orangutan that hasn't read waited ?	hasn't some orangutan that read waited waited ?
SRC	have her orangutans who haven't changed giggled ?	haven't her orangutans who changed giggled ?
SRC	haven't her unicorns that have eaten read ?	have her unicorns that eaten eaten ?
SRC	hasn't the quail who has smiled smiled ?	hasn't the quail who smiled smiled smiled ?
SRC	have the zebras that haven't swum waited ?	haven't the zebras that swum waited waited ?
SRC	hasn't our quail that my xylophone has admired applauded your walrus near our walruses ?	has our quail that my xylophone admired hasn't applauded your walrus near our walruses ?
SRC	has the vulture who hasn't confused the vultures accepted the vulture near her salamander ?	hasn't the vulture who the vultures accepted the accepted the vulture near her salamander ?
SRC	has my orangutan that hasn't accepted our vultures confused our newt upon your orangutans ?	hasn't my orangutan that accepted our vultures confused our newt upon your orangutans ?
SRC	have some quails that the orangutans haven't annoyed accepted your xylophones above her raven ?	haven't some quails that the orangutans annoyed accepted your xylophones above her raven above her raven
SRC	haven't our walruses who have confused the tyrannosauruses amused the salamanders with some walruses ?	have our walruses who the confused the tyrannosauruses amused the salamanders with some walruses ?
SRC	haven't your unicorns that have slept confused some peacock by her peacock ?	have your unicorns that have confused some peacock by her peacock ?
SRC	hasn't the tyrannosaurus who has waited comforted your peacock above my zebras ?	hasn't the tyrannosaurus who has comforted your peacock above my peacock ?
SRC	hasn't the newt that has moved confused the walrus behind the peacocks ?	hasn't the newt that moved moved the walrus behind the peacocks ?
SRC	has some raven that hasn't giggled entertained some zebra around some xylophones ?	hasn't some raven that giggled entertained some zebra around some xylophones ?
SRC	hasn't some walrus that has slept confused some xylophone above the vultures ?	hasn't some walrus that slept confused some xylophone above the vultures ?
SRC	haven't some quails that our unicorns have remembered giggled ?	have some quails that our unicorns remembered giggled ? ?
SRC	hasn't the tyrannosaurus who her peacock has entertained changed ?	has the tyrannosaurus who her peacock entertained hasn't changed ?
SRC	has her walrus who hasn't applauded our xylophone waited ?	hasn't her walrus who our applauded our has waited ?
SRC	has her zebra who hasn't confused some peacock changed ?	hasn't her zebra who some peacock confused has changed ?
SRC	have our peacocks who your peacocks haven't amused giggled ?	haven't our peacocks who your peacocks amused have giggled ?
SRC	hasn't her newt who the newt has accepted accepted her walruses around our walrus ?	has her newt who the newt accepted hasn't accepted her walruses around our walrus ?
SRC	have my xylophones who haven't confused her salamander amused your walrus below your zebra ?	haven't my xylophones who her confused her amused your walrus below your zebra ? ?
SRC	hasn't some zebra who has entertained the walruses confused your quails below her walrus ?	has some zebra who the walruses the walruses confused your quails below her walrus ?
SRC	hasn't our peacock who some unicorn has remembered accepted your yak behind some unicorns ?	has our peacock who some unicorn remembered hasn't accepted your yak behind some unicorns ?
SRC	have the unicorns who the walruses haven't amused remembered our orangutan upon her raven ?	haven't the unicorns who the walruses amused remembered our orangutan upon her raven ?
SRC	haven't your yaks that my walruses have amused confused my xylophone by her orangutans ?	have your yaks that my walruses amused haven't confused my xylophone by her orangutans ?
SRC	haven't her yaks that your quails have accepted entertained my quails behind some orangutans ?	have her yaks that your quails accepted haven't entertained my quails behind some orangutans ?
SRC	has her unicorn who our zebra hasn't comforted confused some yaks with some salamanders ?	hasn't her unicorn who our zebra comforted confused some yaks with some salamanders with some salamanders
SRC	haven't some salamanders that my zebras have applauded accepted our unicorn upon the walruses ?	have some salamanders that my zebras applauded accepted our unicorn upon the walruses ? ?
SRC	haven't our zebras that our orangutans have amused remembered our salamander with your salamander ?	have our zebras that our orangutans amused haven't remembered our salamander with your salamander ?
SRC	hasn't her peacock that some tyrannosaurus has entertained remembered your unicorn below our vultures ?	has her peacock that some tyrannosaurus entertained hasn't remembered your unicorn below our vultures ?
SRC	haven't her tyrannosauruses who the yaks have admired amused our quails behind the xylophone ?	have her tyrannosauruses who the yaks admired our amused our quails behind the xylophone ?
SRC	has your zebra who hasn't comforted our orangutans comforted some peacocks above your yaks ?	hasn't your zebra who our comforted our has comforted some peacocks above your yaks ?
SRC	have your vultures who my salamanders haven't admired comforted our vultures below my vultures ?	haven't your vultures who my salamanders admired have comforted our vultures below my vultures ?
SRC	hasn't my raven who your orangutan has confused comforted the raven above the vulture ?	has my raven who your orangutan confused hasn't comforted the raven above the vulture ?
SRC	hasn't her vulture that has accepted the vultures swum ?	has her vulture that the accepted the vultures swum ?
SRC	hasn't her peacock who your yak has admired smiled ?	has her peacock who your yak admired hasn't smiled ?
SRC	has our newt who hasn't annoyed my quails read ?	hasn't our newt who annoyed my quails has read ?
SRC	have the vultures who haven't annoyed my quails read ?	haven't the vultures who annoyed my quails have read ?
SRC	haven't her peacocks who have admired my tyrannosaurus waited ?	have her peacocks who my tyrannosaurus my tyrannosaurus waited ?
SRC	haven't your newts who have remembered some orangutans annoyed her vulture ?	have your newts who have some orangutans haven't annoyed her vulture ?
SRC	haven't your quails who have confused some quail remembered some quails ?	have your quails who some confused some remembered some quails ? ?
SRC	haven't her zebras who some peacocks have remembered entertained our vulture ?	have her zebras who some peacocks remembered haven't entertained our vulture ?
SRC	has some yak who hasn't remembered your peacocks amused some vultures ?	hasn't some yak who your peacocks your has amused some vultures ?
SRC	have my orangutans who haven't remembered my raven remembered her newts ?	haven't my orangutans who my raven remembered have remembered her newts ?
SRC	hasn't some xylophone that has changed accepted your yak behind her quail ?	has some xylophone that changed accepted your yak behind her quail ? ?
SRC	haven't her salamanders that have moved comforted the yak below her tyrannosaurus ?	have her salamanders that moved moved the yak below her tyrannosaurus ? ?
SRC	has her xylophone who hasn't moved confused your vultures behind your unicorns ?	hasn't her xylophone who moved ? confused your vultures behind your unicorns ?
SRC	hasn't your quail that has changed confused my ravens below some newts ?	has your quail that changed confused my ravens below some ravens ? ?
SRC	haven't the vultures who have slept entertained the xylophones upon your newt ?	have the vultures who slept entertained the xylophones upon your xylophones newt ?
SRC	haven't some unicorns who have moved entertained your raven with the zebra ?	have some unicorns who have entertained your raven with the zebra ? ?
SRC	hasn't her raven who has eaten admired our peacock around your xylophone ?	has her raven who eaten eaten admired our peacock around your xylophone ?
SRC	have our yaks who haven't moved confused the yaks behind my walruses ?	haven't our yaks who moved moved the yaks behind my walruses ? ?
SRC	haven't our xylophones that have slept confused her walrus by some orangutan ?	have our xylophones that haven't confused her walrus by some orangutan ? ?
SRC	haven't her zebras that have giggled amused my vulture above our walruses ?	have her zebras that giggled amused my vulture above our vulture ? ?
SRC	have the newts that haven't annoyed some vulture waited ?	haven't the newts that some vulture vulture have waited ?
SRC	have her quails who haven't applauded your vulture changed ?	haven't her quails who applauded your vulture have changed ?
SRC	has her quail that hasn't entertained her xylophones moved ?	hasn't her quail that her entertained her moved ? ?
SRC	have some newts that haven't annoyed your newts read ?	haven't some newts that your annoyed your newts ? ?
SRC	hasn't the newt that some tyrannosaurus has comforted eaten ?	has the newt that some tyrannosaurus comforted eaten ?
SRC	has my walrus who hasn't remembered her walrus remembered some yaks ?	hasn't my walrus who remembered her walrus has remembered some yaks ?
SRC	hasn't the zebra who has entertained my tyrannosauruses remembered some orangutans ?	has the zebra who my entertained my hasn't remembered some orangutans ?
SRC	have some unicorns that haven't confused your walrus applauded our newt ?	haven't some unicorns that your confused your applauded our newt ? ?
SRC	hasn't your xylophone that her tyrannosaurus has entertained applauded her orangutans ?	has your xylophone that her tyrannosaurus entertained hasn't applauded her orangutans ?
SRC	haven't my yaks that my xylophones have remembered entertained our salamander ?	have my yaks that my xylophones remembered haven't entertained our salamander ?
SRC	have our quails that haven't read comforted our ravens ?	haven't our quails that read comforted our ravens ? ?
SRC	have some orangutans that your ravens haven't admired waited ?	haven't some orangutans that your ravens admired have waited ?
SRC	has my vulture that hasn't confused some walruses smiled ?	hasn't my vulture that some confused some smiled ? ?
SRC	has the tyrannosaurus who hasn't amused my walrus swum ?	hasn't the tyrannosaurus who my walrus walrus has swum ?
SRC	has my yak who her tyrannosaurus hasn't entertained slept ?	hasn't my yak who her tyrannosaurus entertained has slept ?
SRC	hasn't your salamander who has amused the orangutan changed ?	has your salamander who amused the orangutan hasn't changed ?
SRC	hasn't my yak that has amused my walruses slept ?	has my yak that amused my walruses hasn't slept ?
SRC	has your peacock who hasn't confused some salamander eaten ?	hasn't your peacock who some salamander confused has eaten ?
SRC	haven't our peacocks who have applauded some salamanders smiled ?	have our peacocks who applauded some salamanders haven't smiled ?
SRC	have my peacocks who haven't smiled admired our orangutans ?	haven't my peacocks who smiled admired our orangutans ? ?
SRC	has my vulture who hasn't slept entertained her vulture upon our zebras ?	hasn't my vulture who has entertained her vulture upon our vulture ? ?
SRC	has my walrus that hasn't slept amused some tyrannosaurus with your orangutans ?	hasn't my walrus that slept amused some tyrannosaurus with your orangutans ? ?
SRC	have my vultures who our tyrannosauruses haven't comforted applauded the zebra ?	haven't my vultures who our tyrannosauruses comforted applauded the zebra ? ?
SRC	have her xylophones that haven't confused her zebras remembered your xylophones ?	haven't her xylophones that her confused her remembered your xylophones ? ?
SRC	has my xylophone that hasn't admired my zebras entertained the salamanders ?	hasn't my xylophone that admired my zebras entertained has entertained the salamanders ?
SRC	have the orangutans who haven't accepted the ravens giggled ?	haven't the orangutans who the ravens the giggled ? ?
SRC	has her salamander who hasn't comforted her peacocks changed ?	hasn't her salamander who comforted her peacocks has changed ?
SRC	haven't our peacocks who have admired your yak changed ?	have our peacocks who your yak admired haven't changed ?
SRC	hasn't our vulture who has applauded the newt waited ?	has our vulture who applauded the newt waited ?
SRC	has our zebra who her walrus hasn't accepted read ?	hasn't our zebra who her walrus accepted has read ?
SRC	hasn't your unicorn that has entertained her peacocks remembered your ravens ?	has your unicorn that her entertained her remembered your ravens ? ?
SRC	have the zebras who haven't confused some newt accepted my vulture ?	haven't the zebras who some confused some accepted my vulture ? ?
SRC	have my tyrannosauruses that her tyrannosauruses haven't applauded annoyed the walrus ?	haven't my tyrannosauruses that her tyrannosauruses applauded annoyed the walrus ? ?
SRC	haven't my tyrannosauruses that have applauded the unicorns remembered the unicorn ?	have my tyrannosauruses that applauded the unicorns remembered the unicorn ? ?
SRC	has my tyrannosaurus that our raven hasn't amused entertained some walruses ?	hasn't my tyrannosaurus that our raven amused has entertained some walruses ?
SRC	haven't our walruses who have changed remembered your newts with her zebras ?	have our walruses who changed remembered your newts with her zebras ? ?
SRC	hasn't her tyrannosaurus that has swum entertained her raven with the salamanders ?	has her tyrannosaurus that swum entertained her raven with the salamanders ? ?
SRC	have my tyrannosauruses who haven't giggled remembered my salamander by our newts ?	haven't my tyrannosauruses who giggled remembered my salamander by our newts by our
SRC	hasn't my salamander who has slept annoyed your quail near my peacocks ?	hasn't my salamander who slept annoyed your quail near my peacocks ? ?
SRC	haven't her quails who have smiled accepted your unicorns near my xylophone ?	have her quails who smiled accepted your unicorns near my unicorns ? ?
SRC	have her tyrannosauruses that haven't comforted our peacock moved ?	haven't her tyrannosauruses that our peacock comforted our moved ?
SRC	have some ravens who haven't confused her tyrannosaurus moved ?	haven't some ravens who her confused her tyrannosaurus moved ?
SRC	haven't her walruses who have moved annoyed some raven ?	have her walruses who moved moved annoyed some raven ?
SRC	have my ravens who her unicorns haven't amused swum ?	haven't my ravens who her unicorns amused have swum ?
SRC	haven't her newts who have amused her quails smiled ?	have her newts who her amused her smiled ? ?
SRC	have some orangutans that our tyrannosauruses haven't entertained waited ?	haven't some orangutans that our tyrannosauruses entertained have waited ?
SRC	has our zebra that hasn't annoyed her newts waited ?	hasn't our zebra that annoyed her newts has waited ?
SRC	haven't my ravens who her zebras have admired read ?	have my ravens who her zebras admired haven't read ?
SRC	haven't our walruses who our walruses have accepted changed ?	have our walruses who our walruses accepted haven't changed ?
SRC	has my newt who hasn't remembered the peacock smiled ?	hasn't my newt who hasn't the peacock has smiled ?
SRC	hasn't my unicorn who my tyrannosaurus has comforted changed ?	has my unicorn who my tyrannosaurus comforted hasn't changed ?
SRC	haven't our walruses that have applauded some yaks giggled ?	have our walruses that applauded some yaks giggled ? ?
SRC	hasn't some quail that some unicorn has entertained moved ?	has some quail that some unicorn entertained hasn't moved ?
SRC	hasn't our tyrannosaurus that your tyrannosaurus has applauded changed ?	has our tyrannosaurus that your tyrannosaurus applauded hasn't changed ?
SRC	hasn't your xylophone who has comforted her salamander waited ?	has your xylophone who comforted her salamander waited ?
SRC	have our yaks that some quails haven't amused confused our quail ?	haven't our yaks that some quails amused confused our quail ? ?
SRC	have the vultures that some salamanders haven't annoyed annoyed our salamanders ?	haven't the vultures that some salamanders annoyed annoyed our salamanders annoyed ?
SRC	have our orangutans who the vultures haven't annoyed admired your quails ?	haven't our orangutans who the vultures annoyed admired your quails ? ?
SRC	haven't some newts who have admired the unicorn amused some salamander ?	have some newts who the admired the unicorn amused some salamander ?
SRC	hasn't our quail that has admired some tyrannosaurus accepted our unicorns ?	has our quail that some admired some tyrannosaurus hasn't accepted our unicorns ?
SRC	has her salamander who hasn't applauded some unicorn waited ?	hasn't her salamander who applauded some unicorn waited ?
SRC	haven't the peacocks that have changed annoyed the tyrannosaurus ?	have the peacocks that have annoyed the tyrannosaurus ? ?
SRC	have her newts who our vultures haven't amused waited ?	haven't her newts who our vultures amused have waited ?
SRC	have some newts that your xylophones haven't amused waited ?	haven't some newts that your xylophones amused have waited ?
SRC	hasn't some walrus that has amused my orangutan read ?	has some walrus that has amused my orangutan read ?
SRC	haven't your ravens who have confused your raven swum ?	have your ravens who your confused your swum ? ?
SRC	has her vulture that hasn't admired her zebra giggled ?	hasn't her vulture that admired her zebra has giggled ?
SRC	haven't the newts that the xylophones have entertained smiled ?	have the newts that the xylophones entertained haven't smiled ?
SRC	hasn't my salamander who your yak has admired giggled ?	has my salamander who your yak admired hasn't giggled ?
SRC	haven't my xylophones who your yaks have admired waited ?	have my xylophones who your yaks admired haven't waited ?
SRC	haven't some quails that have confused our vulture slept ?	have some quails that our vulture our vulture slept ?
SRC	haven't her quails who your orangutans have accepted changed ?	have her quails who your orangutans accepted haven't changed ?
SRC	haven't our ravens that have changed confused our yaks ?	have our ravens that changed confused our yaks ? ?
SRC	have my vultures that haven't comforted our zebras giggled ?	haven't my vultures that our zebras our giggled ? ?
SRC	has your newt that hasn't slept annoyed her orangutans ?	hasn't your newt that slept annoyed her orangutans ? ?
SRC	hasn't my yak who has smiled slept ?	hasn't my yak who smiled smiled ?
SRC	have her vultures who haven't giggled read ?	haven't her vultures who giggled read ?
SRC	hasn't her tyrannosaurus who has swum giggled ?	has her tyrannosaurus who swum giggled ?
SRC	have your zebras that haven't waited read ?	haven't your zebras that have read ?
SRC	hasn't my walrus that has moved swum ?	hasn't my walrus that moved moved ?
SRC	has some quail who hasn't confused some walruses applauded some vultures below my quail ?	hasn't some quail who some confused some walruses has applauded some quail below my quail ?
SRC	hasn't the unicorn that has admired our vultures confused the xylophones by my newts ?	has the unicorn that our vultures our vultures confused the xylophones by my newts ?
SRC	has the newt who hasn't moved admired some yak above my yak ?	hasn't the newt who moved moved some yak above my yak above ? ?
SRC	have the salamanders that haven't waited accepted her quail by the unicorn ?	haven't the salamanders that have accepted her quail by the unicorn ? ?
SRC	has the newt who hasn't moved accepted her quail around your newts ?	hasn't the newt who moved moved accepted her quail around your newts ? ?
SRC	hasn't the orangutan that has amused our tyrannosauruses read ?	has the orangutan that our amused our tyrannosauruses hasn't read ?
SRC	haven't her zebras that have entertained some unicorns moved ?	have her zebras that some entertained some unicorns moved ?
SRC	has your vulture who hasn't accepted her newt smiled ?	hasn't your vulture who her accepted her smiled ? ?
SRC	have the ravens who haven't comforted some yak changed ?	haven't the ravens who some yak have changed ?
SRC	has the quail who my quail hasn't amused giggled ?	hasn't the quail who my quail amused has giggled ?
SRC	haven't our yaks that have changed slept ?	have our yaks that have slept ?
SRC	has the vulture that hasn't giggled changed ?	hasn't the vulture that giggled changed changed ?
SRC	hasn't some vulture who has read waited ?	hasn't some vulture who read waited waited ?
SRC	haven't the unicorns who have eaten read ?	have the unicorns who eaten eaten ?
SRC	hasn't the xylophone who has read read ?	hasn't the xylophone who read read ?
SRC	hasn't our quail who her peacock has amused admired her yak behind our ravens ?	has our quail who her peacock amused hasn't admired her yak behind our ravens ?
SRC	haven't our quails who have confused some yak entertained my zebras around your quails ?	have our quails who some yak some entertained my zebras around your quails around your
SRC	has some peacock who hasn't admired some zebra amused our vulture above some xylophones ?	hasn't some peacock who some admired some zebra amused our vulture above some xylophones ?
SRC	has our zebra that hasn't annoyed our peacocks accepted our yak near my quail ?	hasn't our zebra that annoyed our peacocks has accepted our yak near my quail ?
SRC	have the quails who some unicorns haven't comforted remembered my salamanders near some quail ?	haven't the quails who some unicorns comforted remembered my salamanders near some quail ? ?
SRC	has my vulture that some xylophone hasn't annoyed slept ?	hasn't my vulture that some xylophone annoyed has slept ?
SRC	hasn't her xylophone that has accepted your zebras slept ?	has her xylophone that your zebras accepted hasn't slept ?
SRC	hasn't my newt who has confused her zebra moved ?	has my newt who her zebra her moved ?
SRC	has my unicorn who the salamander hasn't remembered swum ?	hasn't my unicorn who the salamander remembered has swum ?
SRC	have the zebras that some quails haven't entertained waited ?	haven't the zebras that some quails entertained have waited ?
SRC	haven't the newts who have annoyed your vulture eaten ?	have the newts who your vulture your eaten ? ?
SRC	hasn't your newt that my unicorn has remembered smiled ?	has your newt that my unicorn remembered hasn't smiled ?
SRC	have my yaks who the salamanders haven't amused eaten ?	haven't my yaks who the salamanders amused have eaten ?
SRC	hasn't the walrus that has amused your walrus giggled ?	has the walrus that amused your walrus hasn't giggled ?
SRC	hasn't some salamander who has moved amused your unicorn ?	has some salamander who moved moved your unicorn ? ?
SRC	has your newt who hasn't eaten giggled ?	hasn't your newt who eaten eaten ?
SRC	has her raven that hasn't changed read ?	hasn't her raven that changed read ?
SRC	has some unicorn who hasn't giggled waited ?	hasn't some unicorn who giggled ? waited ?
SRC	hasn't the peacock that has giggled swum ?	has the peacock that giggled swum ?
SRC	hasn't our peacock who has swum changed ?	has our peacock who swum changed ?
SRC	haven't my orangutans who have swum waited ?	have my orangutans who have waited waited ?
SRC	has the walrus who hasn't swum slept ?	hasn't the walrus who swum slept ?
SRC	have our unicorns who haven't giggled slept ?	haven't our unicorns who giggled slept ?
SRC	hasn't my quail that has smiled read ?	has my quail that smiled smiled read ?
SRC	haven't my walruses that have moved giggled ?	have my walruses that haven't giggled ?
SRC	have my yaks who haven't admired our zebra comforted her zebra around her zebras ?	haven't my yaks who our zebra our zebra comforted her zebra around her zebras ?
SRC	hasn't her unicorn who her newt has accepted applauded my yaks by her salamanders ?	has her unicorn who her newt accepted hasn't applauded my yaks by her salamanders ?
SRC	have our peacocks who my salamanders haven't remembered comforted some peacock around some quails ?	haven't our peacocks who my salamanders remembered have comforted some peacock around some quails ?
SRC	have my yaks who haven't applauded our vultures entertained my walruses below some salamanders ?	haven't my yaks who our vultures entertained have entertained my walruses below some salamanders ?
SRC	has the zebra who hasn't confused our xylophones admired the walrus by the xylophone ?	hasn't the zebra who our xylophones our has admired the walrus by the xylophone ?
SRC	have some yaks that my peacocks haven't annoyed annoyed her yak by your orangutans ?	haven't some yaks that my peacocks annoyed annoyed her yak by your orangutans by your orangutans
SRC	hasn't her peacock that has confused some xylophones annoyed my newts below my salamander ?	has her peacock that some xylophones some xylophones annoyed my newts below my salamander ?
SRC	has her quail who my tyrannosaurus hasn't entertained admired her salamander near some walruses ?	hasn't her quail who my tyrannosaurus entertained has admired her salamander near some walruses ?
SRC	have her salamanders who your zebras haven't comforted remembered your yaks near her ravens ?	haven't her salamanders who your zebras comforted remembered your yaks near her ravens near her
SRC	hasn't her salamander who has annoyed our newt applauded my vulture by her peacocks ?	has her salamander who our newt our newt applauded my vulture by her peacocks ?
SRC	have her yaks that haven't smiled changed ?	haven't her yaks that smiled changed changed ?
SRC	haven't some walruses that have giggled read ?	have some walruses that giggled read ?
SRC	hasn't our raven that has read giggled ?	hasn't our raven that read giggled ?
SRC	haven't my unicorns who have waited swum ?	have my unicorns who have swum ?
SRC	haven't your ravens who have giggled changed ?	have your ravens who giggled changed ?
SRC	has your vulture that hasn't comforted our unicorn annoyed our tyrannosauruses ?	hasn't your vulture that our comforted our has annoyed our tyrannosauruses ?
SRC	have your salamanders who haven't comforted my yaks admired your walruses ?	haven't your salamanders who my yaks comforted admired your walruses ? ?
SRC	has my peacock that hasn't accepted my zebras comforted the peacocks ?	hasn't my peacock that accepted my zebras has comforted the peacocks ?
SRC	has your yak that hasn't admired the quails confused your salamanders ?	hasn't your yak that the admired the has confused your salamanders ?
SRC	haven't some peacocks that her newts have amused entertained her zebras ?	have some peacocks that her newts amused haven't entertained her zebras ?
SRC	haven't the quails that have applauded my salamander smiled ?	have the quails that applauded my salamander smiled ? ?
SRC	has some newt who hasn't remembered her vultures changed ?	hasn't some newt who hasn't remembered her changed ?
SRC	has our peacock who your zebra hasn't remembered changed ?	hasn't our peacock who your zebra remembered has changed ?
SRC	haven't her orangutans that have confused my yaks smiled ?	have her orangutans that my yaks yaks smiled ? ?
SRC	hasn't our vulture that has waited smiled ?	hasn't our vulture that waited waited ? ? ?
SRC	has our newt that your vulture hasn't annoyed smiled ?	hasn't our newt that your vulture annoyed has smiled ?
SRC	haven't our tyrannosauruses who my vultures have entertained changed ?	have our tyrannosauruses who my vultures entertained haven't changed ?
SRC	hasn't our raven who some peacock has admired waited ?	has our raven who some peacock admired hasn't waited ?
SRC	haven't your xylophones that have admired the orangutan changed ?	have your xylophones that the admired the orangutan ? ?
SRC	has your newt that hasn't accepted my xylophone moved ?	hasn't your newt that accepted my xylophone has moved ?
SRC	hasn't her tyrannosaurus who her newt has applauded read ?	has her tyrannosaurus who her newt applauded hasn't read ?
SRC	has her xylophone who hasn't amused the tyrannosauruses waited ?	hasn't her xylophone who amused the tyrannosauruses has waited ?
SRC	has your walrus who her unicorn hasn't amused giggled ?	hasn't your walrus who her unicorn amused has giggled ?
SRC	haven't some ravens that have remembered the zebras changed ?	have some ravens that remembered the zebras changed ?
SRC	have our salamanders who some vultures haven't applauded smiled ?	haven't our salamanders who some vultures applauded applauded smiled ?
SRC	haven't some tyrannosauruses who have eaten slept ?	have some tyrannosauruses who eaten eaten ?
SRC	has our xylophone who hasn't smiled eaten ?	hasn't our xylophone who smiled eaten ?
SRC	hasn't your raven who has eaten changed ?	hasn't your raven who eaten eaten ?
SRC	have my peacocks who haven't giggled slept ?	haven't my peacocks who giggled slept ?
SRC	have some quails that haven't moved read ?	haven't some quails that moved ? read ?
SRC	hasn't her unicorn who has smiled changed ?	hasn't her unicorn who smiled changed changed ?
SRC	have her unicorns who haven't smiled moved ?	haven't her unicorns who smiled moved ?
SRC	has my raven who hasn't read giggled ?	hasn't my raven who has giggled ?
SRC	have her unicorns who haven't changed waited ?	haven't her unicorns who changed waited ?
SRC	hasn't the orangutan who has slept swum ?	hasn't the orangutan who slept swum ?
SRC	has some tyrannosaurus that your peacock hasn't admired waited ?	hasn't some tyrannosaurus that your peacock admired has waited ?
SRC	has the quail who hasn't entertained my zebra eaten ?	hasn't the quail who my entertained my zebra eaten ?
SRC	have her peacocks that haven't smiled applauded the walruses ?	haven't her peacocks that smiled applauded applauded the walruses ?
SRC	hasn't my zebra that has applauded the zebras swum ?	has my zebra that applauded the zebras hasn't swum ?
SRC	hasn't my yak that our zebra has amused read ?	has my yak that our zebra amused hasn't read ?
SRC	has her unicorn that hasn't comforted some yak smiled ?	hasn't her unicorn that some comforted some has smiled ?
SRC	haven't my ravens that her vultures have admired changed ?	have my ravens that her vultures admired haven't changed ?
SRC	hasn't her tyrannosaurus that some orangutan has annoyed waited ?	has her tyrannosaurus that some orangutan annoyed hasn't waited ?
SRC	haven't your vultures that have confused your yak waited ?	have your vultures that your confused your waited ? ?
SRC	has the newt that her newt hasn't applauded waited ?	hasn't the newt that her newt applauded has waited ?
SRC	has our tyrannosaurus who hasn't comforted the vultures accepted some peacocks above the peacocks ?	hasn't our tyrannosaurus who the comforted the vultures accepted some peacocks above the peacocks ?
SRC	haven't the peacocks who have amused some orangutans annoyed some walrus around her orangutan ?	have the peacocks who some amused some orangutans annoyed some walrus around her orangutan ?
SRC	have our ravens that haven't admired my unicorns comforted some newt by the raven ?	haven't our ravens that admired my unicorns comforted some newt by the raven by the raven
SRC	haven't our yaks who have annoyed the tyrannosaurus entertained my tyrannosaurus with some yaks ?	have our yaks who the annoyed the tyrannosaurus entertained my tyrannosaurus with some yaks ?
SRC	has my unicorn that hasn't annoyed your zebra comforted some yaks above my quail ?	hasn't my unicorn that your zebra zebra has comforted some yaks above my quail ?
SRC	hasn't my newt who has moved accepted our xylophone ?	hasn't my newt who moved moved our xylophone ? ?
SRC	haven't your walruses who have comforted my newts read ?	have your walruses who comforted my newts haven't read ?
SRC	have the unicorns who your yaks haven't admired read ?	haven't the unicorns who your yaks admired admired ? ?
SRC	has your quail who some salamander hasn't admired changed ?	hasn't your quail who some salamander admired has changed ?
SRC	have the zebras who the salamanders haven't admired slept ?	haven't the zebras who the salamanders admired have slept ?
SRC	has your unicorn that our unicorn hasn't confused applauded some zebra ?	hasn't your unicorn that our unicorn confused has applauded some zebra ?
SRC	haven't my yaks that her newts have comforted applauded some tyrannosaurus ?	have my yaks that her newts comforted applauded some tyrannosaurus ? ?
SRC	have our unicorns who your walruses haven't confused amused her peacock ?	haven't our unicorns who your walruses confused have amused her peacock ?
SRC	has your walrus that our raven hasn't applauded confused her vultures ?	hasn't your walrus that our raven applauded her confused her vultures ?
SRC	have some walruses that haven't applauded your newts applauded some newts ?	haven't some walruses that applauded your newts have applauded some newts ?
SRC	haven't some quails that our unicorns have applauded slept ?	have some quails that our unicorns applauded haven't slept ?
SRC	has the walrus who her unicorn hasn't remembered slept ?	hasn't the walrus who her unicorn remembered has slept ?
SRC	hasn't your newt that has entertained your quail slept ?	has your newt that your entertained your quail slept ?
SRC	hasn't some zebra who has confused the tyrannosauruses swum ?	has some zebra who the confused the tyrannosauruses swum ?
SRC	hasn't your vulture that has confused the newt swum ?	has your vulture that the confused the newt swum ?
SRC	haven't our newts who have confused your orangutan amused my zebra ?	have our newts who your orangutan orangutan amused my zebra ? ?
SRC	haven't her peacocks that have remembered our ravens applauded my unicorns ?	have her peacocks that remembered our ravens haven't applauded my unicorns ?
SRC	hasn't our raven who some unicorn has applauded comforted her orangutans ?	has our raven who some unicorn applauded hasn't comforted her orangutans ?
SRC	hasn't my quail that has entertained my yaks accepted the vulture ?	has my quail that my entertained my yaks hasn't accepted the vulture ?
SRC	haven't the tyrannosauruses who our peacocks have annoyed entertained your unicorns ?	have the tyrannosauruses who our peacocks annoyed entertained your unicorns ? ?
SRC	hasn't some salamander who our unicorn has remembered remembered our unicorn ?	has some salamander who our unicorn remembered remembered our unicorn ? ?
SRC	have her salamanders who your orangutans haven't applauded remembered her salamanders ?	haven't her salamanders who your orangutans applauded remembered her salamanders remembered ?
SRC	have our quails that our salamanders haven't comforted amused some quails ?	haven't our quails that our salamanders comforted amused some quails ? ?
SRC	haven't some ravens who her yaks have comforted annoyed my newts ?	have some ravens who her yaks comforted annoyed my newts ? ?
SRC	haven't my walruses who have amused our salamander applauded your xylophones ?	have my walruses who our amused our salamander applauded your xylophones ?
SRC	haven't your yaks that have giggled moved ?	have your yaks that giggled moved ?
SRC	haven't some ravens who have read smiled ?	have some ravens who have smiled ?
SRC	haven't your orangutans who have eaten waited ?	have your orangutans who eaten eaten ?
SRC	have some orangutans who haven't giggled slept ?	haven't some orangutans who giggled slept ?
SRC	have my quails who haven't moved smiled ?	haven't my quails who moved moved ?
SRC	hasn't her vulture who has entertained your zebras waited ?	has her vulture who your zebras entertained hasn't waited ?
SRC	has some unicorn that hasn't giggled admired our zebras ?	hasn't some unicorn that giggled admired our zebras ? ?
SRC	have your salamanders that haven't amused her vultures slept ?	haven't your salamanders that amused her vultures slept ? ?
SRC	has your walrus that our walrus hasn't admired eaten ?	hasn't your walrus that our walrus admired has eaten ?
SRC	have some unicorns that my orangutans haven't amused waited ?	haven't some unicorns that my orangutans amused have waited ?
SRC	has my salamander that hasn't moved moved ?	hasn't my salamander that moved moved ?
SRC	has your orangutan that hasn't moved giggled ?	hasn't your orangutan that moved ? giggled ?
SRC	have some yaks who haven't changed slept ?	haven't some yaks who changed slept ?
SRC	has the unicorn that hasn't eaten read ?	hasn't the unicorn that eaten eaten ?
SRC	hasn't our salamander that has giggled moved ?	has our salamander that giggled moved ?
SRC	has her salamander who my salamander hasn't applauded entertained your orangutans ?	hasn't her salamander who my salamander applauded your entertained your orangutans ?
SRC	have your xylophones who haven't entertained my yak entertained the walruses ?	haven't your xylophones who entertained my yak have entertained the walruses ?
SRC	have my newts who our zebras haven't entertained applauded some peacocks ?	haven't my newts who our zebras entertained have applauded some peacocks ?
SRC	hasn't some unicorn that has confused our orangutan admired our walruses ?	has some unicorn that our orangutan hasn't admired our walruses ? ?
SRC	haven't her walruses who have admired my tyrannosaurus comforted your peacocks ?	have her walruses who my tyrannosaurus my tyrannosaurus comforted your peacocks ?
SRC	have some peacocks that our vultures haven't applauded confused some raven upon her salamanders ?	haven't some peacocks that our vultures applauded some confused some raven upon her salamanders ?
SRC	haven't the unicorns that have remembered the vultures applauded some orangutans with your walruses ?	have the unicorns that remembered the vultures applauded some orangutans with your walruses with ?
SRC	haven't my tyrannosauruses who our vultures have confused entertained the walrus below the quail ?	have my tyrannosauruses who our vultures confused the entertained the walrus below the quail ?
SRC	haven't some zebras that the walruses have amused annoyed some unicorns behind my vulture ?	have some zebras that the walruses amused haven't annoyed some unicorns behind my vulture ?
SRC	have some vultures who her xylophones haven't remembered annoyed your orangutans around some salamanders ?	haven't some vultures who her xylophones remembered have annoyed your orangutans around some salamanders ?
SRC	hasn't some raven who has read applauded my walrus above our peacock ?	hasn't some raven who has applauded applauded my walrus above our peacock ?
SRC	has your yak who hasn't smiled comforted your quail above some xylophone ?	hasn't your yak who smiled comforted your quail above some quail ? ?
SRC	hasn't your walrus who has eaten comforted your xylophones above my quail ?	hasn't your walrus who eaten eaten ? comforted your xylophones above my quail ?
SRC	have my orangutans who haven't changed confused the unicorn around your yaks ?	haven't my orangutans who changed confused the unicorn around your yaks around your
SRC	hasn't your orangutan who has giggled comforted my newt above our walruses ?	hasn't your orangutan who giggled comforted my newt above our walruses above ?
SRC	haven't some orangutans that have giggled waited ?	have some orangutans that giggled haven't waited ?
SRC	haven't my ravens that have moved eaten ?	have my ravens that moved moved ?
SRC	have her xylophones that haven't eaten read ?	haven't her xylophones that eaten eaten ?
SRC	hasn't some unicorn that has giggled read ?	has some unicorn that giggled read ?
SRC	haven't the newts who have giggled slept ?	have the newts who haven't slept ?
SRC	hasn't her zebra that has admired the yak moved ?	has her zebra that the yak hasn't moved ?
SRC	have her vultures who haven't applauded your quail smiled ?	haven't her vultures who applauded your quail have smiled ?
SRC	hasn't her orangutan who has admired my raven waited ?	has her orangutan who my raven raven hasn't waited ?
SRC	hasn't your raven who your salamander has comforted smiled ?	has your raven who your salamander comforted comforted smiled ?
SRC	have my newts who your quails haven't amused waited ?	haven't my newts who your quails amused have waited ?
SRC	haven't the xylophones who her vultures have entertained swum ?	have the xylophones who her vultures entertained haven't swum ?
SRC	have my zebras who our zebras haven't applauded slept ?	haven't my zebras who our zebras applauded slept ? ?
SRC	has her quail that hasn't admired my ravens waited ?	hasn't her quail that admired my ravens waited ? ?
SRC	have the yaks who haven't entertained her walruses giggled ?	haven't the yaks who her entertained her giggled ? ?
SRC	haven't our salamanders who our yaks have entertained giggled ?	have our salamanders who our yaks entertained haven't giggled ?
SRC	haven't my vultures that have accepted our walrus changed ?	have my vultures that accepted our walrus haven't changed ?
SRC	has the tyrannosaurus that the xylophone hasn't annoyed slept ?	hasn't the tyrannosaurus that the xylophone annoyed has slept ?
SRC	hasn't her orangutan who her zebra has applauded smiled ?	has her orangutan who her zebra applauded hasn't smiled ?
SRC	has your xylophone who her tyrannosaurus hasn't comforted changed ?	hasn't your xylophone who her tyrannosaurus comforted has changed ?
SRC	has the raven that hasn't amused our quails giggled ?	hasn't the raven that our amused our quails giggled ?
SRC	haven't some walruses who her zebras have admired giggled ?	have some walruses who her zebras admired giggled ? ?
SRC	has some zebra who her newt hasn't entertained changed ?	hasn't some zebra who her newt entertained has changed ?
SRC	have my ravens who some newts haven't comforted moved ?	haven't my ravens who some newts comforted have moved ?
SRC	hasn't some quail who has admired your peacock swum ?	has some quail who your peacock admired hasn't swum ?
SRC	has her tyrannosaurus that hasn't entertained my unicorn swum ?	hasn't her tyrannosaurus that my entertained my unicorn swum ?
SRC	have the peacocks that your peacocks haven't entertained changed ?	haven't the peacocks that your peacocks entertained have changed ?
SRC	hasn't your raven who her orangutan has entertained slept ?	has your raven who her orangutan entertained hasn't slept ?
SRC	haven't our unicorns that have annoyed some newts eaten ?	have our unicorns that annoyed some newts haven't eaten ?
SRC	has some newt that our yak hasn't accepted smiled ?	hasn't some newt that our yak accepted has smiled ?
SRC	has some xylophone that our quail hasn't remembered moved ?	hasn't some xylophone that our quail remembered has moved ?
SRC	have your xylophones that haven't admired my peacock waited ?	haven't your xylophones that admired my peacock waited ? ?
SRC	haven't the salamanders that have admired the quails swum ?	have the salamanders that the admired the quails swum ?
SRC	has my orangutan that hasn't annoyed our vulture changed ?	hasn't my orangutan that annoyed our vulture has changed ?
SRC	haven't her tyrannosauruses that have applauded your orangutan giggled ?	have her tyrannosauruses that applauded your orangutan giggled ? ?
SRC	has my orangutan who hasn't amused my walruses moved ?	hasn't my orangutan who my walruses my has moved ?
SRC	haven't the vultures that have giggled applauded my orangutans ?	have the vultures that giggled applauded my orangutans ? ?
SRC	has some newt that her yak hasn't confused slept ?	hasn't some newt that her yak confused has slept ?
SRC	have her yaks that haven't amused the ravens giggled ?	haven't her yaks that amused the ravens have giggled ?
SRC	have her unicorns who haven't changed entertained some vultures ?	haven't her unicorns who changed entertained some vultures ? ?
SRC	have our ravens who your unicorns haven't admired eaten ?	haven't our ravens who your unicorns admired have eaten ?
SRC	hasn't our vulture that has slept eaten ?	has our vulture that slept eaten ?
SRC	have her zebras who haven't read giggled ?	haven't her zebras who have giggled giggled ?
SRC	has my salamander that hasn't smiled waited ?	hasn't my salamander that smiled smiled ?
SRC	has your yak that hasn't changed read ?	hasn't your yak that changed read ?
SRC	haven't your orangutans who have eaten changed ?	have your orangutans who eaten eaten ?
SRC	hasn't the salamander that your unicorn has admired waited ?	has the salamander that your unicorn admired hasn't waited ?
SRC	hasn't the vulture that has smiled accepted her xylophones ?	hasn't the vulture that smiled accepted her xylophones ? ?
SRC	haven't the unicorns who have giggled annoyed some unicorns ?	have the unicorns who giggled annoyed some unicorns ?
SRC	have our xylophones who her walruses haven't admired moved ?	haven't our xylophones who her walruses admired have moved ?
SRC	haven't your newts that your quails have confused moved ?	have your newts that your quails confused haven't moved ?
SRC	haven't the zebras who some tyrannosauruses have accepted read ?	have the zebras who some tyrannosauruses accepted haven't read ?
SRC	have some walruses that haven't accepted our yak read ?	haven't some walruses that accepted our yak have read ?
SRC	has our yak that hasn't amused your ravens eaten ?	hasn't our yak that amused your ravens has eaten ?
SRC	hasn't her raven who our tyrannosaurus has accepted read ?	has her raven who our tyrannosaurus accepted hasn't read ?
SRC	has the yak that hasn't comforted the newts eaten ?	hasn't the yak that the comforted the newts ?
SRC	hasn't some orangutan that has changed moved ?	has some orangutan that changed moved ?
SRC	have some vultures that haven't swum waited ?	haven't some vultures that swum waited waited ?
SRC	has her raven who hasn't waited slept ?	hasn't her raven who has slept ?
SRC	hasn't the salamander who has waited waited ?	hasn't the salamander who waited waited waited ?
SRC	hasn't your unicorn who has moved changed ?	hasn't your unicorn who moved moved ?
SRC	hasn't my quail that the newt has entertained giggled ?	has my quail that the newt entertained hasn't giggled ?
SRC	has her quail who hasn't amused some vultures eaten ?	hasn't her quail who some amused some eaten ?
SRC	hasn't our zebra who my peacock has annoyed giggled ?	has our zebra who my peacock annoyed hasn't giggled ?
SRC	have her orangutans who haven't applauded our quail swum ?	haven't her orangutans who our quail applauded our swum ?
SRC	haven't my yaks who some newts have amused swum ?	have my yaks who some newts amused haven't swum ?
SRC	have my newts who your quails haven't confused swum ?	haven't my newts who your quails confused have swum ?
SRC	have our ravens who haven't admired our vultures read ?	haven't our ravens who our vultures admired our read ?
SRC	have my zebras who haven't moved confused my walrus ?	haven't my zebras who moved moved confused my walrus ?
SRC	have the salamanders that haven't changed remembered my ravens ?	haven't the salamanders that changed remembered my ravens ? ?
SRC	haven't my quails that have comforted the vulture slept ?	have my quails that comforted the vulture slept ? ?
SRC	haven't her unicorns that have entertained her unicorn entertained your peacock ?	have her unicorns that her entertained her entertained haven't entertained your peacock ?
SRC	have some orangutans who haven't amused my salamander remembered your walrus ?	haven't some orangutans who my amused my salamander remembered your walrus ?
SRC	has some peacock that her orangutan hasn't accepted applauded my unicorn ?	hasn't some peacock that her orangutan accepted applauded my unicorn ? ?
SRC	hasn't our tyrannosaurus that my zebra has admired confused your quails ?	has our tyrannosaurus that my zebra admired hasn't confused your quails ?
SRC	haven't our unicorns that have applauded your quail accepted her quail ?	have our unicorns that applauded your quail haven't accepted her quail ?
SRC	haven't our peacocks that have admired my newts slept ?	have our peacocks that admired my newts haven't slept ?
SRC	hasn't some xylophone who has waited comforted some yaks ?	hasn't some xylophone who has comforted some yaks ?
SRC	haven't the tyrannosauruses who have moved accepted your unicorn ?	have the tyrannosauruses who moved moved your unicorn ? ?
SRC	has my raven who hasn't confused our orangutan changed ?	hasn't my raven who our orangutan has changed ? ?
SRC	has your unicorn that hasn't confused the walrus swum ?	hasn't your unicorn that the confused the walrus swum ?
SRC	hasn't my raven that has comforted the walruses smiled ?	has my raven that comforted the walruses hasn't smiled ?
SRC	haven't the walruses who some quails have confused read ?	have the walruses who some quails confused haven't read ?
SRC	has our quail that our tyrannosaurus hasn't admired slept ?	hasn't our quail that our tyrannosaurus admired has slept ?
SRC	has our quail who hasn't amused my newts swum ?	hasn't our quail who my amused my newts swum ?
SRC	haven't your unicorns that have entertained our xylophone moved ?	have your unicorns that our entertained our xylophone moved ?
SRC	haven't the vultures that have amused your unicorn waited ?	have the vultures that amused your unicorn waited ? ?
SRC	hasn't some xylophone who my peacock has admired moved ?	has some xylophone who my peacock admired hasn't moved ?
SRC	haven't her newts who have admired some xylophones swum ?	have her newts who some xylophones some swum ?
SRC	hasn't the orangutan who has accepted her tyrannosaurus changed ?	has the orangutan who her accepted her changed ?
SRC	haven't her tyrannosauruses who have remembered some newts slept ?	have her tyrannosauruses who have some newts haven't slept ?
SRC	has the newt that hasn't slept smiled ?	hasn't the newt that slept smiled ?
SRC	have our salamanders that haven't giggled slept ?	haven't our salamanders that giggled slept ?
SRC	has her peacock that hasn't read waited ?	hasn't her peacock that read waited waited ?
SRC	has our tyrannosaurus that hasn't moved waited ?	hasn't our tyrannosaurus that moved ? waited ?
SRC	have the peacocks that haven't smiled read ?	haven't the peacocks that smiled smiled ?
SRC	hasn't the peacock that has admired our walruses read ?	has the peacock that admired our walruses hasn't read ?
SRC	hasn't our peacock that has giggled applauded her walrus ?	has our peacock that giggled applauded her walrus ? ?
SRC	has my peacock that our yak hasn't applauded eaten ?	hasn't my peacock that our yak applauded has eaten ?
SRC	have my ravens that haven't admired some zebras eaten ?	haven't my ravens that some zebras some eaten ? ?
SRC	haven't my tyrannosauruses who have amused our orangutan changed ?	have my tyrannosauruses who our orangutan orangutan changed ?
SRC	hasn't my newt that your raven has confused smiled ?	has my newt that your raven confused hasn't smiled ?
SRC	has our zebra who hasn't remembered my quails read ?	hasn't our zebra who remembered my quails has read ?
SRC	haven't the ravens that have accepted some zebra slept ?	have the ravens that some accepted some zebra slept ?
SRC	have your peacocks that haven't annoyed the walruses changed ?	haven't your peacocks that the annoyed the changed ? ?
SRC	haven't your quails who have comforted my vulture read ?	have your quails who comforted my vulture read ? ?
SRC	haven't our vultures that some orangutans have remembered comforted the orangutans ?	have our vultures that some orangutans remembered haven't comforted the orangutans ?
SRC	hasn't the salamander that your newt has annoyed confused my quail ?	has the salamander that your newt annoyed my quail hasn't confused ?
SRC	has your yak who hasn't confused some zebras comforted our raven ?	hasn't your yak who some zebras confused our has comforted our raven ?
SRC	have our xylophones that haven't accepted some walruses amused your tyrannosauruses ?	haven't our xylophones that some accepted some have amused your tyrannosauruses ?
SRC	haven't her xylophones that have admired some orangutans annoyed my xylophones ?	have her xylophones that some admired some orangutans annoyed my xylophones ?
SRC	haven't our quails who have annoyed your ravens eaten ?	have our quails who your ravens ravens haven't eaten ?
SRC	hasn't her raven that her tyrannosaurus has confused giggled ?	has her raven that her tyrannosaurus confused hasn't giggled ?
SRC	have our salamanders that the tyrannosauruses haven't admired smiled ?	haven't our salamanders that the tyrannosauruses admired have smiled ?
SRC	have her walruses that our peacocks haven't confused smiled ?	haven't her walruses that our peacocks confused have smiled ?
SRC	haven't my quails who her unicorns have admired swum ?	have my quails who her unicorns admired haven't swum ?
SRC	has her zebra who your orangutan hasn't admired confused our yaks around your unicorn ?	hasn't her zebra who your orangutan admired has confused our yaks around your unicorn ?
SRC	have your quails who haven't annoyed her salamanders annoyed our unicorn below her unicorn ?	haven't your quails who her salamanders her salamanders have annoyed our unicorn below her unicorn ?
SRC	haven't her newts who her newts have admired confused your unicorn by your ravens ?	have her newts who her newts admired haven't confused your unicorn by your ravens ?
SRC	have some unicorns who haven't remembered my vulture admired some unicorn near the yaks ?	haven't some unicorns who remembered my vulture admired some unicorn near the yaks ?
SRC	has our vulture who some orangutan hasn't confused annoyed your tyrannosaurus above my tyrannosauruses ?	hasn't our vulture who some orangutan confused has annoyed your tyrannosaurus above my tyrannosauruses ?
SRC	has my tyrannosaurus who hasn't amused some zebra eaten ?	hasn't my tyrannosaurus who some zebra amused has eaten ?
SRC	have your xylophones who her quails haven't entertained smiled ?	haven't your xylophones who her quails entertained have smiled ?
SRC	has the yak that her peacock hasn't comforted slept ?	hasn't the yak that her peacock comforted slept ? ?
SRC	hasn't the newt that my orangutan has confused smiled ?	has the newt that my orangutan confused hasn't smiled ?
SRC	hasn't the yak that has accepted your xylophones slept ?	has the yak that your xylophones your xylophones slept ?
SRC	hasn't the xylophone that has waited swum ?	has the xylophone that waited waited swum ?
SRC	have some xylophones that haven't swum moved ?	haven't some xylophones that swum moved ?
SRC	haven't your yaks who have read giggled ?	have your yaks who haven't giggled giggled ?
SRC	has her vulture who hasn't smiled smiled ?	hasn't her vulture who smiled smiled smiled ?
SRC	has her peacock that hasn't eaten swum ?	hasn't her peacock that eaten eaten ?
SRC	has your xylophone who some unicorn hasn't annoyed admired my zebras ?	hasn't your xylophone who some unicorn annoyed has admired my zebras ?
SRC	have some vultures that haven't accepted our peacock confused your vulture ?	haven't some vultures that accepted our peacock confused your vulture ? ?
SRC	have your xylophones that her walruses haven't remembered remembered your salamanders ?	haven't your xylophones that her walruses remembered remembered your salamanders remembered ?
SRC	has some walrus who hasn't remembered some vultures remembered some unicorn ?	hasn't some walrus who remembered some vultures remembered some unicorn ? ?
SRC	hasn't your tyrannosaurus who your xylophone has accepted entertained our quail ?	has your tyrannosaurus who your xylophone accepted hasn't entertained our quail ?
SRC	has her raven who our unicorn hasn't admired giggled ?	hasn't her raven who our unicorn admired has giggled ?
SRC	hasn't some tyrannosaurus that has amused our vultures giggled ?	has some tyrannosaurus that amused our vultures giggled ? ?
SRC	have her quails that haven't accepted her tyrannosaurus giggled ?	haven't her quails that accepted her tyrannosaurus have giggled ?
SRC	have the unicorns who haven't amused our orangutans waited ?	haven't the unicorns who our amused our orangutans waited ?
SRC	have the zebras who the zebras haven't remembered smiled ?	haven't the zebras who the zebras remembered have smiled ?
SRC	has our walrus who hasn't changed changed ?	hasn't our walrus who changed changed changed ?
SRC	haven't the walruses who have waited smiled ?	have the walruses who haven't smiled ?
SRC	has her zebra that hasn't eaten eaten ?	hasn't her zebra that eaten eaten ?
SRC	hasn't her yak that has smiled moved ?	has her yak that smiled moved ?
SRC	has my walrus that hasn't read eaten ?	hasn't my walrus that hasn't eaten ?
SRC	have my xylophones that haven't remembered my xylophones changed ?	haven't my xylophones that remembered my xylophones have changed ?
SRC	have our vultures who our zebras haven't entertained eaten ?	haven't our vultures who our zebras entertained have eaten ?
SRC	hasn't some tyrannosaurus who some peacock has amused read ?	has some tyrannosaurus who some peacock amused hasn't read ?
SRC	have some peacocks that haven't comforted her vulture giggled ?	haven't some peacocks that comforted her vulture have giggled ?
SRC	has my orangutan who my walrus hasn't admired giggled ?	hasn't my orangutan who my walrus admired has giggled ?
SRC	hasn't your zebra who has admired my peacocks giggled ?	has your zebra who my peacocks my peacocks giggled ?
SRC	haven't some vultures that my salamanders have annoyed waited ?	have some vultures that my salamanders annoyed waited ?
SRC	hasn't the raven who some peacock has entertained read ?	has the raven who some peacock entertained hasn't read ?
SRC	have some yaks that haven't comforted her quails smiled ?	haven't some yaks that comforted her quails have smiled ?
SRC	has the unicorn who your quail hasn't amused waited ?	hasn't the unicorn who your quail amused has waited ?
SRC	haven't my tyrannosauruses who have smiled applauded her orangutans upon the peacocks ?	have my tyrannosauruses who smiled applauded applauded her orangutans upon the peacocks ?
SRC	hasn't my tyrannosaurus who has moved accepted some salamanders below some orangutan ?	has my tyrannosaurus who moved moved some salamanders below some orangutan below ?
SRC	have some walruses that haven't slept comforted our tyrannosauruses below her unicorn ?	haven't some walruses that have comforted our tyrannosauruses below her unicorn ? ?
SRC	haven't her yaks who have read remembered some newt below the newts ?	have her yaks who haven't remembered some newt below the newts below ?
SRC	have her salamanders who haven't moved applauded your zebras by our orangutan ?	haven't her salamanders who moved applauded applauded your zebras by our orangutan ?
SRC	has her orangutan who hasn't slept slept ?	hasn't her orangutan who slept slept ?
SRC	have our xylophones that haven't eaten eaten ?	haven't our xylophones that eaten eaten eaten ?
SRC	has the yak that hasn't giggled slept ?	hasn't the yak that giggled slept ?
SRC	hasn't her yak who has read swum ?	hasn't her yak who read swum ?
SRC	hasn't her xylophone that has read moved ?	has her xylophone that read moved ?
SRC	haven't the xylophones who the vultures have admired swum ?	have the xylophones who the vultures admired haven't swum ?
SRC	have the ravens that your peacocks haven't admired moved ?	haven't the ravens that your peacocks admired have moved ?
SRC	has the tyrannosaurus who hasn't remembered my quails read ?	hasn't the tyrannosaurus who remembered my quails has read ?
SRC	have the yaks who haven't amused my walrus eaten ?	haven't the yaks who my walrus walrus have eaten ?
SRC	haven't my tyrannosauruses who have annoyed the vultures waited ?	have my tyrannosauruses who the annoyed the waited ? ?
SRC	has your xylophone who her salamander hasn't applauded amused your salamanders with the quails ?	hasn't your xylophone who her salamander applauded amused your salamanders with the quails with ?
SRC	haven't some zebras that have accepted my peacocks annoyed the xylophones below her zebras ?	have some zebras that accepted my peacocks haven't annoyed the xylophones below her zebras ?
SRC	haven't your quails that some walruses have remembered annoyed some salamander near your quail ?	have your quails that some walruses remembered haven't annoyed some salamander near your quail ?
SRC	hasn't our quail who has confused some orangutans accepted my yak below the vultures ?	has our quail who some confused some orangutans accepted my yak below the vultures ?
SRC	hasn't the walrus that the orangutan has applauded applauded our yaks below our peacock ?	has the walrus that the orangutan applauded our hasn't applauded our peacock below our peacock ?
SRC	has her walrus who hasn't entertained her peacocks changed ?	hasn't her walrus who her entertained her changed ? ?
SRC	haven't the zebras that our vultures have accepted swum ?	have the zebras that our vultures accepted haven't swum ?
SRC	hasn't my peacock that has admired my tyrannosauruses eaten ?	has my peacock that admired my tyrannosauruses hasn't eaten ?
SRC	hasn't my raven who has admired some ravens waited ?	has my raven who some ravens some waited ? ?
SRC	has some xylophone who the walrus hasn't confused changed ?	hasn't some xylophone who the walrus confused has changed ?
SRC	have my yaks who haven't annoyed the walrus smiled ?	haven't my yaks who the annoyed the walrus smiled ?
SRC	hasn't some xylophone who has admired some unicorn giggled ?	has some xylophone who some admired some giggled ? ?
SRC	hasn't our raven who some yak has annoyed moved ?	has our raven who some yak annoyed hasn't moved ?
SRC	hasn't the salamander who has confused the newt eaten ?	has the salamander who the newt the newt eaten ?
SRC	hasn't our quail that has comforted the vulture changed ?	has our quail that comforted the vulture hasn't changed ?
SRC	hasn't my newt that has accepted our yak waited ?	has my newt that accepted our yak hasn't waited ?
SRC	have our yaks who my newts haven't accepted moved ?	haven't our yaks who my newts accepted have moved ?
SRC	has our vulture who hasn't remembered my salamander moved ?	hasn't our vulture who remembered my salamander has moved ?
SRC	has her quail who her xylophone hasn't applauded waited ?	hasn't her quail who her xylophone applauded has waited ?
SRC	has some tyrannosaurus that the orangutan hasn't confused read ?	hasn't some tyrannosaurus that the orangutan confused has read ?
SRC	have my walruses who your vultures haven't annoyed giggled ?	haven't my walruses who your vultures annoyed have giggled ?
SRC	haven't some orangutans who have applauded some unicorns swum ?	have some orangutans who applauded some unicorns swum ?
SRC	haven't my walruses who have amused her yaks eaten ?	have my walruses who her amused her eaten ?
SRC	have the orangutans who haven't admired the raven smiled ?	haven't the orangutans who the admired the smiled ? ?
SRC	haven't my peacocks that have eaten annoyed some salamanders ?	have my peacocks that eaten eaten annoyed some salamanders ?
SRC	hasn't your peacock who has remembered the yaks read ?	has your peacock who remembered the yaks read ? ?
SRC	has her zebra who hasn't smiled admired the ravens ?	hasn't her zebra who smiled admired the ravens ? ?
SRC	have your walruses that my newts haven't entertained swum ?	haven't your walruses that my newts entertained have swum ?
SRC	hasn't her xylophone who my yak has applauded changed ?	has her xylophone who my yak applauded hasn't changed ?
SRC	haven't her newts that have applauded some orangutan changed ?	have her newts that applauded some orangutan changed ?
SRC	haven't our xylophones that have accepted my xylophone accepted some zebra ?	have our xylophones that accepted my xylophone haven't accepted some zebra ?
SRC	hasn't your salamander that the vulture has annoyed comforted your raven ?	has your salamander that the vulture annoyed hasn't comforted your raven ?
SRC	haven't some vultures that the quails have entertained remembered our peacock ?	have some vultures that the quails entertained haven't remembered our peacock ?
SRC	have the orangutans that haven't amused some vultures admired your ravens ?	haven't the orangutans that some amused some vultures admired your ravens ?
SRC	haven't my vultures that have confused our zebra applauded your zebra ?	have my vultures that our zebra our zebra applauded your zebra ?
SRC	hasn't your newt who some zebra has amused remembered my newt upon your raven ?	has your newt who some zebra amused hasn't remembered my newt upon your raven ?
SRC	has the raven that hasn't annoyed the quails remembered your salamanders by her salamander ?	hasn't the raven that the annoyed the remembered your salamanders by her salamander ?
SRC	has some walrus that hasn't admired my peacock comforted the unicorn near the xylophones ?	hasn't some walrus that admired my peacock has comforted the unicorn near the xylophones ?
SRC	have her ravens who haven't amused some ravens comforted your xylophone near the unicorns ?	haven't her ravens who some amused some ravens comforted your xylophone near the unicorns ?
SRC	have her quails who haven't comforted some ravens accepted some vulture by the tyrannosaurus ?	haven't her quails who some comforted some ravens accepted some vulture by the tyrannosaurus ?
SRC	have our newts that some xylophones haven't accepted annoyed her quails ?	haven't our newts that some xylophones accepted have annoyed her quails ?
SRC	hasn't her vulture that has remembered her tyrannosaurus annoyed our walrus ?	has her vulture that remembered her tyrannosaurus hasn't annoyed our walrus ?
SRC	has our vulture that hasn't amused some orangutan read ?	hasn't our vulture that amused some orangutan has read ? ?
SRC	hasn't the unicorn that my newt has comforted read ?	has the unicorn that my newt comforted some read ? ?
SRC	have the tyrannosauruses that haven't remembered your yaks waited ?	haven't the tyrannosauruses that remembered your yaks waited ? ? ?
SRC	has my salamander who hasn't confused the newts changed ?	hasn't my salamander who the confused the newts ? ?
SRC	has the xylophone that hasn't admired some newts slept ?	hasn't the xylophone that some admired some newts slept ?
SRC	haven't her salamanders who our newts have applauded moved ?	have her salamanders who our newts applauded applauded ?
SRC	haven't some quails that her tyrannosauruses have admired smiled ?	have some quails that her tyrannosauruses admired haven't smiled ?
SRC	has some yak that her newt hasn't accepted smiled ?	hasn't some yak that her newt accepted has smiled ?
SRC	haven't your ravens who have accepted our newts annoyed my walruses by the zebras ?	have your ravens who our newts newts haven't annoyed my walruses by the zebras ?
SRC	hasn't the yak who has comforted some quail applauded the quail below my salamanders ?	has the yak who some quail some quail hasn't applauded the quail below my salamanders ?
SRC	hasn't some vulture who has entertained some orangutan remembered your peacock behind the tyrannosauruses ?	has some vulture who some orangutan orangutan remembered your peacock behind the tyrannosauruses ? ?
SRC	hasn't my newt that has comforted our peacock comforted our unicorns above the newt ?	has my newt that comforted our peacock comforted our unicorns above the newt ?
SRC	haven't my salamanders who her vultures have remembered entertained her vulture above my xylophones ?	have my salamanders who her vultures remembered entertained her vulture above my xylophones ? ?
SRC	have her salamanders that haven't remembered our tyrannosauruses admired the salamander upon your newts ?	haven't her salamanders that our tyrannosauruses have admired the salamander upon your newts ?
SRC	have her walruses that haven't remembered some yak remembered her orangutans near some orangutan ?	haven't her walruses that remembered some yak have remembered her orangutans near some orangutan ?
SRC	has our raven that hasn't accepted her unicorn accepted the xylophones with her peacock ?	hasn't our raven that accepted her unicorn has accepted the xylophones with her peacock ?
SRC	hasn't some xylophone that the yak has remembered accepted the quails around our salamanders ?	has some xylophone that the yak remembered hasn't accepted the quails around our salamanders ?
SRC	have my orangutans who your vultures haven't accepted accepted my quails with some peacock ?	haven't my orangutans who your vultures accepted have accepted my quails with some peacock ?
SRC	have some unicorns who the tyrannosauruses haven't remembered entertained some salamanders around her unicorns ?	haven't some unicorns who the tyrannosauruses remembered entertained some salamanders around her unicorns ?
SRC	haven't some xylophones that have annoyed her quail amused my orangutans below her walrus ?	have some xylophones that her annoyed her amused my orangutans below her walrus below her walrus
SRC	has the salamander who hasn't applauded some orangutans remembered some yaks above the orangutans ?	hasn't the salamander who some applauded some orangutans remembered some yaks above the orangutans ?
SRC	has the unicorn who hasn't remembered your zebras entertained the newts below our quail ?	hasn't the unicorn who your zebras remembered entertained has entertained the quail below our quail ?
SRC	haven't our newts that have accepted our newts confused my zebra below our walrus ?	have our newts that our newts newts confused my zebra below our walrus ?
SRC	hasn't my quail that has giggled giggled ?	has my quail that giggled giggled giggled ?
SRC	hasn't the quail who has waited swum ?	hasn't the quail who waited waited swum ?
SRC	hasn't my quail who has swum read ?	has my quail who swum read ?
SRC	haven't the ravens that have changed changed ?	have the ravens that changed changed changed ?
SRC	has the tyrannosaurus who hasn't changed swum ?	hasn't the tyrannosaurus who changed swum ?
SRC	has your zebra who some yak hasn't amused slept ?	hasn't your zebra who some yak amused has slept ?
SRC	hasn't her zebra that has confused her tyrannosauruses read ?	has her zebra that her confused her tyrannosauruses read ?
SRC	hasn't the yak who has annoyed your unicorns changed ?	has the yak who your unicorns your unicorns changed ?
SRC	has my xylophone that your vulture hasn't applauded eaten ?	hasn't my xylophone that your vulture applauded has eaten ?
SRC	haven't her xylophones that our yaks have admired waited ?	have her xylophones that our yaks admired haven't waited ?
SRC	have the salamanders who haven't eaten changed ?	haven't the salamanders who eaten eaten ?
SRC	have my orangutans that haven't waited smiled ?	haven't my orangutans that have smiled ?
SRC	have my newts who haven't read moved ?	haven't my newts who have moved ?
SRC	hasn't our xylophone that has giggled read ?	has our xylophone that giggled read ?
SRC	hasn't my zebra who has slept eaten ?	hasn't my zebra who slept eaten ?
SRC	haven't the quails that have confused our tyrannosaurus confused my yaks ?	have the quails that our confused our tyrannosaurus confused my yaks ?
SRC	hasn't my yak who our salamander has applauded applauded your quails ?	has my yak who our salamander applauded applauded your quails ? ?
SRC	hasn't the unicorn who my xylophone has amused confused my tyrannosaurus ?	has the unicorn who my xylophone amused confused my tyrannosaurus ? ?
SRC	haven't the peacocks who have accepted my newt entertained some xylophone ?	have the peacocks who my newt my entertained some xylophone ? ?
SRC	has some newt that some vulture hasn't admired annoyed some zebra ?	hasn't some newt that some vulture admired has annoyed some zebra ?
SRC	haven't some peacocks that have admired my peacocks entertained her vultures with some yak ?	have some peacocks that admired my peacocks entertained her vultures with some yak ?
SRC	haven't the quails who your salamanders have admired amused your vultures by my xylophone ?	have the quails who your salamanders admired your amused your vultures by my xylophone ?
SRC	hasn't some walrus that the vulture has amused remembered your peacocks behind her raven ?	has some walrus that the vulture amused your remembered your peacocks behind her raven ?
SRC	has her zebra who our quail hasn't accepted entertained my quail behind the vultures ?	hasn't her zebra who our quail accepted entertained has entertained my quail behind the vultures ?
SRC	haven't the walruses that have admired her tyrannosaurus admired our unicorn near her salamanders ?	have the walruses that her admired her admired our unicorn near her salamanders ?
SRC	has my vulture who your salamander hasn't annoyed moved ?	hasn't my vulture who your salamander annoyed has moved ?
SRC	hasn't my peacock that has waited confused the raven ?	has my peacock that has confused the raven ? ?
SRC	haven't my unicorns that have comforted some unicorns changed ?	have my unicorns that comforted some unicorns haven't changed ?
SRC	hasn't my xylophone who the salamander has annoyed eaten ?	has my xylophone who the salamander annoyed hasn't eaten ?
SRC	haven't some vultures that some newts have accepted waited ?	have some vultures that some newts accepted haven't waited ?
SRC	has the peacock that hasn't accepted my walrus read ?	hasn't the peacock that accepted my walrus has read ?
SRC	haven't our vultures that have giggled annoyed the newts ?	have our vultures that giggled annoyed the newts ? ?
SRC	haven't her unicorns who have entertained our yak giggled ?	have her unicorns who entertained our yak giggled ? ?
SRC	hasn't some newt who has applauded our peacock read ?	has some newt who applauded our peacock hasn't read ?
SRC	hasn't your peacock that has admired her quails swum ?	has your peacock that admired her quails hasn't swum ?
SRC	haven't the xylophones who our quails have confused amused her quails ?	have the xylophones who our quails confused amused her quails ? ?
SRC	have her tyrannosauruses who haven't accepted my yak applauded some unicorn ?	haven't her tyrannosauruses who my yak applauded some applauded some unicorn ?
SRC	hasn't my walrus who some newt has accepted applauded her vultures ?	has my walrus who some newt accepted hasn't applauded her vultures ?
SRC	have some zebras that your tyrannosauruses haven't comforted annoyed the unicorns ?	haven't some zebras that your tyrannosauruses comforted annoyed the unicorns ? ?
SRC	has her quail that hasn't accepted her newts accepted some yak ?	hasn't her quail that accepted her newts has accepted some yak ?
SRC	have the newts who haven't changed giggled ?	haven't the newts who changed giggled ?
SRC	haven't the quails that have read read ?	have the quails that have read read ?
SRC	has her quail that hasn't read slept ?	hasn't her quail that read ? slept ?
SRC	haven't some peacocks who have smiled eaten ?	have some peacocks who have eaten ?
SRC	hasn't your zebra that has moved eaten ?	has your zebra that moved moved eaten ?
SRC	have her tyrannosauruses that haven't applauded my xylophones giggled ?	haven't her tyrannosauruses that applauded my xylophones have giggled ?
SRC	haven't my unicorns that have entertained your xylophone swum ?	have my unicorns that your entertained your swum ? ?
SRC	has her peacock that hasn't accepted our salamanders swum ?	hasn't her peacock that accepted our salamanders has swum ?
SRC	hasn't our unicorn who has annoyed our walrus slept ?	has our unicorn who annoyed our walrus hasn't slept ?
SRC	haven't her tyrannosauruses that have annoyed our zebras giggled ?	have her tyrannosauruses that annoyed our zebras giggled ? ?
SRC	has my newt who hasn't eaten admired her walrus near the peacock ?	hasn't my newt who eaten eaten admired her walrus near the peacock ?
SRC	hasn't the vulture who has giggled accepted our walrus above some unicorn ?	hasn't the vulture who giggled accepted our walrus above some walrus above ?
SRC	have some yaks who haven't moved annoyed our orangutans near the newt ?	haven't some yaks who moved moved annoyed our orangutans near the newt ?
SRC	have some vultures that haven't slept amused the walruses by our yak ?	haven't some vultures that slept amused the walruses by our walruses by our
SRC	hasn't her raven who has applauded your salamanders amused our quails ?	has her raven who applauded your salamanders hasn't amused our quails ? ?
SRC	have the salamanders that the walruses haven't accepted annoyed my vulture ?	haven't the salamanders that the walruses accepted have annoyed my vulture ?
SRC	hasn't my walrus who some yak has admired applauded some quail ?	has my walrus who some yak admired hasn't applauded some quail ?
SRC	has the yak who her unicorn hasn't applauded comforted some peacocks ?	hasn't the yak who her unicorn applauded some has comforted some peacocks ?
SRC	have some ravens that haven't amused some salamander remembered my tyrannosauruses ?	haven't some ravens that amused some salamander remembered my tyrannosauruses ? ?
SRC	have your orangutans that our peacocks haven't remembered admired her quails ?	haven't your orangutans that our peacocks remembered have admired her quails ?
SRC	have some tyrannosauruses who haven't read moved ?	haven't some tyrannosauruses who have moved ?
SRC	hasn't my tyrannosaurus that has swum giggled ?	has my tyrannosaurus that swum giggled ?
SRC	haven't the unicorns that have eaten slept ?	have the unicorns that eaten eaten ?
SRC	hasn't my walrus that has waited swum ?	hasn't my walrus that has swum ?
SRC	haven't her peacocks that have eaten swum ?	have her peacocks that eaten eaten ?
SRC	have the xylophones that haven't giggled slept ?	haven't the xylophones that giggled slept ? ?
SRC	hasn't the raven that has smiled swum ?	hasn't the raven that smiled smiled swum ?
SRC	hasn't our xylophone who has changed swum ?	hasn't our xylophone who changed swum ?
SRC	have your salamanders who haven't smiled waited ?	haven't your salamanders who smiled smiled waited ?
SRC	hasn't our peacock that has slept smiled ?	has our peacock that slept smiled ?
SRC	has some raven who some vulture hasn't accepted entertained some newt above some yaks ?	hasn't some raven who some vulture accepted some has entertained some yaks above some yaks ?
SRC	haven't my salamanders who her salamanders have applauded entertained our vultures near some vultures ?	have my salamanders who her salamanders applauded our entertained our vultures near some vultures ?
SRC	have her peacocks who haven't comforted our salamanders annoyed our peacocks behind our newts ?	haven't her peacocks who our salamanders our salamanders annoyed our peacocks behind our newts ?
SRC	have some salamanders who haven't confused the walrus confused my walrus by your newts ?	haven't some salamanders who the confused the walrus confused my walrus by your newts ?
SRC	haven't our unicorns who have applauded my newts entertained our newts behind our walrus ?	have our unicorns who applauded my newts entertained our newts behind our walrus ?
SRC	hasn't some raven that the vulture has applauded changed ?	has some raven that the vulture applauded hasn't changed ?
SRC	has her yak that hasn't changed remembered some zebra ?	hasn't her yak that changed remembered some zebra ? ?
SRC	hasn't some xylophone that the yak has amused smiled ?	has some xylophone that the yak amused hasn't smiled ?
SRC	haven't her peacocks that have swum admired my yak ?	have her peacocks that swum admired my yak ?
SRC	hasn't our walrus who our unicorn has accepted smiled ?	has our walrus who our unicorn accepted hasn't smiled ?
SRC	haven't your orangutans who have read slept ?	have your orangutans who haven't slept ?
SRC	has your walrus who hasn't eaten waited ?	hasn't your walrus who eaten eaten ?
SRC	haven't her yaks that have smiled eaten ?	have her yaks that smiled eaten ?
SRC	hasn't your tyrannosaurus who has smiled smiled ?	hasn't your tyrannosaurus who smiled smiled smiled ?
SRC	has her raven who hasn't giggled changed ?	hasn't her raven who giggled changed ?
SRC	hasn't some salamander who your raven has amused smiled ?	has some salamander who your raven amused hasn't smiled ?
SRC	have her vultures who haven't changed accepted the peacock ?	haven't her vultures who changed accepted the peacock ? ?
SRC	haven't your salamanders that your quails have annoyed waited ?	have your salamanders that your quails annoyed waited ? ?
SRC	has some xylophone that my vulture hasn't annoyed slept ?	hasn't some xylophone that my vulture annoyed has slept ?
SRC	haven't the quails who have remembered her tyrannosauruses read ?	have the quails who have her tyrannosauruses read ? ?
SRC	hasn't her unicorn who has remembered our ravens moved ?	has her unicorn who our ravens ravens hasn't moved ?
SRC	haven't my ravens that have admired my zebra eaten ?	have my ravens that admired my zebra eaten ?
SRC	haven't my newts that have admired the zebra eaten ?	have my newts that the admired the zebra eaten ?
SRC	have my salamanders who some newts haven't accepted smiled ?	haven't my salamanders who some newts accepted have smiled ?
SRC	haven't our salamanders who have read entertained my salamanders ?	have our salamanders who have entertained my salamanders ? ?
SRC	has our orangutan who hasn't smiled admired her unicorn behind the yaks ?	hasn't our orangutan who smiled admired her unicorn behind the unicorn ? ?
SRC	haven't our peacocks who have changed confused her zebra behind our xylophones ?	have our peacocks who changed confused her zebra behind our xylophones ? ?
SRC	hasn't our quail who has swum entertained my raven by some xylophone ?	has our quail who swum entertained my raven by some xylophone ? ?
SRC	hasn't the tyrannosaurus who has read admired the yaks near some walrus ?	hasn't the tyrannosaurus who read admired the yaks near some walrus near some ?
SRC	hasn't the raven who has read accepted the peacock around her tyrannosaurus ?	hasn't the raven who has accepted the peacock around her peacock around her ?
SRC	hasn't the xylophone that has comforted some salamanders slept ?	has the xylophone that some salamanders comforted slept ? ?
SRC	hasn't the salamander that has giggled applauded your peacock ?	has the salamander that giggled applauded your peacock ? ?
SRC	haven't my ravens that have admired your ravens read ?	have my ravens that your ravens your ravens read ?
SRC	have my walruses who our ravens haven't amused moved ?	haven't my walruses who our ravens amused have moved ?
SRC	hasn't her zebra that has comforted some xylophone waited ?	has her zebra that some comforted some xylophone waited ?
SRC	have her orangutans who haven't remembered my yak confused the newt above my zebra ?	haven't her orangutans who my yak confused have confused the newt above my zebra ?
SRC	hasn't your walrus that her newt has remembered amused our walrus upon your yaks ?	has your walrus that her newt remembered amused our walrus upon your yaks upon your yaks
SRC	have the walruses who haven't comforted the xylophones remembered your salamanders upon our salamanders ?	haven't the walruses who comforted the xylophones remembered your salamanders upon our salamanders upon ?
SRC	hasn't her tyrannosaurus who her quail has confused annoyed your quails behind some peacock ?	has her tyrannosaurus who her quail confused hasn't annoyed your quails behind some peacock ?
SRC	hasn't some unicorn that has annoyed the tyrannosauruses admired her tyrannosaurus by some xylophones ?	has some unicorn that annoyed the tyrannosauruses hasn't admired her tyrannosaurus by some xylophones ?
SRC	has our xylophone that her salamander hasn't annoyed moved ?	hasn't our xylophone that her salamander annoyed has moved ?
SRC	hasn't the xylophone that has amused the peacock slept ?	has the xylophone that amused the peacock hasn't slept ?
SRC	have some yaks who some yaks haven't admired waited ?	haven't some yaks who some yaks admired have waited ?
SRC	has some yak that hasn't accepted some quails swum ?	hasn't some yak that some accepted some has swum ?
SRC	has my orangutan who her salamander hasn't amused smiled ?	hasn't my orangutan who her salamander amused has smiled ?
SRC	haven't the walruses that have eaten giggled ?	have the walruses that eaten eaten ?
SRC	hasn't the raven who has swum giggled ?	hasn't the raven who swum giggled ?
SRC	hasn't the vulture who has moved read ?	hasn't the vulture who moved moved ?
SRC	have the zebras that haven't smiled waited ?	haven't the zebras that smiled smiled waited ?
SRC	have our ravens that haven't waited eaten ?	haven't our ravens that have eaten ?
SRC	haven't your xylophones that your orangutans have annoyed eaten ?	have your xylophones that your orangutans annoyed eaten ? ?
SRC	has your vulture that my raven hasn't confused read ?	hasn't your vulture that my raven confused has read ?
SRC	hasn't our vulture that has annoyed our xylophones changed ?	has our vulture that annoyed our xylophones changed ? ?
SRC	has some tyrannosaurus that her salamander hasn't comforted swum ?	hasn't some tyrannosaurus that her salamander comforted swum ?
SRC	haven't your orangutans that our walruses have entertained changed ?	have your orangutans that our walruses entertained haven't changed ?
SRC	haven't our yaks that my walruses have comforted giggled ?	have our yaks that my walruses comforted giggled ? ?
SRC	hasn't her newt that our walrus has applauded read ?	has her newt that our walrus applauded hasn't read ?
SRC	hasn't the salamander who our zebra has applauded waited ?	has the salamander who our zebra applauded hasn't waited ?
SRC	have your walruses that our orangutans haven't confused slept ?	haven't your walruses that our orangutans confused have slept ?
SRC	have some vultures who haven't read admired my tyrannosaurus ?	haven't some vultures who have admired my tyrannosaurus ? ?
SRC	haven't my orangutans that have accepted my salamanders slept ?	have my orangutans that accepted my salamanders haven't slept ?
SRC	have her zebras that haven't entertained your walrus moved ?	haven't her zebras that your entertained your moved ? ?
SRC	have your orangutans who haven't eaten read ?	haven't your orangutans who eaten eaten ? ? ?
SRC	hasn't our walrus that has swum waited ?	hasn't our walrus that swum waited ? ? ?
SRC	has the unicorn that hasn't read changed ?	hasn't the unicorn that read changed changed ? ?
SRC	have my peacocks that haven't admired your yak swum ?	haven't my peacocks that your yak admired have swum ?
SRC	haven't her tyrannosauruses who the unicorns have amused read ?	have her tyrannosauruses who the unicorns amused haven't read ?
SRC	have my peacocks who my tyrannosauruses haven't entertained eaten ?	haven't my peacocks who my tyrannosauruses entertained have eaten ?
SRC	have your orangutans who my quails haven't applauded read ?	haven't your orangutans who my quails applauded some read ?
SRC	hasn't the peacock that the walrus has annoyed moved ?	has the peacock that the walrus annoyed hasn't moved ?
SRC	has my quail that hasn't giggled slept ?	hasn't my quail that giggled slept ?
SRC	haven't our unicorns that have swum smiled ?	have our unicorns that swum smiled ?
SRC	has her xylophone that hasn't changed changed ?	hasn't her xylophone that changed changed changed ?
SRC	hasn't some orangutan that has changed changed ?	has some orangutan that changed changed changed ?
SRC	hasn't the tyrannosaurus that has slept changed ?	has the tyrannosaurus that slept changed changed ?
SRC	has my xylophone who your orangutan hasn't comforted eaten ?	hasn't my xylophone who your orangutan comforted has eaten ?
SRC	haven't our orangutans that have read admired your tyrannosaurus ?	have our orangutans that haven't admired your tyrannosaurus ? ?
SRC	hasn't the walrus that has comforted her peacocks slept ?	has the walrus that comforted her peacocks slept ? ?
SRC	hasn't some tyrannosaurus who has amused my quails waited ?	has some tyrannosaurus who my amused my quails waited ?
SRC	haven't our vultures that her walruses have applauded smiled ?	have our vultures that her walruses applauded applauded ? ?
SRC	have some peacocks that the unicorns haven't annoyed applauded your xylophone above my quail ?	haven't some peacocks that the unicorns annoyed applauded your xylophone above my quail ? ?
SRC	haven't our orangutans who have remembered your zebra comforted her ravens near our vultures ?	have our orangutans who your zebra your comforted her comforted her ravens near our vultures ?
SRC	has some walrus who some unicorn hasn't comforted admired some salamander with the quail ?	hasn't some walrus who some unicorn comforted has admired some salamander with the quail ?
SRC	has some zebra who hasn't applauded some walrus accepted your zebras around some xylophones ?	hasn't some zebra who applauded some walrus accepted your zebras around some xylophones around some xylophones
SRC	haven't her quails that our unicorns have amused comforted our salamander with some tyrannosauruses ?	have her quails that our unicorns amused haven't comforted our salamander with some tyrannosauruses ?
SRC	hasn't the xylophone that has amused the vultures accepted the yaks ?	has the xylophone that amused the vultures accepted the yaks accepted ?
SRC	has my xylophone that her orangutan hasn't comforted confused our salamanders ?	hasn't my xylophone that her orangutan comforted our has confused our salamanders ?
SRC	hasn't the raven who her unicorn has annoyed annoyed my newts ?	has the raven who her unicorn annoyed hasn't annoyed my newts ?
SRC	have the walruses who haven't remembered your newt confused my zebra ?	haven't the walruses who your newt your confused my zebra ? ?
SRC	haven't our vultures that your xylophones have accepted entertained my peacock ?	have our vultures that your xylophones accepted haven't entertained my peacock ?
SRC	has my walrus who hasn't swum smiled ?	hasn't my walrus who swum smiled ?
SRC	have some peacocks who haven't waited eaten ?	haven't some peacocks who have eaten ?
SRC	hasn't her yak who has waited read ?	hasn't her yak who waited waited ?
SRC	haven't your walruses who have giggled giggled ?	have your walruses who giggled giggled ?
SRC	haven't our newts who have giggled giggled ?	have our newts who giggled giggled ?
SRC	hasn't her yak that has giggled amused our raven ?	has her yak that giggled amused our raven ? ?
SRC	hasn't my zebra who some zebra has entertained moved ?	has my zebra who some zebra entertained hasn't moved ?
SRC	have our tyrannosauruses who haven't amused your quail eaten ?	haven't our tyrannosauruses who your quail your eaten ? ?
SRC	haven't the walruses that have eaten applauded my xylophones ?	have the walruses that eaten eaten applauded my xylophones ?
SRC	have her walruses who haven't entertained her orangutans smiled ?	haven't her walruses who entertained her orangutans have smiled ?
SRC	have my tyrannosauruses that haven't smiled annoyed your ravens above the ravens ?	haven't my tyrannosauruses that smiled smiled annoyed your ravens above the ravens ?
SRC	have some tyrannosauruses who haven't giggled applauded some quail below your unicorn ?	haven't some tyrannosauruses who giggled applauded some quail below your unicorn ? ?
SRC	have her walruses that haven't smiled amused some peacocks with our orangutans ?	haven't her walruses that smiled amused some peacocks with our peacocks with ?
SRC	has the xylophone that hasn't waited applauded our newts behind your raven ?	hasn't the xylophone that has applauded our newts behind your newts ? ?
SRC	has your orangutan who hasn't eaten confused your vulture near my quails ?	hasn't your orangutan who eaten eaten eaten your vulture near my quails ?
SRC	has our quail who hasn't moved entertained some unicorn with your vultures ?	hasn't our quail who moved moved some unicorn with some vultures with ?
SRC	has your quail that hasn't giggled admired my unicorns around our raven ?	hasn't your quail that giggled admired my unicorns around my unicorns ? ?
SRC	haven't the tyrannosauruses who have swum comforted some yak around the orangutan ?	have the tyrannosauruses who have comforted some yak around the orangutan around the ?
SRC	have her ravens who haven't read annoyed my peacocks behind her yak ?	haven't her ravens who have annoyed my peacocks behind her peacocks ? ?
SRC	haven't some yaks who have slept annoyed some newts behind some peacock ?	have some yaks who slept annoyed some newts behind some peacock ? ?
SRC	haven't your orangutans that some yaks have admired eaten ?	have your orangutans that some yaks admired haven't eaten ?
SRC	has the yak that your orangutan hasn't comforted read ?	hasn't the yak that your orangutan comforted has read ?
SRC	hasn't her walrus who your zebra has entertained moved ?	has her walrus who your zebra entertained hasn't moved ?
SRC	hasn't some yak that has comforted your unicorn waited ?	has some yak that comforted your unicorn waited ?
SRC	hasn't my peacock who the xylophone has confused read ?	has my peacock who the xylophone confused hasn't read ?
SRC	has my unicorn that some walrus hasn't applauded giggled ?	hasn't my unicorn that some walrus applauded has giggled ?
SRC	has your quail who hasn't amused my vulture eaten ?	hasn't your quail who my amused my vulture eaten ?
SRC	haven't some quails that have admired some raven smiled ?	have some quails that admired some raven haven't smiled ?
SRC	hasn't my xylophone who has confused my tyrannosaurus eaten ?	has my xylophone who my tyrannosaurus my tyrannosaurus eaten ?
SRC	have some walruses who our zebras haven't remembered eaten ?	haven't some walruses who our zebras remembered have eaten ?
SRC	have her walruses who haven't accepted our peacock changed ?	haven't her walruses who our peacock accepted have changed ?
SRC	has some walrus that hasn't giggled entertained my orangutan ?	hasn't some walrus that giggled entertained my orangutan ? ?
SRC	has my orangutan that hasn't amused the orangutans waited ?	hasn't my orangutan that amused the orangutans has waited ?
SRC	haven't her tyrannosauruses that have amused your ravens changed ?	have her tyrannosauruses that amused your ravens haven't changed ?
SRC	hasn't our yak that has confused your quail giggled ?	has our yak that your quail your giggled ? ?
SRC	hasn't your xylophone who has applauded her unicorn amused her salamanders ?	has your xylophone who applauded her unicorn hasn't amused her salamanders ?
SRC	hasn't my newt that some quail has accepted applauded the salamanders ?	has my newt that some quail accepted hasn't applauded the salamanders ?
SRC	haven't the zebras that have comforted my walrus remembered her orangutans ?	have the zebras that comforted my walrus haven't remembered her orangutans ?
SRC	haven't her vultures that have applauded her ravens accepted some ravens ?	have her vultures that applauded her ravens haven't accepted some ravens ?
SRC	have the tyrannosauruses who haven't amused the walrus confused your zebras ?	haven't the tyrannosauruses who amused the walrus confused your zebras ? ?
SRC	has our salamander who some peacock hasn't accepted moved ?	hasn't our salamander who some peacock accepted has moved ?
SRC	has our orangutan that your raven hasn't confused giggled ?	hasn't our orangutan that your raven confused has giggled ?
SRC	have the orangutans that haven't amused her raven eaten ?	haven't the orangutans that her amused her eaten ?
SRC	hasn't our xylophone that has amused our orangutan giggled ?	has our xylophone that amused our orangutan hasn't giggled ?
SRC	have our vultures that haven't waited amused some tyrannosauruses ?	haven't our vultures that waited waited amused some tyrannosauruses ?
SRC	has some walrus who your yak hasn't remembered waited ?	hasn't some walrus who your yak remembered has waited ?
SRC	hasn't the peacock who has waited entertained our quails ?	hasn't the peacock who has entertained our quails ? ?
SRC	has the tyrannosaurus who some yak hasn't annoyed smiled ?	hasn't the tyrannosaurus who some yak annoyed has smiled ?
SRC	hasn't her xylophone who has applauded her xylophone read ?	has her xylophone who applauded her xylophone read ? ?
SRC	hasn't some walrus that has annoyed some peacock changed ?	has some walrus that annoyed some peacock hasn't changed ?
SRC	has the vulture who some yak hasn't accepted amused my xylophone upon our walrus ?	hasn't the vulture who some yak accepted has amused my xylophone upon our walrus ?
SRC	haven't her peacocks that your xylophones have applauded admired the ravens by the yak ?	have her peacocks that your xylophones applauded the admired the ravens by the yak ?
SRC	hasn't the raven who has slept accepted our xylophone upon some unicorns ?	hasn't the raven who slept accepted our xylophone upon some unicorns ? ?
SRC	haven't some vultures that have giggled amused her walrus near our peacock ?	have some vultures that giggled amused her walrus near our walrus ? ?
SRC	has her salamander who hasn't giggled amused some tyrannosauruses behind my salamanders ?	hasn't her salamander who giggled amused some tyrannosauruses behind my tyrannosauruses ? ?
SRC	haven't our orangutans that have eaten read ?	have our orangutans that eaten eaten ?
SRC	has my newt that hasn't read eaten ?	hasn't my newt that read read ?
SRC	haven't your walruses who have giggled smiled ?	have your walruses who giggled smiled ?
SRC	has the unicorn who hasn't waited read ?	hasn't the unicorn who has read ?
SRC	have our salamanders that haven't changed swum ?	haven't our salamanders that changed swum ?
SRC	has my orangutan who our vulture hasn't amused amused her raven ?	hasn't my orangutan who our vulture amused has amused her raven ?
SRC	haven't our yaks that our peacocks have confused comforted some zebras ?	have our yaks that our peacocks confused some comforted some zebras ?
SRC	hasn't my xylophone that has annoyed my walrus comforted our newts ?	has my xylophone that annoyed my walrus comforted our newts ? ?
SRC	hasn't your newt that some vulture has remembered entertained our tyrannosauruses ?	has your newt that some vulture remembered entertained our tyrannosauruses ? ?
SRC	haven't my yaks who have entertained my salamanders admired our peacocks ?	have my yaks who my salamanders haven't admired our peacocks admired ?
SRC	has our orangutan that hasn't applauded her orangutan slept ?	hasn't our orangutan that applauded her orangutan has slept ?
SRC	have your newts who the salamanders haven't entertained giggled ?	haven't your newts who the salamanders entertained have giggled ?
SRC	haven't your quails that have remembered the newts giggled ?	have your quails that remembered the newts haven't giggled ?
SRC	has our orangutan who hasn't remembered your peacocks moved ?	hasn't our orangutan who your remembered your moved ? ?
SRC	haven't my yaks that some tyrannosauruses have entertained slept ?	have my yaks that some tyrannosauruses entertained haven't slept ?
SRC	have some quails who haven't confused my xylophones comforted your salamanders behind your zebra ?	haven't some quails who my xylophones comforted comforted your salamanders behind your zebra ?
SRC	has the raven that hasn't comforted our yaks entertained some newts by your vulture ?	hasn't the raven that our yaks yaks entertained some newts by your vulture ?
SRC	have my vultures who haven't comforted the xylophone amused the tyrannosauruses below some vulture ?	haven't my vultures who the comforted the xylophone amused the tyrannosauruses below some vulture ?
SRC	haven't some unicorns that your tyrannosauruses have applauded amused her xylophones above some raven ?	have some unicorns that your tyrannosauruses applauded amused her xylophones above some raven above some raven
SRC	has her unicorn who some peacock hasn't comforted comforted our xylophone upon your raven ?	hasn't her unicorn who some peacock comforted our comforted our xylophone upon your raven ?
SRC	have our yaks who haven't slept accepted her vulture ?	haven't our yaks who slept accepted her vulture ? ?
SRC	has your yak who her newt hasn't remembered slept ?	hasn't your yak who her newt remembered has slept ?
SRC	has her raven who hasn't entertained some tyrannosaurus changed ?	hasn't her raven who some entertained some tyrannosaurus has changed ?
SRC	has my raven who hasn't applauded my peacock slept ?	hasn't my raven who applauded my peacock has slept ?
SRC	have some unicorns who haven't changed amused our raven ?	haven't some unicorns who changed amused our raven ? ?
SRC	haven't her zebras that have admired our yaks moved ?	have her zebras that admired our yaks moved ?
SRC	hasn't our quail that has giggled amused our ravens ?	has our quail that giggled amused our ravens ? ?
SRC	haven't some xylophones who her yaks have annoyed giggled ?	have some xylophones who her yaks annoyed giggled ? ?
SRC	has some xylophone that hasn't annoyed your peacock swum ?	hasn't some xylophone that your peacock annoyed swum ? ?
SRC	has our newt that the walrus hasn't confused swum ?	hasn't our newt that the walrus confused has swum ?
SRC	has our quail that your tyrannosaurus hasn't amused eaten ?	hasn't our quail that your tyrannosaurus amused has eaten ?
SRC	hasn't your newt that has accepted some newts waited ?	has your newt that some accepted some newts waited ?
SRC	haven't her salamanders that have annoyed our walruses slept ?	have her salamanders that annoyed our walruses haven't slept ?
SRC	haven't our peacocks who have annoyed her zebras waited ?	have our peacocks who her annoyed her waited ? ?
SRC	haven't the xylophones who the orangutans have amused smiled ?	have the xylophones who the orangutans amused haven't smiled ?
SRC	have her zebras that her orangutans haven't comforted amused our unicorn by my orangutan ?	haven't her zebras that her orangutans comforted amused our unicorn by my orangutan by my
SRC	have your yaks who haven't annoyed the xylophone entertained her orangutans by my walrus ?	haven't your yaks who the annoyed the xylophone entertained her orangutans by my walrus ?
SRC	haven't our xylophones that your vultures have remembered accepted my walruses around my peacock ?	have our xylophones that your vultures remembered haven't accepted my walruses around my peacock ?
SRC	has our vulture that hasn't remembered our walruses accepted the salamanders behind the vulture ?	hasn't our vulture that remembered our walruses has accepted the salamanders behind the vulture ?
SRC	hasn't my newt who has confused our yak accepted the peacock around our tyrannosauruses ?	has my newt who our yak hasn't accepted the peacock around our tyrannosauruses ? ?
SRC	has your zebra that our peacock hasn't applauded smiled ?	hasn't your zebra that our peacock applauded has smiled ?
SRC	has some peacock who hasn't applauded your tyrannosaurus changed ?	hasn't some peacock who applauded your tyrannosaurus has changed ?
SRC	hasn't our zebra who has remembered my raven slept ?	has our zebra who remembered my raven hasn't slept ?
SRC	has my tyrannosaurus that hasn't moved remembered some ravens ?	hasn't my tyrannosaurus that moved moved remembered some ravens ?
SRC	haven't your salamanders who have amused some raven eaten ?	have your salamanders who have amused some eaten ?
SRC	have some yaks who her vultures haven't amused applauded her zebras behind the xylophone ?	haven't some yaks who her vultures amused have applauded her zebras behind the xylophone ?
SRC	has her quail that some vulture hasn't comforted applauded my yak upon some ravens ?	hasn't her quail that some vulture comforted applauded my yak upon some ravens ?
SRC	haven't her walruses who our yaks have accepted accepted your unicorn behind the raven ?	have her walruses who our yaks accepted accepted your unicorn behind the raven ?
SRC	has some zebra that hasn't applauded some unicorns amused our ravens behind your orangutan ?	hasn't some zebra that applauded some unicorns amused our ravens behind your orangutan ?
SRC	have your tyrannosauruses that her vultures haven't comforted entertained her xylophone near our walruses ?	haven't your tyrannosauruses that her vultures comforted her entertained her xylophone near our walruses ?
SRC	haven't our vultures that have admired your vulture giggled ?	have our vultures that your vulture vulture giggled ? ?
SRC	has my zebra who some tyrannosaurus hasn't entertained slept ?	hasn't my zebra who some tyrannosaurus entertained has slept ?
SRC	has your newt that our yak hasn't admired waited ?	hasn't your newt that our yak admired has waited ?
SRC	has the unicorn that hasn't smiled amused the zebras ?	hasn't the unicorn that smiled smiled amused the zebras ?
SRC	have some salamanders that haven't entertained some raven eaten ?	haven't some salamanders that some entertained some have eaten ?
SRC	have our vultures that her tyrannosauruses haven't amused amused her raven above her unicorn ?	haven't our vultures that her tyrannosauruses amused have amused her raven above her unicorn ?
SRC	has my newt who your vulture hasn't amused annoyed my zebra around some salamander ?	hasn't my newt who your vulture amused has annoyed my zebra around some salamander ?
SRC	has the vulture that some orangutan hasn't confused entertained her peacock near her salamander ?	hasn't the vulture that some orangutan confused her peacock near her salamander near her salamander ?
SRC	hasn't my tyrannosaurus that your orangutan has comforted annoyed her orangutans with her unicorn ?	has my tyrannosaurus that your orangutan comforted her annoyed her orangutans with her unicorn ?
SRC	hasn't her tyrannosaurus that your salamander has applauded amused our ravens below our yak ?	has her tyrannosaurus that your salamander applauded our amused our ravens below our yak ?
SRC	haven't my peacocks who have eaten entertained her orangutan ?	have my peacocks who eaten eaten entertained her orangutan ?
SRC	has some xylophone that hasn't swum applauded our walruses ?	hasn't some xylophone that swum applauded applauded our walruses ?
SRC	have your ravens who haven't annoyed our unicorn moved ?	haven't your ravens who annoyed our unicorn moved ? ?
SRC	have the salamanders who haven't slept accepted the walrus ?	haven't the salamanders who slept accepted the walrus ? ?
SRC	haven't the salamanders that have entertained some peacocks changed ?	have the salamanders that some entertained some peacocks haven't changed ?
SRC	has my walrus who hasn't read smiled ?	hasn't my walrus who read smiled ?
SRC	hasn't her orangutan that has moved read ?	has her orangutan that moved moved ?
SRC	has your unicorn that hasn't eaten moved ?	hasn't your unicorn that eaten eaten ?
SRC	have her orangutans who haven't waited giggled ?	haven't her orangutans who have giggled ?
SRC	hasn't the vulture that has waited read ?	hasn't the vulture that waited waited ?
SRC	hasn't some xylophone who has giggled annoyed our orangutan below her tyrannosauruses ?	has some xylophone who giggled annoyed our orangutan below her orangutan below ?
SRC	has our zebra that hasn't moved admired some vultures behind her newt ?	hasn't our zebra that moved moved some vultures behind her newt ? ?
SRC	haven't some quails that have swum amused the xylophones below her walrus ?	have some quails that swum the amused the xylophones below her walrus ?
SRC	have your peacocks who haven't changed remembered her zebras above the orangutan ?	haven't your peacocks who changed remembered her zebras above the zebras ? ?
SRC	hasn't the walrus that has waited accepted our newt upon her unicorn ?	hasn't the walrus that has accepted our newt upon her unicorn ? ?
SRC	hasn't some zebra who the xylophone has annoyed confused some yaks ?	has some zebra who the xylophone annoyed hasn't confused some yaks ?
SRC	hasn't her quail who our yak has comforted admired some quail ?	has her quail who our yak comforted admired some quail ? ?
SRC	has the newt that the orangutan hasn't annoyed comforted some xylophone ?	hasn't the newt that the orangutan annoyed some xylophone comforted some xylophone ?
SRC	haven't my tyrannosauruses who have remembered our quail comforted our xylophone ?	have my tyrannosauruses who our quail haven't comforted our xylophone comforted ?
SRC	haven't some xylophones that some salamanders have comforted amused some quails ?	have some xylophones that some salamanders comforted amused some quails ? ?
SRC	haven't the salamanders that have admired the salamanders eaten ?	have the salamanders that the salamanders the salamanders eaten ?
SRC	haven't the unicorns that have accepted some tyrannosaurus read ?	have the unicorns that some accepted some tyrannosaurus read ?
SRC	hasn't some raven that has comforted your unicorns changed ?	has some raven that comforted your unicorns changed ?
SRC	has the newt that our salamander hasn't confused slept ?	hasn't the newt that our salamander confused has slept ?
SRC	hasn't some yak that has changed confused your salamander ?	has some yak that changed confused your salamander ? ?
SRC	hasn't our walrus who has waited accepted my vulture ?	hasn't our walrus who has accepted my vulture ? ?
SRC	have your yaks that some walruses haven't confused swum ?	haven't your yaks that some walruses confused have swum ?
SRC	hasn't some vulture that her xylophone has entertained waited ?	has some vulture that her xylophone entertained hasn't waited ?
SRC	has our newt who hasn't giggled amused her orangutan ?	hasn't our newt who giggled amused her orangutan ? ?
SRC	have some ravens who our newts haven't confused slept ?	haven't some ravens who our newts confused have slept ?
SRC	haven't my yaks that have remembered my orangutan accepted some newts ?	have my yaks that remembered my orangutan accepted some newts ? ?
SRC	has your xylophone that hasn't applauded her salamander amused her raven ?	hasn't your xylophone that applauded her salamander has amused her raven ?
SRC	haven't your orangutans who have accepted our xylophone confused the peacocks ?	have your orangutans who our xylophone haven't confused the peacocks ? ?
SRC	hasn't our unicorn who has admired my vulture remembered our zebra ?	has our unicorn who my vulture hasn't remembered our zebra ? ?
SRC	haven't our vultures that have comforted her unicorn applauded her ravens ?	have our vultures that comforted her unicorn applauded her ravens ? ?
SRC	haven't the vultures who have annoyed my vultures read ?	have the vultures who have annoyed my vultures read ?
SRC	haven't her vultures that my ravens have annoyed changed ?	have her vultures that my ravens annoyed haven't changed ?
SRC	has the quail who hasn't comforted the newts changed ?	hasn't the quail who the comforted the newts ? ?
SRC	hasn't my orangutan that has annoyed our newts giggled ?	has my orangutan that annoyed our newts hasn't giggled ?
SRC	haven't our unicorns that my vultures have comforted smiled ?	have our unicorns that my vultures comforted smiled ? ?
SRC	have my xylophones who haven't confused some raven read ?	haven't my xylophones who some raven raven have read ?
SRC	has the xylophone that hasn't remembered her peacock smiled ?	hasn't the xylophone that remembered her peacock has smiled ?
SRC	has our vulture that her unicorn hasn't confused changed ?	hasn't our vulture that her unicorn confused has changed ?
SRC	have our yaks who haven't admired my orangutan swum ?	haven't our yaks who my orangutan admired my swum ?
SRC	have some xylophones who her zebras haven't entertained giggled ?	haven't some xylophones who her zebras entertained have giggled ?
SRC	haven't my unicorns that have accepted some quails remembered your xylophones ?	have my unicorns that some accepted some remembered your xylophones ? ?
SRC	hasn't your yak that her peacock has entertained comforted the orangutan ?	has your yak that her peacock entertained hasn't comforted the orangutan ?
SRC	hasn't our quail who has accepted some unicorns accepted our xylophone ?	has our quail who some accepted some unicorns accepted our xylophone ?
SRC	has our vulture that our quail hasn't confused applauded our xylophones ?	hasn't our vulture that our quail confused has applauded our xylophones ?
SRC	haven't the unicorns that some walruses have applauded remembered her vulture ?	have the unicorns that some walruses applauded her remembered her vulture ?
SRC	have our yaks that haven't entertained your newts entertained my xylophones ?	haven't our yaks that your entertained your entertained my xylophones ? ?
SRC	haven't her salamanders that have applauded some yaks admired our xylophones ?	have her salamanders that applauded some yaks admired our xylophones haven't ?
SRC	has the peacock who hasn't remembered her raven comforted some ravens ?	hasn't the peacock who remembered her raven has comforted some ravens ?
SRC	hasn't her vulture that our peacock has annoyed comforted our vultures ?	has her vulture that our peacock annoyed our comforted our vultures ?
SRC	haven't her salamanders that have comforted the orangutan amused my zebras ?	have her salamanders that comforted the orangutan amused my zebras ? ?
SRC	have her peacocks that haven't entertained your peacock amused the tyrannosauruses ?	haven't her peacocks that your entertained your peacock have amused the tyrannosauruses ?
SRC	have our yaks who your walruses haven't accepted comforted some orangutans ?	haven't our yaks who your walruses accepted have comforted some orangutans ?
SRC	hasn't my quail that the xylophone has annoyed comforted my walrus ?	has my quail that the xylophone annoyed hasn't comforted my walrus ?
SRC	haven't some unicorns that her ravens have remembered amused your salamander ?	have some unicorns that her ravens remembered amused your salamander ? ?
SRC	hasn't her salamander that our tyrannosaurus has comforted accepted her quail ?	has her salamander that our tyrannosaurus comforted accepted her quail ? ?
SRC	haven't some walruses who the tyrannosauruses have applauded eaten ?	have some walruses who the tyrannosauruses applauded eaten ?
SRC	has my peacock that the raven hasn't applauded waited ?	hasn't my peacock that the raven applauded has waited ?
SRC	have some orangutans that some vultures haven't amused giggled ?	haven't some orangutans that some vultures amused have giggled ?
SRC	hasn't my orangutan that my tyrannosaurus has remembered smiled ?	has my orangutan that my tyrannosaurus remembered hasn't smiled ?
SRC	haven't the newts that have accepted our orangutan moved ?	have the newts that accepted our orangutan moved ?
SRC	have our tyrannosauruses who my quails haven't remembered changed ?	haven't our tyrannosauruses who my quails remembered have changed ?
SRC	haven't my salamanders that have admired the newt giggled ?	have my salamanders that the admired the giggled ? ?
SRC	have our peacocks that haven't admired her yak swum ?	haven't our peacocks that admired her yak have swum ?
SRC	has our zebra who her raven hasn't comforted waited ?	hasn't our zebra who her raven comforted has waited ?
SRC	have my ravens that haven't amused the zebras moved ?	haven't my ravens that amused the zebras have moved ?
SRC	haven't the zebras that have smiled entertained the peacock near my quails ?	have the zebras that smiled entertained the peacock near my peacock ?
SRC	haven't some salamanders that have read admired some quails below some unicorns ?	have some salamanders that haven't admired some quails below some unicorns ?
SRC	have your vultures that haven't giggled accepted our vultures behind my orangutan ?	haven't your vultures that giggled accepted our vultures behind my orangutan ?
SRC	has her peacock that hasn't read admired your zebras with your xylophones ?	hasn't her peacock that read admired your zebras with your xylophones ?
SRC	hasn't her vulture that has read confused her xylophones above some peacocks ?	hasn't her vulture that hasn't confused her xylophones above some peacocks ?
SRC	have our walruses that haven't annoyed my quails applauded our orangutan around some quail ?	haven't our walruses that annoyed my quails have applauded our orangutan around some quail ?
SRC	haven't the salamanders who some orangutans have applauded confused her tyrannosauruses around your zebra ?	have the salamanders who some orangutans applauded her confused her tyrannosauruses around your zebra ?
SRC	hasn't some quail who her walrus has confused confused our zebras above her ravens ?	has some quail who her walrus confused confused our zebras above her ravens ? ?
SRC	have her salamanders who haven't entertained your salamander confused my newt near her quail ?	haven't her salamanders who your entertained your salamander confused my newt near her quail ?
SRC	have some orangutans who haven't applauded your orangutan entertained some salamanders by the yak ?	haven't some orangutans who applauded your orangutan have entertained some salamanders by the yak ?
SRC	has your vulture who hasn't changed eaten ?	hasn't your vulture who changed eaten ?
SRC	haven't the orangutans who have giggled moved ?	have the orangutans who giggled moved ?
SRC	haven't some zebras that have eaten eaten ?	have some zebras that eaten eaten eaten ?
SRC	has your salamander who hasn't smiled giggled ?	hasn't your salamander who smiled smiled giggled ?
SRC	haven't the walruses who have giggled waited ?	have the walruses who giggled waited ?
SRC	have your salamanders that haven't amused my newts annoyed some orangutan ?	haven't your salamanders that amused my newts have annoyed some orangutan ?
SRC	have her salamanders who haven't comforted some peacocks remembered some salamanders ?	haven't her salamanders who some comforted some peacocks remembered some salamanders ?
SRC	has my unicorn who her salamander hasn't remembered accepted your vulture ?	hasn't my unicorn who her salamander remembered has accepted your vulture ?
SRC	has some peacock who some orangutan hasn't annoyed admired my orangutans ?	hasn't some peacock who some orangutan annoyed admired my orangutans ? ?
SRC	haven't the xylophones that her yaks have comforted annoyed some ravens ?	have the xylophones that her yaks comforted annoyed some ravens ? ?
SRC	haven't my walruses that have remembered some unicorns read ?	have my walruses that remembered some unicorns haven't read ?
SRC	haven't my walruses who have confused your vulture smiled ?	have my walruses who your vulture vulture haven't smiled ?
SRC	has my salamander that hasn't applauded some quail read ?	hasn't my salamander that applauded some quail has read ?
SRC	has her yak who hasn't changed entertained my xylophone ?	hasn't her yak who changed entertained my xylophone ? ?
SRC	hasn't your zebra who has comforted her newt waited ?	has your zebra who comforted her newt hasn't waited ?
SRC	have my orangutans that haven't moved entertained our xylophones around my quails ?	haven't my orangutans that moved moved our xylophones around my quails ? ?
SRC	hasn't your peacock that has read remembered my vulture near the zebra ?	has your peacock that read remembered my vulture near the vulture ? ?
SRC	haven't your zebras that have changed confused your unicorns behind some raven ?	have your zebras that have confused your unicorns behind some unicorns ? ?
SRC	haven't the yaks who have smiled comforted your quails with her tyrannosaurus ?	have the yaks who smiled comforted your quails with her tyrannosaurus ? ?
SRC	hasn't the quail that has eaten admired your walruses with your newt ?	has the quail that eaten eaten admired your walruses with your newt ?
SRC	have your newts who haven't amused some tyrannosauruses swum ?	haven't your newts who some tyrannosauruses tyrannosauruses have swum ?
SRC	haven't my orangutans who have smiled giggled ?	have my orangutans who smiled giggled giggled ? ?
SRC	haven't my salamanders who have changed swum ?	have my salamanders who changed swum ? ? ?
SRC	hasn't our yak who has slept smiled ?	hasn't our yak who slept smiled ? ? ?
SRC	haven't your newts who have moved moved ?	have your newts who moved moved moved ? ?
SRC	has her xylophone who hasn't accepted her yaks slept ?	hasn't her xylophone who her accepted her slept ? ?
SRC	hasn't some xylophone who her salamander has annoyed waited ?	has some xylophone who her salamander annoyed hasn't waited ?
SRC	has our yak that hasn't moved entertained my unicorns ?	hasn't our yak that moved ? entertained my unicorns ?
SRC	has your quail who hasn't admired the orangutan moved ?	hasn't your quail who the orangutan the orangutan moved ?
SRC	has our orangutan who hasn't accepted our yak waited ?	hasn't our orangutan who our yak has waited ?
SRC	have our peacocks that the unicorns haven't admired swum ?	haven't our peacocks that the unicorns admired have swum ?
SRC	has the raven that my tyrannosaurus hasn't annoyed changed ?	hasn't the raven that my tyrannosaurus annoyed has changed ?
SRC	hasn't our unicorn who has annoyed your orangutan waited ?	has our unicorn who your orangutan hasn't waited ? ?
SRC	has our orangutan that the orangutan hasn't entertained swum ?	hasn't our orangutan that the orangutan entertained has swum ?
SRC	has our tyrannosaurus who hasn't comforted some salamander read ?	hasn't our tyrannosaurus who some comforted some salamander read ?
SRC	have your unicorns that haven't changed changed ?	haven't your unicorns that changed changed changed ?
SRC	has my zebra who hasn't eaten changed ?	hasn't my zebra who eaten eaten ?
SRC	haven't my zebras that have swum smiled ?	have my zebras that swum smiled ?
SRC	hasn't our yak who has moved eaten ?	hasn't our yak who moved moved ?
SRC	hasn't our tyrannosaurus who has giggled moved ?	hasn't our tyrannosaurus who giggled moved ?
SRC	haven't my yaks that have moved eaten ?	have my yaks that moved moved ?
SRC	hasn't my xylophone who has giggled slept ?	has my xylophone who giggled slept ?
SRC	hasn't some newt who has eaten giggled ?	hasn't some newt who eaten eaten ?
SRC	has your zebra that hasn't moved giggled ?	hasn't your zebra that moved ? giggled ?
SRC	have your peacocks who haven't slept smiled ?	haven't your peacocks who slept smiled ? ?
SRC	hasn't my walrus who has read remembered some xylophones near my salamander ?	hasn't my walrus who has remembered some xylophones near my salamander ? ?
SRC	has my yak who hasn't read annoyed my vulture around the zebra ?	hasn't my yak who has annoyed my vulture around the vulture ? ?
SRC	haven't her newts that have moved admired her quails behind our unicorns ?	have her newts that haven't admired her quails behind our quails ? ?
SRC	hasn't my tyrannosaurus who has slept amused your unicorns below the tyrannosaurus ?	hasn't my tyrannosaurus who slept amused your unicorns below the tyrannosaurus ? ?
SRC	has her walrus who hasn't read admired your tyrannosauruses with some vulture ?	hasn't her walrus who read admired your tyrannosauruses with some tyrannosauruses with ?
SRC	has some yak who some walrus hasn't accepted confused her xylophones with her walruses ?	hasn't some yak who some walrus accepted has confused her xylophones with her walruses ?
SRC	hasn't some zebra who has applauded some raven annoyed your peacocks by our quails ?	has some zebra who applauded some raven hasn't annoyed your peacocks by our quails ?
SRC	haven't the orangutans that our xylophones have admired admired some newts behind the unicorns ?	have the orangutans that our xylophones admired admired some newts behind the unicorns ?
SRC	have her salamanders who some walruses haven't admired comforted some walruses by your orangutans ?	haven't her salamanders who some walruses admired have comforted some walruses by your orangutans ?
SRC	hasn't our zebra that has admired the orangutan amused my quails behind your tyrannosaurus ?	has our zebra that the orangutan the orangutan amused my quails behind your tyrannosaurus ?
SRC	have some newts that haven't moved waited ?	haven't some newts that moved moved ?
SRC	has the raven who hasn't moved swum ?	hasn't the raven who moved moved swum ?
SRC	haven't some peacocks who have slept read ?	have some peacocks who slept read ?
SRC	haven't her peacocks that have giggled smiled ?	have her peacocks that giggled smiled ?
SRC	have your yaks that haven't eaten giggled ?	haven't your yaks that eaten eaten ?
SRC	haven't the zebras that some vultures have annoyed comforted your quails ?	have the zebras that some vultures annoyed haven't comforted your quails ?
SRC	haven't my zebras who your orangutans have admired accepted my salamander ?	have my zebras who your orangutans admired haven't accepted my salamander ?
SRC	have some ravens who her peacocks haven't entertained comforted our quails ?	haven't some ravens who her peacocks entertained have comforted our quails ?
SRC	haven't your ravens that have accepted your orangutan amused some yaks ?	have your ravens that your accepted your orangutan amused some yaks ?
SRC	hasn't your vulture that has remembered my orangutans annoyed some newt ?	has your vulture that remembered my orangutans hasn't annoyed some newt ?
SRC	hasn't the quail that has admired the peacock moved ?	has the quail that the admired the peacock moved ?
SRC	haven't some zebras who have entertained some zebra moved ?	have some zebras who some zebra entertained haven't moved ?
SRC	haven't your peacocks that my ravens have confused eaten ?	have your peacocks that my ravens confused eaten ? ?
SRC	hasn't my yak that our peacock has remembered eaten ?	has my yak that our peacock remembered hasn't eaten ?
SRC	haven't the xylophones who have comforted the xylophones smiled ?	have the xylophones who the xylophones xylophones haven't smiled ?
SRC	haven't the vultures that have waited admired some walrus ?	have the vultures that have admired some walrus ? ?
SRC	hasn't the xylophone that has waited confused our unicorn ?	has the xylophone that waited waited confused our unicorn ?
SRC	have your salamanders who haven't giggled amused the newts ?	haven't your salamanders who giggled amused the newts ? ?
SRC	have some zebras who your unicorns haven't admired changed ?	haven't some zebras who your unicorns admired have changed ?
SRC	has my unicorn who the orangutan hasn't confused giggled ?	hasn't my unicorn who the orangutan confused has giggled ?
SRC	hasn't some yak who has entertained her yak eaten ?	has some yak who her yak hasn't eaten ?
SRC	haven't her unicorns that have smiled comforted some zebras ?	have her unicorns that smiled smiled comforted some zebras ?
SRC	haven't my quails that have eaten entertained her orangutans ?	have my quails that eaten eaten entertained her orangutans ?
SRC	has your zebra who hasn't comforted your yaks smiled ?	hasn't your zebra who your yaks comforted has smiled ?
SRC	has your salamander that hasn't applauded her vultures read ?	hasn't your salamander that applauded her vultures has read ?
SRC	hasn't your zebra who some zebra has amused moved ?	has your zebra who some zebra amused hasn't moved ?
SRC	has our yak who her vulture hasn't applauded smiled ?	hasn't our yak who her vulture applauded has smiled ?
SRC	haven't the xylophones that her quails have entertained moved ?	have the xylophones that her quails entertained haven't moved ?
SRC	haven't the unicorns that have annoyed our zebra giggled ?	have the unicorns that annoyed our zebra giggled ? ?
SRC	haven't your salamanders that her walruses have accepted slept ?	have your salamanders that her walruses accepted haven't slept ?
SRC	hasn't her peacock that has smiled entertained our xylophone behind my zebras ?	has her peacock that smiled entertained our xylophone behind my xylophone ? ?
SRC	hasn't her vulture that has waited annoyed the zebras above your peacock ?	has her vulture that waited waited annoyed the zebras above your peacock ?
SRC	has her xylophone who hasn't waited admired your orangutan near our orangutans ?	hasn't her xylophone who has admired your orangutan near our orangutan near our ?
SRC	hasn't your walrus that has swum accepted my yak below her xylophones ?	has your walrus that swum accepted my yak below her xylophones ? ?
SRC	hasn't my xylophone who has swum accepted your vultures with her tyrannosauruses ?	has my xylophone who swum accepted your vultures with her tyrannosauruses with ?
SRC	have my newts who my vultures haven't remembered remembered your salamander ?	haven't my newts who my vultures remembered remembered your salamander ?
SRC	haven't my xylophones who have entertained her yak moved ?	have my xylophones who her entertained her moved ? ?
SRC	has some vulture that hasn't admired our zebras waited ?	hasn't some vulture that admired our zebras waited ? ?
SRC	has her orangutan that our walrus hasn't annoyed eaten ?	hasn't her orangutan that our walrus annoyed has eaten ? ?
SRC	haven't the quails who have comforted the orangutan smiled ?	have the quails who the orangutan the orangutan smiled ? ?
SRC	has your vulture who hasn't waited swum ?	hasn't your vulture who waited waited swum ?
SRC	have my orangutans that haven't read slept ?	haven't my orangutans that have slept ?
SRC	has my zebra that hasn't swum moved ?	hasn't my zebra that swum moved ?
SRC	has the unicorn that hasn't smiled read ?	hasn't the unicorn that smiled smiled ?
SRC	has some newt who hasn't read waited ?	hasn't some newt who read waited waited ?
SRC	hasn't our raven who has waited amused your vulture with her salamander ?	hasn't our raven who waited waited amused your vulture with her salamander ?
SRC	haven't her salamanders who have applauded our walruses accepted some orangutan ?	have her salamanders who our walruses haven't accepted some orangutan ? ?
SRC	haven't some orangutans that our ravens have comforted admired the quails ?	have some orangutans that our ravens comforted admired the quails ? ?
SRC	has your tyrannosaurus who hasn't admired our vulture amused my zebra ?	hasn't your tyrannosaurus who our vulture our has amused my zebra ? ?
SRC	has her tyrannosaurus that hasn't accepted my unicorn confused our tyrannosauruses ?	hasn't her tyrannosaurus that accepted my unicorn has confused our tyrannosauruses ? ?
SRC	have some ravens who haven't changed changed ?	haven't some ravens who changed changed changed ?
SRC	hasn't some unicorn who has moved slept ?	hasn't some unicorn who moved ? slept ?
SRC	hasn't some walrus who has smiled waited ?	hasn't some walrus who smiled smiled waited ?
SRC	has our newt that hasn't changed read ?	hasn't our newt that changed read ?
SRC	hasn't your xylophone who has moved slept ?	hasn't your xylophone who moved ? slept ?
SRC	haven't some zebras who have remembered some xylophones smiled ?	have some zebras who have some xylophones haven't smiled ?
SRC	has our raven who hasn't waited applauded our zebras ?	hasn't our raven who has applauded our zebras ? ?
SRC	hasn't her zebra that has confused some orangutans read ?	has her zebra that some confused some orangutans read ?
SRC	has the salamander that hasn't changed confused the tyrannosauruses ?	hasn't the salamander that changed confused the tyrannosauruses ? ?
SRC	has your tyrannosaurus who hasn't amused your newts waited ?	hasn't your tyrannosaurus who your amused your waited ? ?
SRC	has the peacock that her quail hasn't applauded moved ?	hasn't the peacock that her quail applauded has moved ?
SRC	hasn't my vulture who has entertained her newt read ?	has my vulture who her entertained her read ? ?
SRC	has the zebra who our xylophone hasn't comforted smiled ?	hasn't the zebra who our xylophone comforted has smiled ?
SRC	have her orangutans who haven't accepted the vulture giggled ?	haven't her orangutans who the accepted the giggled ? ?
SRC	have some zebras that haven't entertained my orangutans moved ?	haven't some zebras that my entertained my orangutans moved ?
SRC	have the ravens that haven't changed accepted your salamanders with the unicorns ?	haven't the ravens that changed accepted your salamanders with the unicorns ? ?
SRC	haven't your xylophones who have waited remembered my salamanders with my xylophone ?	have your xylophones who have remembered my salamanders with my xylophone with ?
SRC	haven't some quails that have changed remembered our zebra with your raven ?	have some quails that have remembered our zebra with your raven with ?
SRC	have some yaks who haven't eaten confused her salamanders upon some quails ?	haven't some yaks who eaten eaten eaten ? upon some quails ? ?
SRC	haven't the peacocks who have moved comforted my yaks by her newts ?	have the peacocks who moved moved my yaks by her newts by her ?
SRC	haven't your quails that have remembered her xylophones changed ?	have your quails that have her xylophones haven't changed ?
SRC	have some xylophones who the xylophones haven't accepted moved ?	haven't some xylophones who the xylophones accepted have moved ?
SRC	have her xylophones that haven't changed amused the peacock ?	haven't her xylophones that changed amused the peacock ? ?
SRC	has our tyrannosaurus that hasn't comforted our quail waited ?	hasn't our tyrannosaurus that comforted our quail has waited ?
SRC	hasn't some quail that has admired the peacock eaten ?	has some quail that the admired the peacock eaten ?
SRC	hasn't the newt that her xylophone has admired confused some xylophone behind the newt ?	has the newt that her xylophone admired some confused some xylophone behind the newt ?
SRC	hasn't the raven who some unicorn has accepted applauded your tyrannosaurus around our tyrannosauruses ?	has the raven who some unicorn accepted hasn't applauded your tyrannosaurus around our tyrannosauruses ?
SRC	have some xylophones who haven't annoyed some yak entertained the peacock around your peacock ?	haven't some xylophones who annoyed some yak have entertained the peacock around your peacock ?
SRC	haven't your quails that have entertained some zebra amused our peacock upon my yak ?	have your quails that some zebra entertained haven't amused our peacock upon my yak ?
SRC	haven't the walruses who her orangutans have amused applauded my unicorns above my walrus ?	have the walruses who her orangutans amused haven't applauded my unicorns above my walrus ?
SRC	hasn't the unicorn who the walrus has remembered moved ?	has the unicorn who the walrus remembered hasn't moved ?
SRC	has my tyrannosaurus who her salamander hasn't amused read ?	hasn't my tyrannosaurus who her salamander amused has read ?
SRC	have some salamanders who haven't applauded my salamanders eaten ?	haven't some salamanders who applauded my salamanders have eaten ?
SRC	has my raven that the xylophone hasn't admired slept ?	hasn't my raven that the xylophone admired has slept ?
SRC	hasn't your xylophone who the raven has comforted read ?	has your xylophone who the raven comforted read ? ?
SRC	haven't her xylophones who some yaks have annoyed giggled ?	have her xylophones who some yaks annoyed giggled ? ?
SRC	hasn't your yak that has confused my newts giggled ?	has your yak that my confused my newts giggled ?
SRC	have her peacocks who haven't giggled remembered her tyrannosauruses ?	haven't her peacocks who giggled remembered her tyrannosauruses ? ?
SRC	haven't some yaks who have comforted her unicorns eaten ?	have some yaks who comforted her unicorns eaten ?
SRC	has my tyrannosaurus that hasn't applauded the yak read ?	hasn't my tyrannosaurus that applauded the yak has read ?
SRC	hasn't her walrus that my quail has remembered eaten ?	has her walrus that my quail remembered hasn't eaten ?
SRC	haven't your zebras that have entertained your yaks slept ?	have your zebras that your entertained your yaks slept ?
SRC	haven't her yaks that her orangutans have accepted changed ?	have her yaks that her orangutans accepted haven't changed ?
SRC	have your salamanders that haven't read amused our yaks ?	haven't your salamanders that read amused our yaks ? ?
SRC	hasn't our yak that some tyrannosaurus has admired smiled ?	has our yak that some tyrannosaurus admired hasn't smiled ?
SRC	has some zebra that hasn't amused our newt accepted the xylophones near the xylophone ?	hasn't some zebra that amused our newt has accepted the xylophones near the xylophone ?
SRC	has our yak who some unicorn hasn't remembered accepted our zebras near our tyrannosaurus ?	hasn't our yak who some unicorn remembered has accepted our zebras near our tyrannosaurus ?
SRC	have some newts who your peacocks haven't comforted remembered your vultures by the salamanders ?	haven't some newts who your peacocks comforted remembered your vultures by the salamanders ? ?
SRC	has her yak who her vulture hasn't entertained applauded her zebras above your unicorn ?	hasn't her yak who her vulture entertained has applauded her zebras above your unicorn ?
SRC	has her walrus that the yak hasn't admired confused my xylophones below our vulture ?	hasn't her walrus that the yak admired my xylophones confused my vulture below our vulture ?
SRC	has the newt that hasn't accepted the ravens smiled ?	hasn't the newt that the accepted the has smiled ?
SRC	have my unicorns that haven't eaten comforted some yaks ?	haven't my unicorns that eaten eaten ? some yaks ?
SRC	have my vultures that our orangutans haven't remembered read ?	haven't my vultures that our orangutans remembered remembered ? ?
SRC	haven't our ravens who my peacocks have admired slept ?	have our ravens who my peacocks admired haven't slept ?
SRC	haven't some walruses who have smiled accepted the salamander ?	have some walruses who smiled accepted the salamander ? ?
SRC	have the zebras who haven't confused my quails slept ?	haven't the zebras who my quails have slept ? ?
SRC	have some peacocks who my zebras haven't admired moved ?	haven't some peacocks who my zebras admired have moved ?
SRC	hasn't your peacock that has comforted my quails swum ?	has your peacock that comforted my quails hasn't swum ?
SRC	have some walruses that haven't remembered some walruses slept ?	haven't some walruses that remembered some walruses have slept ?
SRC	hasn't my orangutan who has waited remembered your xylophone ?	hasn't my orangutan who has remembered your xylophone ? ?
SRC	have your xylophones that haven't annoyed my newt swum ?	haven't your xylophones that annoyed my newt have swum ?
SRC	haven't some peacocks that her zebras have annoyed smiled ?	have some peacocks that her zebras annoyed haven't smiled ?
SRC	hasn't some salamander that our raven has remembered waited ?	has some salamander that our raven remembered hasn't waited ?
SRC	haven't some orangutans who my yaks have accepted eaten ?	have some orangutans who my yaks accepted haven't eaten ?
SRC	hasn't some orangutan who some yak has applauded swum ?	has some orangutan who some yak applauded hasn't swum ?
SRC	has her quail who hasn't applauded our walruses remembered her yaks by her zebra ?	hasn't her quail who our walruses has remembered her yaks by her zebra ?
SRC	have your quails who haven't remembered your orangutan confused my peacock with our quails ?	haven't your quails who your orangutan remembered confused my peacock with our quails ?
SRC	hasn't our salamander who has amused our unicorns admired some orangutans below your ravens ?	has our salamander who our amused our hasn't admired some orangutans below your ravens ?
SRC	hasn't your yak who has entertained some quails amused my quail with your orangutan ?	has your yak who some entertained some quails hasn't amused my orangutan with your orangutan ?
SRC	hasn't the vulture who has entertained her orangutans remembered the yak around our xylophones ?	has the vulture who her entertained her remembered the remembered the yak around our xylophones ?
SRC	hasn't our peacock who has confused our unicorn read ?	has our peacock who our unicorn unicorn read ? ?
SRC	has some newt who my zebra hasn't confused slept ?	hasn't some newt who my zebra confused has slept ?
SRC	haven't her ravens who have changed confused my salamanders ?	have her ravens who changed confused my salamanders ? ?
SRC	haven't some newts who her salamanders have remembered waited ?	have some newts who her salamanders remembered haven't waited ?
SRC	has my yak that hasn't admired the tyrannosaurus moved ?	hasn't my yak that the admired the tyrannosaurus moved ?
SRC	have some unicorns that haven't remembered my orangutan annoyed the peacock above my salamanders ?	haven't some unicorns that remembered my orangutan have annoyed the peacock above my salamanders ?
SRC	hasn't my zebra that has applauded her zebra entertained my raven above your zebras ?	has my zebra that applauded her zebra entertained hasn't entertained my zebras above your zebras ?
SRC	has her unicorn who your newt hasn't amused admired our newts below some yak ?	hasn't her unicorn who your newt amused has admired our newts below some yak ?
SRC	hasn't your yak who has remembered our quails remembered our salamanders by my raven ?	has your yak who our remembered our quails remembered our salamanders by my raven ?
SRC	has her newt who hasn't moved remembered the orangutan around my walruses ?	hasn't her newt who moved moved the orangutan around my walruses around ? ?
SRC	hasn't your walrus who her salamander has entertained remembered some zebras by her zebra ?	has your walrus who her salamander entertained hasn't remembered some zebras by her zebra ?
SRC	hasn't your zebra who has remembered my xylophones annoyed some vultures near our yak ?	has your zebra who remembered my xylophones annoyed some vultures near our yak ? ?
SRC	haven't some walruses who my tyrannosauruses have applauded applauded some zebra around my walrus ?	have some walruses who my tyrannosauruses applauded applauded some zebra around my walrus ?
SRC	hasn't your quail who the unicorn has applauded amused your xylophones around some unicorns ?	has your quail who the unicorn applauded your xylophones amused your xylophones around some unicorns ?
SRC	have her newts who our salamanders haven't accepted entertained some newts near your unicorn ?	haven't her newts who our salamanders accepted have entertained some newts near your unicorn ?
SRC	have our yaks who haven't admired her tyrannosauruses confused your orangutans ?	haven't our yaks who her tyrannosauruses tyrannosauruses have confused your orangutans ?
SRC	have my walruses who haven't amused my tyrannosaurus remembered my walrus ?	haven't my walruses who my amused my tyrannosaurus remembered my walrus ?
SRC	hasn't the yak who has applauded her ravens annoyed some vulture ?	has the yak who her ravens her annoyed some vulture ? ?
SRC	has our orangutan that my vulture hasn't applauded accepted your zebras ?	hasn't our orangutan that my vulture applauded accepted your zebras ? ?
SRC	hasn't the quail who has entertained her yaks entertained her orangutan ?	has the quail who her entertained her entertained hasn't entertained her orangutan ?
SRC	haven't my xylophones that have accepted your orangutan moved ?	have my xylophones that your accepted your orangutan moved ?
SRC	has her raven who hasn't admired some quail smiled ?	hasn't her raven who some quail some quail smiled ?
SRC	haven't your vultures who have annoyed my unicorns slept ?	have your vultures who have annoyed my unicorns slept ?
SRC	have the yaks that haven't annoyed her xylophones swum ?	haven't the yaks that her annoyed her swum ? ?
SRC	haven't our newts that have waited accepted some tyrannosaurus ?	have our newts that haven't accepted some tyrannosaurus ?
SRC	hasn't her walrus who my tyrannosaurus has applauded entertained your orangutans by some zebra ?	has her walrus who my tyrannosaurus applauded your entertained your orangutans by some zebra ?
SRC	has my orangutan who hasn't amused my tyrannosauruses amused your tyrannosaurus below our walrus ?	hasn't my orangutan who my amused my has amused your tyrannosaurus below our walrus ?
SRC	have her ravens that your newts haven't remembered amused my yaks upon her yak ?	haven't her ravens that your newts remembered have amused my yaks upon her yak ?
SRC	hasn't her salamander that has remembered your walruses applauded some walruses below the newts ?	has her salamander that your walruses your walruses hasn't applauded some newts below the newts ?
SRC	haven't the peacocks that your zebras have amused amused our tyrannosaurus upon my tyrannosaurus ?	have the peacocks that your zebras amused our amused our tyrannosaurus upon my tyrannosaurus ?
SRC	have some quails who haven't swum accepted her ravens above your salamanders ?	haven't some quails who have accepted her ravens above your ravens ? ?
SRC	have our tyrannosauruses who haven't changed accepted some walrus behind our vulture ?	haven't our tyrannosauruses who changed accepted some walrus behind our vulture ? ?
SRC	haven't my vultures who have waited amused some vultures with my quail ?	have my vultures who have amused some vultures with my quail ? ?
SRC	has the raven who hasn't moved entertained our unicorns around your newts ?	hasn't the raven who moved ? our unicorns around your newts around your
SRC	have some tyrannosauruses who haven't slept applauded my newts around my yak ?	haven't some tyrannosauruses who slept applauded applauded my newts around my yak ?
SRC	haven't the walruses that have slept waited ?	have the walruses that haven't waited ?
SRC	has our quail that hasn't eaten swum ?	hasn't our quail that eaten eaten ?
SRC	has the raven that hasn't swum read ?	hasn't the raven that swum ? read ?
SRC	haven't your zebras that have read eaten ?	have your zebras that have eaten ?
SRC	haven't my quails that have waited read ?	have my quails that have read ?
SRC	have our quails who her quails haven't annoyed read ?	haven't our quails who her quails annoyed have read ?
SRC	have our quails that my xylophones haven't remembered swum ?	haven't our quails that my xylophones remembered swum ?
SRC	has some orangutan who some peacock hasn't admired moved ?	hasn't some orangutan who some peacock admired has moved ?
SRC	haven't some zebras that have amused the orangutan smiled ?	have some zebras that amused the orangutan smiled ? ?
SRC	have our ravens that our newts haven't annoyed waited ?	haven't our ravens that our newts annoyed have waited ?
SRC	has some orangutan that hasn't waited swum ?	hasn't some orangutan that waited waited swum ?
SRC	has your peacock who hasn't eaten changed ?	hasn't your peacock who eaten eaten ?
SRC	has her newt that hasn't moved moved ?	hasn't her newt that moved moved ?
SRC	hasn't our xylophone who has swum swum ?	has our xylophone who swum swum ?
SRC	has her orangutan that hasn't changed moved ?	hasn't her orangutan that changed moved ?
SRC	hasn't your salamander who has slept giggled ?	hasn't your salamander who slept giggled ?
SRC	has her newt who hasn't moved giggled ?	hasn't her newt who moved ? giggled ?
SRC	haven't our walruses who have waited giggled ?	have our walruses who haven't giggled ?
SRC	haven't her quails that have slept read ?	have her quails that have read ?
SRC	hasn't our vulture who has read moved ?	hasn't our vulture who read moved ?
SRC	have our peacocks who haven't read smiled ?	haven't our peacocks who have smiled ?
SRC	have her ravens who haven't slept moved ?	haven't her ravens who slept moved ?
SRC	have the salamanders who haven't read slept ?	haven't the salamanders who have slept ?
SRC	hasn't our vulture who has read swum ?	hasn't our vulture who read swum ?
SRC	haven't the peacocks that have moved giggled ?	have the peacocks that have giggled giggled ?
SRC	have the walruses that haven't annoyed some walrus slept ?	haven't the walruses that some walrus walrus have slept ?
SRC	hasn't my raven that has read remembered our zebra ?	hasn't my raven that read remembered our zebra ? ?
SRC	hasn't the raven who has confused the unicorn slept ?	has the raven who the unicorn unicorn slept ? ?
SRC	has the vulture who the peacock hasn't comforted swum ?	hasn't the vulture who the peacock comforted swum ?
SRC	hasn't her unicorn that has confused her unicorn slept ?	has her unicorn that her confused her slept ? ?
SRC	has some raven that the orangutan hasn't admired eaten ?	hasn't some raven that the orangutan admired has eaten ?
SRC	has my raven who hasn't waited remembered your unicorns ?	hasn't my raven who has remembered your unicorns ?
SRC	haven't your newts who her walruses have amused waited ?	have your newts who her walruses amused haven't waited ?
SRC	has some vulture who her peacock hasn't remembered changed ?	hasn't some vulture who her peacock remembered has changed ?
SRC	hasn't the xylophone that has smiled comforted some zebra ?	hasn't the xylophone that smiled smiled comforted some zebra ?
SRC	have some yaks that haven't applauded some walruses remembered my yak ?	haven't some yaks that applauded some walruses have remembered my yak ?
SRC	has the peacock that my tyrannosaurus hasn't applauded applauded the walrus ?	hasn't the peacock that my tyrannosaurus applauded applauded the walrus ? ?
SRC	haven't the peacocks that some ravens have entertained admired some peacocks ?	have the peacocks that some ravens entertained haven't admired some peacocks ?
SRC	has the walrus who the quail hasn't remembered remembered our zebra ?	hasn't the walrus who the quail remembered remembered our zebra ? ?
SRC	has our yak that our tyrannosaurus hasn't entertained entertained our salamanders ?	hasn't our yak that our tyrannosaurus entertained has entertained our salamanders ?
SRC	hasn't my salamander that has confused her newts eaten ?	has my salamander that her confused her eaten ?
SRC	has your unicorn who some raven hasn't applauded giggled ?	hasn't your unicorn who some raven applauded has giggled ?
SRC	has my yak that my zebra hasn't remembered read ?	hasn't my yak that my zebra remembered has read ?
SRC	has my peacock who the raven hasn't admired giggled ?	hasn't my peacock who the raven admired has giggled ?
SRC	hasn't the unicorn that her vulture has entertained giggled ?	has the unicorn that her vulture entertained hasn't giggled ?
SRC	hasn't our orangutan that has entertained my walrus slept ?	has our orangutan that my entertained my walrus slept ?
SRC	haven't my salamanders that have confused the newt changed ?	have my salamanders that the confused the newt ? ?
SRC	haven't her zebras that have smiled entertained her vulture ?	have her zebras that smiled entertained her vulture ? ?
SRC	hasn't our tyrannosaurus that your unicorn has admired read ?	has our tyrannosaurus that your unicorn admired hasn't read ?
SRC	have our yaks who my xylophones haven't accepted read ?	haven't our yaks who my xylophones accepted have read ?
SRC	has some xylophone that hasn't entertained the newt smiled ?	hasn't some xylophone that hasn't the newt has smiled ?
SRC	hasn't my salamander that the unicorn has accepted moved ?	has my salamander that the unicorn accepted hasn't moved ?
SRC	hasn't the quail that has comforted her tyrannosauruses eaten ?	has the quail that comforted her tyrannosauruses hasn't eaten ?
SRC	hasn't your quail that her peacock has comforted giggled ?	has your quail that her peacock comforted my giggled ?
SRC	haven't my salamanders that have entertained your unicorn eaten ?	have my salamanders that your entertained your eaten ? ?
SRC	haven't our peacocks that her zebras have confused giggled ?	have our peacocks that her zebras confused haven't giggled ?
SRC	haven't my salamanders who your xylophones have accepted moved ?	have my salamanders who your xylophones accepted haven't moved ?
SRC	have the newts that haven't changed applauded our vulture ?	haven't the newts that changed applauded our vulture ? ?
SRC	haven't the salamanders who our salamanders have entertained changed ?	have the salamanders who our salamanders entertained haven't changed ?
SRC	haven't her tyrannosauruses that have changed comforted some zebra ?	have her tyrannosauruses that have comforted some zebra ? ?
SRC	hasn't my salamander that our xylophone has admired giggled ?	has my salamander that our xylophone admired hasn't giggled ?
SRC	hasn't the orangutan that has confused her quails slept ?	has the orangutan that her confused her slept ? ?
SRC	has some orangutan who some newt hasn't comforted waited ?	hasn't some orangutan who some newt comforted waited ?
SRC	has our raven who my xylophone hasn't entertained swum ?	hasn't our raven who my xylophone entertained has swum ?
SRC	haven't my tyrannosauruses that have smiled entertained our tyrannosauruses ?	have my tyrannosauruses that smiled entertained our tyrannosauruses ? ?
SRC	hasn't our unicorn that your xylophone has amused admired some unicorn around some walruses ?	has our unicorn that your xylophone amused hasn't admired some unicorn around some walruses ?
SRC	haven't some xylophones that have confused our newts remembered our quails by our raven ?	have some xylophones that our newts confused our remembered our quails by our raven ?
SRC	have her walruses that haven't entertained her zebra comforted some xylophone above some orangutans ?	haven't her walruses that her entertained her zebra comforted some xylophone above some orangutans ?
SRC	hasn't her tyrannosaurus that my salamander has entertained entertained your tyrannosauruses behind the newt ?	has her tyrannosaurus that my salamander entertained hasn't entertained your tyrannosauruses behind the newt ?
SRC	hasn't her zebra that the xylophone has admired annoyed some raven by the tyrannosaurus ?	has her zebra that the xylophone admired hasn't annoyed some raven by the tyrannosaurus ?
SRC	have my tyrannosauruses who haven't waited waited ?	haven't my tyrannosauruses who waited waited waited ?
SRC	has my zebra who hasn't read changed ?	hasn't my zebra who read changed changed ?
SRC	haven't our orangutans who have waited giggled ?	have our orangutans who haven't giggled ?
SRC	haven't your newts who have slept smiled ?	have your newts who slept smiled ?
SRC	have the unicorns who haven't eaten eaten ?	haven't the unicorns who eaten eaten eaten ?
SRC	have our ravens that haven't giggled annoyed her tyrannosaurus ?	haven't our ravens that giggled annoyed her tyrannosaurus ? ?
SRC	has our peacock who hasn't comforted the unicorns moved ?	hasn't our peacock who comforted the unicorns moved ? ?
SRC	has our peacock that hasn't slept amused my tyrannosaurus ?	hasn't our peacock that slept amused my tyrannosaurus ? ?
SRC	have the xylophones that haven't entertained the zebras moved ?	haven't the xylophones that the zebras the moved ? ?
SRC	hasn't your yak who our yak has admired changed ?	has your yak who our yak admired hasn't changed ?
SRC	has the raven that your salamander hasn't remembered giggled ?	hasn't the raven that your salamander remembered has giggled ?
SRC	have your quails that haven't accepted the zebras read ?	haven't your quails that the accepted the zebras read ?
SRC	has some quail who our walrus hasn't applauded swum ?	hasn't some quail who our walrus applauded has swum ?
SRC	has her salamander that hasn't moved remembered the vulture ?	hasn't her salamander that moved moved the vulture ? ?
SRC	have your newts who my xylophones haven't confused smiled ?	haven't your newts who my xylophones confused have smiled ?
SRC	has your orangutan that hasn't waited eaten ?	hasn't your orangutan that waited waited ?
SRC	have your tyrannosauruses that haven't giggled moved ?	haven't your tyrannosauruses that giggled moved ?
SRC	hasn't the walrus that has read swum ?	hasn't the walrus that has swum ?
SRC	hasn't the vulture who has read giggled ?	hasn't the vulture who read giggled ?
SRC	hasn't your salamander who has swum read ?	has your salamander who swum read ?
SRC	have some unicorns that haven't admired the xylophones giggled ?	haven't some unicorns that the admired the xylophones giggled ?
SRC	has her unicorn that hasn't remembered my walrus changed ?	hasn't her unicorn that remembered my walrus has changed ?
SRC	has my salamander who hasn't changed annoyed our quail ?	hasn't my salamander who changed annoyed our quail ? ?
SRC	haven't my vultures who have entertained my ravens moved ?	have my vultures who entertained my ravens moved ? ?
SRC	have the yaks who her yaks haven't accepted waited ?	haven't the yaks who her yaks accepted have waited ?
SRC	have your xylophones that some quails haven't entertained admired her raven above her salamanders ?	haven't your xylophones that some quails entertained have admired her raven above her salamanders ?
SRC	has the xylophone who hasn't admired the zebra remembered her peacock near her tyrannosauruses ?	hasn't the xylophone who the admired the remembered her peacock near her tyrannosauruses ? ?
SRC	haven't the unicorns that have entertained her peacocks accepted my unicorn upon your walrus ?	have the unicorns that her entertained her accepted my unicorn upon your walrus ?
SRC	haven't my quails that have accepted some xylophone annoyed your tyrannosauruses by her quail ?	have my quails that some accepted some xylophone annoyed your tyrannosauruses by her quail ?
SRC	has her raven that hasn't accepted her xylophones amused our orangutan behind some ravens ?	hasn't her raven that accepted her xylophones has amused our orangutan behind some ravens ?
SRC	hasn't your vulture who has giggled entertained some newt ?	hasn't your vulture who giggled entertained some newt ? ?
SRC	has your walrus who my xylophone hasn't entertained changed ?	hasn't your walrus who my xylophone entertained has changed ?
SRC	hasn't some salamander that my zebra has applauded moved ?	has some salamander that my zebra applauded hasn't moved ?
SRC	hasn't the zebra that has moved confused the salamander ?	hasn't the zebra that moved moved the salamander ? ?
SRC	hasn't some unicorn who has comforted her zebra moved ?	has some unicorn who comforted her zebra hasn't moved ?
SRC	has the xylophone that her quail hasn't remembered admired our yaks behind some peacocks ?	hasn't the xylophone that her quail remembered has admired our yaks behind some peacocks ?
SRC	hasn't your unicorn who has confused your walrus annoyed my newt upon her unicorn ?	has your unicorn who your walrus confused hasn't annoyed my newt upon her unicorn ?
SRC	haven't her salamanders that our zebras have annoyed applauded your salamanders with your newts ?	have her salamanders that our zebras annoyed applauded your salamanders with your newts ?
SRC	haven't my newts that the unicorns have amused admired your unicorns around her newt ?	have my newts that the unicorns amused haven't admired your unicorns around her newt ?
SRC	hasn't your newt who has comforted the peacocks accepted her yaks upon the walrus ?	has your newt who the comforted the peacocks accepted her yaks upon the walrus ?
SRC	has the newt who the walrus hasn't admired swum ?	hasn't the newt who the walrus admired has swum ?
SRC	hasn't your walrus who some yak has comforted eaten ?	has your walrus who some yak comforted eaten ?
SRC	have her vultures that the unicorns haven't comforted changed ?	haven't her vultures that the unicorns comforted have changed ?
SRC	has my xylophone who hasn't accepted her zebra swum ?	hasn't my xylophone who her zebra her swum ?
SRC	has your quail that hasn't entertained your unicorn slept ?	hasn't your quail that your entertained your slept ? ?
SRC	hasn't her raven that has accepted some zebra swum ?	has her raven that some accepted some zebra swum ?
SRC	hasn't some vulture that has changed applauded your peacock ?	has some vulture that changed applauded your peacock ? ?
SRC	haven't our quails that some orangutans have admired waited ?	have our quails that some orangutans admired haven't waited ?
SRC	haven't some yaks that have confused her orangutans giggled ?	have some yaks that her confused her giggled ? ?
SRC	hasn't my newt who has applauded your newts slept ?	has my newt who applauded your newts slept ? ?
SRC	haven't her zebras who your unicorns have annoyed swum ?	have her zebras who your unicorns annoyed swum ?
SRC	have some quails who your unicorns haven't entertained slept ?	haven't some quails who your unicorns entertained have slept ?
SRC	have some xylophones that the ravens haven't remembered waited ?	haven't some xylophones that the ravens remembered have waited ?
SRC	hasn't some yak that some newt has confused moved ?	has some yak that some newt confused hasn't moved ?
SRC	haven't the newts that my vultures have comforted changed ?	have the newts that my vultures comforted haven't changed ?
SRC	has her newt who some zebra hasn't amused slept ?	hasn't her newt who some zebra amused has slept ?
SRC	haven't some quails who have accepted her xylophone waited ?	have some quails who her accepted her waited ?
SRC	hasn't our vulture who has comforted my yaks smiled ?	has our vulture who comforted my yaks hasn't smiled ?
SRC	hasn't her peacock who our unicorn has comforted slept ?	has her peacock who our unicorn comforted slept ? ?
SRC	hasn't my yak that has remembered my orangutans moved ?	has my yak that remembered my orangutans moved ?
SRC	haven't the ravens that my quails have annoyed applauded your vultures ?	have the ravens that my quails annoyed applauded your vultures ? ?
SRC	have some zebras who her salamanders haven't remembered applauded the vulture ?	haven't some zebras who her salamanders remembered have applauded the vulture ?
SRC	haven't my quails that your ravens have applauded applauded the yak ?	have my quails that your ravens applauded applauded the yak applauded ?
SRC	hasn't her peacock who has entertained your orangutans entertained her yak ?	has her peacock who your entertained your entertained her yak entertained ?
SRC	hasn't the zebra that our walrus has amused applauded the yak ?	has the zebra that our walrus amused hasn't applauded the yak ?
SRC	haven't our unicorns that have remembered our zebra entertained the ravens ?	have our unicorns that remembered our zebra entertained haven't entertained the ravens ?
SRC	hasn't our peacock that my zebra has comforted amused the xylophones ?	has our peacock that my zebra comforted amused the xylophones ? ?
SRC	has her unicorn that the vulture hasn't comforted annoyed our quails ?	hasn't her unicorn that the vulture comforted annoyed our quails ? ?
SRC	have some yaks that her peacocks haven't accepted confused our tyrannosauruses ?	haven't some yaks that her peacocks accepted have confused our tyrannosauruses ?
SRC	haven't our tyrannosauruses that your salamanders have accepted entertained her salamander ?	have our tyrannosauruses that your salamanders accepted haven't entertained her salamander ?
SRC	has your salamander that hasn't giggled waited ?	hasn't your salamander that giggled ? waited ?
SRC	has her walrus that hasn't waited moved ?	hasn't her walrus that waited waited ?
SRC	have my newts that haven't swum moved ?	haven't my newts that swum moved ?
SRC	has the vulture who hasn't swum read ?	hasn't the vulture who swum read ?
SRC	hasn't the unicorn who has slept giggled ?	hasn't the unicorn who slept giggled ?
SRC	has my quail who our salamander hasn't accepted read ?	hasn't my quail who our salamander accepted has read ?
SRC	haven't your xylophones that have confused the unicorn eaten ?	have your xylophones that the confused the unicorn eaten ?
SRC	haven't our zebras who my orangutans have remembered smiled ?	have our zebras who my orangutans remembered haven't smiled ?
SRC	haven't some yaks that your walruses have confused moved ?	have some yaks that your walruses confused haven't moved ?
SRC	have the tyrannosauruses that some xylophones haven't accepted moved ?	haven't the tyrannosauruses that some xylophones accepted have moved ?
SRC	haven't some vultures that have annoyed my orangutan confused my peacocks around her tyrannosauruses ?	have some vultures that annoyed my orangutan confused my peacocks around her tyrannosauruses ?
SRC	haven't some tyrannosauruses that have entertained our unicorns amused some peacocks below some peacock ?	have some tyrannosauruses that our entertained our unicorns amused some peacocks below some peacock ?
SRC	haven't some newts that the unicorns have comforted entertained her zebra around your xylophones ?	have some newts that the unicorns comforted entertained her zebra around your xylophones around your
SRC	has the zebra that hasn't amused your quail amused my quails with the vulture ?	hasn't the zebra that amused your quail has amused my quails with the vulture ?
SRC	has my yak that her raven hasn't applauded admired our walruses with her peacock ?	hasn't my yak that her raven applauded has admired our walruses with her peacock ?
SRC	hasn't your orangutan that has eaten eaten ?	has your orangutan that eaten eaten ?
SRC	haven't my newts that have giggled changed ?	have my newts that giggled changed changed ?
SRC	have my quails that haven't smiled giggled ?	haven't my quails that smiled smiled giggled ?
SRC	has your newt that hasn't read moved ?	hasn't your newt that read moved ?
SRC	hasn't her tyrannosaurus that has swum waited ?	has her tyrannosaurus that swum waited waited ?
SRC	haven't the orangutans who have moved entertained my unicorns ?	have the orangutans who moved moved my unicorns ?
SRC	haven't my vultures that have accepted the vulture swum ?	have my vultures that the accepted the vulture swum ?
SRC	have the peacocks that our yaks haven't annoyed smiled ?	haven't the peacocks that our yaks annoyed have smiled ?
SRC	have her zebras who haven't moved remembered some yaks ?	haven't her zebras who moved moved remembered some yaks ?
SRC	haven't the tyrannosauruses who some newts have confused smiled ?	have the tyrannosauruses who some newts confused smiled ? ?
SRC	haven't my yaks who my xylophones have accepted eaten ?	have my yaks who my xylophones accepted haven't eaten ?
SRC	have some peacocks that haven't amused some unicorn changed ?	haven't some peacocks that amused some unicorn changed ? ?
SRC	has her zebra that hasn't confused some peacock read ?	hasn't her zebra that some peacock some peacock read ?
SRC	have our tyrannosauruses that haven't entertained your tyrannosauruses smiled ?	haven't our tyrannosauruses that your entertained your smiled ? ?
SRC	have her quails that haven't annoyed her unicorns read ?	haven't her quails that annoyed her unicorns have read ?
SRC	have my peacocks who your walruses haven't remembered moved ?	haven't my peacocks who your walruses remembered have moved ?
SRC	hasn't some zebra that her xylophone has remembered swum ?	has some zebra that her xylophone remembered hasn't swum ?
SRC	have her zebras that the unicorns haven't entertained moved ?	haven't her zebras that the unicorns entertained have moved ?
SRC	hasn't your newt who has amused some newts moved ?	has your newt who some amused some newts moved ?
SRC	hasn't our yak that has accepted my walruses eaten ?	has our yak that accepted my walruses hasn't eaten ?
SRC	haven't your zebras who have amused my raven moved ?	have your zebras who have amused my raven moved ?
SRC	hasn't the quail who has amused the yaks swum ?	has the quail who amused the yaks swum ?
SRC	has my quail who hasn't applauded some zebras slept ?	hasn't my quail who applauded some zebras has slept ?
SRC	has the tyrannosaurus that our newt hasn't applauded swum ?	hasn't the tyrannosaurus that our newt applauded has swum ?
SRC	has the unicorn who hasn't read entertained my unicorn ?	hasn't the unicorn who has entertained my unicorn ? ?
SRC	have your yaks that haven't confused your vultures amused the peacock with her xylophone ?	haven't your yaks that your confused your vultures amused the peacock with her xylophone ?
SRC	hasn't her yak who our peacock has confused confused my peacocks behind your peacocks ?	has her yak who our peacock confused confused my peacocks behind your peacocks ?
SRC	have the quails that our vultures haven't remembered amused the zebras with her quail ?	haven't the quails that our vultures remembered amused the zebras with her quail ? ?
SRC	has my newt that my unicorn hasn't admired annoyed my vultures by her walrus ?	hasn't my newt that my unicorn admired has annoyed my vultures by her walrus ?
SRC	have the yaks that haven't remembered our walruses admired my ravens upon the walrus ?	haven't the yaks that our walruses our walruses have admired my ravens upon the walrus ?
SRC	have some quails that our xylophones haven't confused comforted my tyrannosauruses upon our yak ?	haven't some quails that our xylophones confused have comforted my tyrannosauruses upon our yak ?
SRC	haven't my unicorns who have amused some unicorn comforted your orangutan upon my ravens ?	have my unicorns who have amused some unicorn comforted your orangutan upon my ravens ?
SRC	has her peacock who some vulture hasn't annoyed entertained her zebras near the peacocks ?	hasn't her peacock who some vulture annoyed her entertained her zebras near the peacocks ?
SRC	haven't some xylophones that have remembered our tyrannosauruses admired my newts above some peacocks ?	have some xylophones that remembered our tyrannosauruses haven't admired my newts above some peacocks ?
SRC	haven't her salamanders that my unicorns have applauded confused her vulture above our vulture ?	have her salamanders that my unicorns applauded her confused her vulture above our vulture ?
SRC	haven't your yaks that have remembered some peacock amused the newts around some vultures ?	have your yaks that remembered some peacock haven't amused the newts around some vultures ?
SRC	have your unicorns that my vultures haven't admired applauded your unicorn above our walruses ?	haven't your unicorns that my vultures admired have applauded your unicorn above our walruses ?
SRC	hasn't your newt that has remembered the orangutans confused some raven around the unicorn ?	has your newt that remembered the orangutans confused some raven around the unicorn ?
SRC	have her orangutans that haven't applauded some zebra admired some newts around some vulture ?	haven't her orangutans that applauded some zebra admired some newts around some vulture around some vulture
SRC	have our ravens who your zebras haven't comforted confused her quails upon your vultures ?	haven't our ravens who your zebras comforted confused her quails upon your vultures ? ?
SRC	has my orangutan who hasn't entertained your peacocks amused some tyrannosauruses ?	hasn't my orangutan who your entertained your has amused some tyrannosauruses ?
SRC	has our newt that hasn't applauded her vulture comforted the yaks ?	hasn't our newt that applauded her vulture has comforted the yaks ?
SRC	hasn't the zebra who our yak has remembered entertained her zebras ?	has the zebra who our yak remembered entertained her zebras ? ?
SRC	has her xylophone that her raven hasn't accepted annoyed your newt ?	hasn't her xylophone that her raven accepted has annoyed your newt ?
SRC	have some unicorns who haven't applauded your newts accepted our orangutan ?	haven't some unicorns who applauded your newts have accepted our orangutan ?
SRC	hasn't your raven who has confused the unicorns waited ?	has your raven who the confused the waited ? ?
SRC	haven't our unicorns that have applauded our zebra read ?	have our unicorns that applauded our zebra read ? ?
SRC	have our quails who my quails haven't accepted slept ?	haven't our quails who my quails accepted have slept ?
SRC	haven't your quails who my quails have amused moved ?	have your quails who my quails amused haven't moved ?
SRC	has my newt that hasn't remembered your xylophone slept ?	hasn't my newt that remembered your xylophone has slept ?
SRC	have your salamanders that haven't entertained her quails read ?	haven't your salamanders that her entertained her quails read ?
SRC	has some newt who hasn't entertained some ravens swum ?	hasn't some newt who some entertained some swum ?
SRC	has her unicorn who the orangutan hasn't applauded moved ?	hasn't her unicorn who the orangutan applauded has moved ?
SRC	has your peacock who hasn't moved remembered my newt ?	hasn't your peacock who moved moved remembered my newt ?
SRC	hasn't our zebra who has applauded your unicorn smiled ?	has our zebra who your unicorn unicorn hasn't smiled ?
SRC	hasn't my orangutan who your salamander has amused changed ?	has my orangutan who your salamander amused hasn't changed ?
SRC	have our peacocks that haven't confused the unicorns read ?	haven't our peacocks that the confused the unicorns read ?
SRC	haven't my yaks that my vultures have accepted giggled ?	have my yaks that my vultures accepted haven't giggled ?
SRC	have your zebras that haven't annoyed your peacocks moved ?	haven't your zebras that your peacocks your peacocks moved ?
SRC	have my unicorns that haven't eaten applauded my orangutan ?	haven't my unicorns that eaten eaten applauded my orangutan ?
SRC	has the newt who my yak hasn't comforted changed ?	hasn't the newt who my yak comforted has changed ?
SRC	has some vulture that hasn't applauded some salamanders waited ?	hasn't some vulture that applauded some salamanders has waited ?
SRC	has her raven that my tyrannosaurus hasn't amused waited ?	hasn't her raven that my tyrannosaurus amused has waited ?
SRC	has your salamander who hasn't slept annoyed her tyrannosaurus ?	hasn't your salamander who slept annoyed her tyrannosaurus ? ?
SRC	have some zebras that haven't remembered some walruses read ?	haven't some zebras that remembered some walruses have read ?
SRC	hasn't your unicorn that has smiled eaten ?	has your unicorn that smiled smiled eaten ?
SRC	hasn't my zebra that has swum moved ?	has my zebra that swum moved ?
SRC	haven't your quails that have moved changed ?	have your quails that have changed changed ?
SRC	hasn't your vulture that has giggled giggled ?	has your vulture that giggled giggled giggled ?
SRC	haven't my walruses who have moved swum ?	have my walruses who moved moved swum ?
SRC	has her orangutan who hasn't admired our raven slept ?	hasn't her orangutan who our raven raven has slept ?
SRC	hasn't her yak that has amused your unicorn swum ?	has her yak that amused your unicorn swum ?
SRC	hasn't our orangutan who some newt has admired read ?	has our orangutan who some newt admired hasn't read ?
SRC	hasn't her orangutan who has remembered our xylophone giggled ?	has her orangutan who our remembered our xylophone giggled ?
SRC	has your yak who hasn't accepted your walruses giggled ?	hasn't your yak who your walruses accepted has giggled ?
SRC	haven't our unicorns who have entertained the raven swum ?	have our unicorns who entertained the raven swum ?
SRC	hasn't my quail who has confused our zebra slept ?	has my quail who our zebra our zebra slept ?
SRC	haven't your quails that her zebras have accepted smiled ?	have your quails that her zebras accepted haven't smiled ?
SRC	hasn't your xylophone that has giggled entertained my tyrannosaurus ?	has your xylophone that giggled entertained my tyrannosaurus ? ?
SRC	haven't her tyrannosauruses that have amused your newts waited ?	have her tyrannosauruses that amused your newts haven't waited ?
SRC	haven't some quails who have swum admired the orangutans ?	have some quails who have admired the orangutans ? ?
SRC	haven't the walruses who have slept comforted her quails ?	have the walruses who slept comforted her quails ? ?
SRC	haven't the unicorns that your salamanders have entertained read ?	have the unicorns that your salamanders entertained haven't read ?
SRC	has the yak who hasn't comforted our peacocks waited ?	hasn't the yak who our peacocks our waited ? ?
SRC	hasn't some walrus that has accepted the xylophones waited ?	has some walrus that accepted the xylophones hasn't waited ?
SRC	hasn't her newt who has comforted our xylophones smiled ?	has her newt who our xylophones xylophones hasn't smiled ?
SRC	hasn't your vulture that has applauded the newt moved ?	has your vulture that applauded the newt hasn't moved ?
SRC	hasn't our unicorn that has entertained some ravens eaten ?	has our unicorn that some entertained some eaten ?
SRC	has your quail that hasn't comforted my quail slept ?	hasn't your quail that comforted my quail has slept ?
SRC	hasn't her raven who her peacock has accepted read ?	has her raven who her peacock accepted hasn't read ?
SRC	haven't some walruses who have admired the quail accepted some tyrannosaurus by your quails ?	have some walruses who the admired the quail accepted some tyrannosaurus by your quails ?
SRC	hasn't some zebra who has moved admired your tyrannosaurus by your newts ?	hasn't some zebra who moved moved your tyrannosaurus by your newts ? ?
SRC	have your peacocks that haven't changed applauded her vulture with our yak ?	haven't your peacocks that have applauded applauded her vulture with our yak ? ?
SRC	haven't the unicorns who have slept applauded your newts upon your yaks ?	have the unicorns who slept applauded your newts upon your yaks ? ?
SRC	has some unicorn who hasn't read amused your ravens near her xylophone ?	hasn't some unicorn who read amused your ravens near her ravens ? ?
SRC	has her tyrannosaurus who her unicorn hasn't comforted comforted my walrus upon your quail ?	hasn't her tyrannosaurus who her unicorn comforted comforted my walrus upon your quail ?
SRC	hasn't her newt that her walrus has amused amused my orangutans by some peacock ?	has her newt that her walrus amused hasn't amused my orangutans by some peacock ?
SRC	hasn't our xylophone who the vulture has admired remembered your raven around the newts ?	has our xylophone who the vulture admired hasn't remembered your raven around the newts ?
SRC	have our tyrannosauruses that haven't entertained your newt comforted our ravens near her unicorn ?	haven't our tyrannosauruses that your entertained your comforted our comforted our unicorn near her unicorn ?
SRC	hasn't my quail that your salamander has entertained confused your orangutan upon some walrus ?	has my quail that your salamander entertained hasn't confused your orangutan upon some walrus ?
SRC	have your xylophones that haven't admired some tyrannosaurus annoyed your yaks ?	haven't your xylophones that some admired some tyrannosaurus annoyed your yaks ?
SRC	have your yaks who haven't annoyed our zebras accepted our yaks ?	haven't your yaks who our zebras our zebras have accepted our yaks ?
SRC	has my orangutan that your vulture hasn't comforted confused the salamanders ?	hasn't my orangutan that your vulture comforted the has the salamanders ?
SRC	haven't the peacocks that have annoyed my peacock applauded my orangutans ?	have the peacocks that annoyed my peacock applauded my orangutans ? ?
SRC	haven't the quails who have amused your salamander amused some unicorns ?	have the quails who your amused your salamander amused some unicorns ?
SRC	has the tyrannosaurus who hasn't read changed ?	hasn't the tyrannosaurus who read changed changed ?
SRC	hasn't some zebra that has giggled moved ?	has some zebra that giggled moved ?
SRC	has our raven who hasn't slept moved ?	hasn't our raven who slept moved ?
SRC	has my yak who hasn't giggled swum ?	hasn't my yak who giggled swum ?
SRC	has our zebra who hasn't moved changed ?	hasn't our zebra who moved ? changed ?
SRC	have my zebras that haven't changed confused my yak by my xylophones ?	haven't my zebras that changed confused my yak by my xylophones ? ?
SRC	have my peacocks that haven't moved entertained the tyrannosaurus near your newt ?	haven't my peacocks that moved moved the tyrannosaurus near your newt ? ?
SRC	hasn't our orangutan who has eaten annoyed the peacocks near her peacock ?	hasn't our orangutan who eaten eaten annoyed the peacocks near her peacock ?
SRC	haven't the unicorns that have smiled amused my vulture by your xylophones ?	have the unicorns that smiled smiled amused my vulture by your xylophones ?
SRC	haven't her quails that have waited entertained our walrus below some xylophone ?	have her quails that haven't entertained our walrus below some xylophone ? ?
SRC	haven't our peacocks who have slept changed ?	have our peacocks who slept changed changed ?
SRC	have our orangutans who haven't waited read ?	haven't our orangutans who have read ?
SRC	haven't your yaks who have swum moved ?	have your yaks who have moved ?
SRC	haven't the quails who have giggled smiled ?	have the quails who giggled smiled ?
SRC	has my raven that hasn't smiled smiled ?	hasn't my raven that smiled smiled smiled ?
SRC	has our walrus that my salamander hasn't entertained giggled ?	hasn't our walrus that my salamander entertained has giggled ?
SRC	has the quail that hasn't confused my yaks giggled ?	hasn't the quail that my yaks yaks has giggled ?
SRC	have her ravens who my peacocks haven't accepted eaten ?	haven't her ravens who my peacocks accepted have eaten ?
SRC	haven't her orangutans that your ravens have remembered swum ?	have her orangutans that your ravens remembered swum ?
SRC	hasn't the vulture that has admired our peacock swum ?	has the vulture that admired our peacock hasn't swum ?
SRC	has our xylophone that her zebra hasn't admired comforted my unicorns ?	hasn't our xylophone that her zebra admired has comforted my unicorns ?
SRC	haven't some orangutans that have admired the tyrannosaurus applauded the orangutans ?	have some orangutans that the admired the tyrannosaurus applauded the orangutans ?
SRC	have the quails that haven't annoyed her newt admired my tyrannosaurus ?	haven't the quails that her annoyed her admired my tyrannosaurus ? ?
SRC	has her unicorn who my peacock hasn't confused amused your peacocks ?	hasn't her unicorn who my peacock confused amused your peacocks ? ?
SRC	haven't her peacocks that our unicorns have entertained amused her quail ?	have her peacocks that our unicorns entertained haven't amused her quail ?
SRC	hasn't your orangutan who our xylophone has accepted admired my salamanders ?	has your orangutan who our xylophone accepted hasn't admired my salamanders ?
SRC	has her vulture that hasn't admired our orangutans confused some ravens ?	hasn't her vulture that admired our orangutans confused some ravens ? ?
SRC	has some walrus that hasn't confused her yak accepted my peacock ?	hasn't some walrus that her confused her accepted my peacock ? ?
SRC	haven't our vultures that my ravens have admired comforted the quail ?	have our vultures that my ravens admired haven't comforted the quail ?
SRC	haven't her salamanders that some salamanders have entertained remembered her walrus ?	have her salamanders that some salamanders entertained haven't remembered her walrus ?
SRC	have my yaks who haven't entertained our walruses swum ?	haven't my yaks who our walruses our walruses swum ?
SRC	hasn't the unicorn that has remembered the newts waited ?	has the unicorn that remembered the newts hasn't waited ?
SRC	haven't our orangutans who have entertained some vulture waited ?	have our orangutans who some vulture vulture waited ?
SRC	haven't the quails that our salamanders have amused slept ?	have the quails that our salamanders amused haven't slept ?
SRC	has your salamander that hasn't confused my tyrannosauruses read ?	hasn't your salamander that my confused my tyrannosauruses read ?
SRC	has the unicorn who hasn't giggled moved ?	hasn't the unicorn who giggled moved ?
SRC	hasn't our peacock that has slept eaten ?	has our peacock that slept eaten ?
SRC	hasn't your vulture who has changed smiled ?	hasn't your vulture who changed smiled ?
SRC	hasn't her peacock who has eaten eaten ?	has her peacock who eaten eaten ?
SRC	hasn't my orangutan that has read moved ?	hasn't my orangutan that has moved ?
SRC	has the tyrannosaurus that hasn't applauded some unicorns eaten ?	hasn't the tyrannosaurus that applauded some unicorns eaten ?
SRC	hasn't your tyrannosaurus who has remembered my zebra changed ?	has your tyrannosaurus who remembered my zebra hasn't changed ?
SRC	hasn't my quail who has remembered some peacock waited ?	has my quail who remembered some peacock hasn't waited ?
SRC	have her orangutans that some ravens haven't confused waited ?	haven't her orangutans that some ravens confused have waited ?
SRC	have my quails who haven't confused our xylophone changed ?	haven't my quails who our xylophone confused have changed ?
SRC	hasn't some zebra who has remembered my newt eaten ?	has some zebra who remembered my newt hasn't eaten ?
SRC	have her quails that haven't remembered our vulture smiled ?	haven't her quails that remembered our vulture have smiled ?
SRC	hasn't her quail that some newt has entertained read ?	has her quail that some newt entertained hasn't read ?
SRC	have her newts that haven't admired her quails eaten ?	haven't her newts that admired her quails have eaten ?
SRC	have the orangutans who some orangutans haven't accepted giggled ?	haven't the orangutans who some orangutans accepted have giggled ?
SRC	hasn't my quail that has waited annoyed your vultures around some ravens ?	has my quail that waited waited annoyed your vultures around some ravens ?
SRC	have my zebras who haven't entertained my vulture amused her orangutans ?	haven't my zebras who entertained my vulture have amused her orangutans ? ?
SRC	have our orangutans that some unicorns haven't accepted admired my walrus ?	haven't our orangutans that some unicorns accepted have admired my walrus ? ?
SRC	hasn't our unicorn who your yak has entertained annoyed the salamanders ?	has our unicorn who your yak entertained hasn't annoyed the salamanders ? ?
SRC	has our salamander that hasn't comforted the quail admired our quails ?	hasn't our salamander that comforted the quail has admired our quails ? ?
SRC	hasn't some peacock who some salamander has entertained giggled ?	has some peacock who some salamander entertained hasn't giggled ?
SRC	have her zebras that haven't changed accepted your xylophones ?	haven't her zebras that changed accepted your xylophones ? ?
SRC	have your ravens who haven't entertained her peacock giggled ?	haven't your ravens who entertained her peacock have giggled ?
SRC	have your newts who haven't admired our newt eaten ?	haven't your newts who our admired our eaten ? ?
SRC	haven't the vultures that our vultures have annoyed smiled ?	have the vultures that our vultures annoyed haven't smiled ?
SRC	haven't the zebras that her newts have accepted remembered her orangutan ?	have the zebras that her newts accepted haven't remembered her orangutan ?
SRC	haven't some unicorns that the salamanders have accepted accepted our walrus ?	have some unicorns that the salamanders accepted accepted our walrus ? ?
SRC	have her zebras who haven't entertained our zebras confused our unicorn ?	haven't her zebras who our zebras our zebras confused our unicorn ?
SRC	has the tyrannosaurus who our orangutan hasn't entertained remembered our yaks ?	hasn't the tyrannosaurus who our orangutan entertained has remembered our yaks ?
SRC	haven't our orangutans who my ravens have applauded accepted my xylophone ?	have our orangutans who my ravens applauded accepted my xylophone ? ?
SRC	hasn't my tyrannosaurus who has accepted the zebra slept ?	has my tyrannosaurus who the accepted the zebra slept ?
SRC	has the salamander who hasn't eaten comforted your salamander ?	hasn't the salamander who eaten eaten ? your salamander ?
SRC	have your vultures that some peacocks haven't applauded moved ?	haven't your vultures that some peacocks applauded applauded ? ?
SRC	hasn't my peacock who has confused her peacocks moved ?	has my peacock who her peacocks her moved ?
SRC	hasn't our raven who has slept applauded her orangutans ?	hasn't our raven who slept applauded her orangutans ? ?
SRC	hasn't her walrus that some salamander has amused waited ?	has her walrus that some salamander amused hasn't waited ?
SRC	have her newts that some vultures haven't amused read ?	haven't her newts that some vultures amused some read ?
SRC	haven't your salamanders who have slept entertained her tyrannosaurus ?	have your salamanders who slept entertained her tyrannosaurus ? ?
SRC	has our walrus who hasn't confused her peacocks waited ?	hasn't our walrus who her peacocks her waited ? ?
SRC	haven't the newts who the yaks have admired read ?	have the newts who the yaks admired haven't read ?
SRC	have our vultures who haven't applauded our peacock moved ?	haven't our vultures who applauded our peacock have moved ?
SRC	haven't my tyrannosauruses who have comforted some salamander waited ?	have my tyrannosauruses who some comforted some waited ?
SRC	hasn't your zebra who the unicorn has annoyed giggled ?	has your zebra who the unicorn annoyed hasn't giggled ?
SRC	haven't some zebras that her unicorns have applauded smiled ?	have some zebras that her unicorns applauded applauded smiled ?
SRC	have some salamanders who her ravens haven't comforted moved ?	haven't some salamanders who her ravens comforted have moved ?
SRC	haven't the vultures that have remembered her newt smiled ?	have the vultures that remembered her newt smiled ? ?
SRC	hasn't the orangutan that our walrus has confused swum ?	has the orangutan that our walrus confused hasn't swum ?
SRC	hasn't our xylophone that our unicorn has accepted smiled ?	has our xylophone that our unicorn accepted hasn't smiled ?
SRC	has her tyrannosaurus that your salamander hasn't admired eaten ?	hasn't her tyrannosaurus that your salamander admired has eaten ?
SRC	have my vultures that our zebras haven't entertained giggled ?	haven't my vultures that our zebras entertained have giggled ?
SRC	hasn't our orangutan who has accepted your raven slept ?	has our orangutan who your raven raven hasn't slept ?
SRC	have some unicorns who the zebras haven't admired changed ?	haven't some unicorns who the zebras admired have changed ?
SRC	hasn't our unicorn that has eaten comforted your yaks ?	has our unicorn that eaten eaten ? yaks ?
SRC	have some ravens that haven't accepted my newt eaten ?	haven't some ravens that accepted my newt have eaten ?
SRC	hasn't your salamander that has amused some yak eaten ?	has your salamander that amused some yak hasn't eaten ?
SRC	haven't some newts that have smiled accepted her peacocks near my peacock ?	have some newts that smiled accepted her peacocks near my peacocks ? ?
SRC	hasn't my vulture that has changed comforted my orangutan by your raven ?	has my vulture that changed comforted my orangutan by your raven by your raven
SRC	has your raven who hasn't read remembered your unicorns near her peacock ?	hasn't your raven who read remembered your unicorns near her peacock near her peacock
SRC	has our newt that hasn't smiled accepted her raven above our tyrannosauruses ?	hasn't our newt that smiled accepted her raven above our tyrannosauruses ? ?
SRC	haven't some unicorns who have eaten remembered some salamanders near our newt ?	have some unicorns who eaten eaten remembered some salamanders near our newt ?
SRC	hasn't the unicorn that has annoyed her tyrannosaurus confused my peacocks ?	has the unicorn that her annoyed her tyrannosaurus hasn't confused my peacocks ?
SRC	have some salamanders that haven't entertained our vulture annoyed my newts ?	haven't some salamanders that our entertained our vulture annoyed my newts ?
SRC	hasn't some raven who has admired her zebras comforted our salamander ?	has some raven who her zebras her comforted our salamander ? ?
SRC	has my walrus who hasn't entertained your walruses confused our salamanders ?	hasn't my walrus who your walruses confused has confused our salamanders ?
SRC	have our walruses who haven't applauded my walruses accepted the unicorn ?	haven't our walruses who applauded my walruses have accepted the unicorn ?
SRC	has her vulture who hasn't moved slept ?	hasn't her vulture who moved ? slept ?
SRC	haven't your xylophones that have changed moved ?	have your xylophones that have moved ?
SRC	haven't your walruses that have swum waited ?	have your walruses that swum waited ?
SRC	have some vultures that haven't read giggled ?	haven't some vultures that have giggled giggled ?
SRC	has our xylophone who hasn't giggled smiled ?	hasn't our xylophone who giggled smiled ?
SRC	have our salamanders who haven't entertained my walruses entertained her walrus ?	haven't our salamanders who entertained my walruses have entertained her walrus ?
SRC	hasn't the tyrannosaurus that the orangutan has entertained confused your xylophone ?	has the tyrannosaurus that the orangutan entertained hasn't confused your xylophone ?
SRC	hasn't her tyrannosaurus who her orangutan has accepted admired our peacocks ?	has her tyrannosaurus who her orangutan accepted hasn't admired our peacocks ?
SRC	hasn't some yak who her newt has accepted comforted your xylophone ?	has some yak who her newt accepted hasn't comforted your xylophone ?
SRC	haven't her walruses that have applauded my raven confused our zebras ?	have her walruses that applauded my raven confused our zebras ? ?
SRC	hasn't your xylophone who has annoyed some tyrannosaurus giggled ?	has your xylophone who some tyrannosaurus some giggled ? ?
SRC	have the salamanders who my ravens haven't accepted giggled ?	haven't the salamanders who my ravens accepted have giggled ?
SRC	haven't some unicorns who have confused my yak smiled ?	have some unicorns who my yak yak smiled ? ?
SRC	has some newt that hasn't comforted some ravens giggled ?	hasn't some newt that comforted some ravens has giggled ?
SRC	have the quails who haven't amused some quails waited ?	haven't the quails who some amused some waited ? ?
SRC	have some walruses who some salamanders haven't admired giggled ?	haven't some walruses who salamanders admired admired have giggled ?
SRC	has some raven that hasn't entertained her salamander slept ?	hasn't some raven that her entertained her salamander slept ?
SRC	have our tyrannosauruses who haven't comforted her zebras slept ?	haven't our tyrannosauruses who comforted her zebras have slept ?
SRC	have the ravens who haven't slept annoyed some raven ?	haven't the ravens who slept annoyed some raven ? ?
SRC	has the salamander who my zebra hasn't applauded swum ?	hasn't the salamander who my zebra applauded has swum ?
SRC	have your yaks who haven't amused her tyrannosauruses amused some quail ?	haven't your yaks who her amused her amused some quail ? ?
SRC	hasn't your walrus who has comforted the zebras applauded our salamander ?	has your walrus who comforted the zebras hasn't applauded our salamander ?
SRC	have the peacocks that haven't applauded her walrus confused her peacocks ?	haven't the peacocks that applauded her walrus confused her peacocks her peacocks ?
SRC	hasn't some orangutan that our peacock has comforted admired my tyrannosaurus ?	has some orangutan that our peacock comforted admired my tyrannosaurus ? ?
SRC	haven't the salamanders that have admired some peacocks applauded your xylophone ?	have the salamanders that some peacocks some peacocks haven't applauded your xylophone ?
SRC	haven't our tyrannosauruses that her vultures have admired entertained the salamanders with some unicorns ?	have our tyrannosauruses that her vultures admired the entertained the salamanders with some unicorns ?
SRC	haven't some newts that have annoyed her orangutans accepted her unicorns below my orangutan ?	have some newts that her annoyed her accepted her unicorns below my orangutan below ?
SRC	hasn't my tyrannosaurus who has confused the raven accepted our quail around her salamander ?	has my tyrannosaurus who the raven accepted hasn't accepted our quail around her salamander ?
SRC	has your yak that my salamander hasn't remembered comforted the ravens below the xylophone ?	hasn't your yak that my salamander remembered the comforted the ravens below the xylophone ?
SRC	have some zebras that haven't comforted some zebras admired her tyrannosauruses above my newt ?	haven't some zebras that comforted some zebras have admired her tyrannosauruses above my newt ?
SRC	has her tyrannosaurus who hasn't slept read ?	hasn't her tyrannosaurus who slept read ?
SRC	haven't the unicorns who have smiled slept ?	have the unicorns who smiled smiled ?
SRC	hasn't your newt who has smiled moved ?	hasn't your newt who smiled moved ?
SRC	hasn't your tyrannosaurus that has swum slept ?	has your tyrannosaurus that swum slept ?
SRC	has my peacock that hasn't changed waited ?	hasn't my peacock that changed waited ?
SRC	haven't your xylophones that her unicorns have amused smiled ?	have your xylophones that her unicorns amused haven't smiled ?
SRC	haven't your yaks that my quails have confused giggled ?	have your yaks that my quails confused haven't giggled ?
SRC	have my zebras who haven't admired our vultures changed ?	haven't my zebras who our vultures admired our changed ?
SRC	haven't the xylophones who have changed applauded the xylophones ?	have the xylophones who changed applauded applauded the xylophones ?
SRC	have the vultures who my peacocks haven't entertained changed ?	haven't the vultures who my peacocks entertained have changed ?
SRC	have our tyrannosauruses that some peacocks haven't entertained smiled ?	haven't our tyrannosauruses that some peacocks entertained have smiled ?
SRC	haven't her salamanders who have slept accepted your zebra ?	have her salamanders who slept accepted your zebra ? ?
SRC	have your yaks who haven't confused our yaks eaten ?	haven't your yaks who our yaks yaks have eaten ?
SRC	has her raven that hasn't annoyed the vulture eaten ?	hasn't her raven that the annoyed the vulture eaten ?
SRC	haven't some ravens that have confused your xylophones slept ?	have some ravens that your xylophones your slept ? ?
SRC	has my yak who hasn't applauded her vultures smiled ?	hasn't my yak who her vultures has smiled ? ?
SRC	has some tyrannosaurus that her zebra hasn't applauded smiled ?	hasn't some tyrannosaurus that her zebra applauded has smiled ?
SRC	have your quails that haven't comforted my vulture changed ?	haven't your quails that comforted my vulture have changed ?
SRC	hasn't the raven that your yak has remembered slept ?	has the raven that your yak remembered hasn't slept ?
SRC	has our peacock that hasn't confused her zebra waited ?	hasn't our peacock that her confused her waited ? ?
SRC	hasn't your newt who has admired some xylophones swum ?	has your newt who some xylophones some xylophones swum ?
SRC	has our unicorn who hasn't entertained our salamander eaten ?	hasn't our unicorn who entertained our salamander has eaten ?
SRC	has some tyrannosaurus who hasn't entertained our zebras giggled ?	hasn't some tyrannosaurus who entertained our zebras has giggled ?
SRC	hasn't your xylophone that has read swum ?	has your xylophone that read swum ? ? ?
SRC	hasn't her quail that has slept changed ?	has her quail that slept changed changed ? ?
SRC	have your vultures that haven't annoyed your salamanders eaten ?	haven't your vultures that your salamanders have eaten ? ?
SRC	hasn't our quail that my orangutan has annoyed changed ?	has our quail that my orangutan annoyed hasn't changed ?
SRC	haven't your newts who have read annoyed the zebras ?	have your newts who haven't annoyed the zebras ? ?
SRC	hasn't her vulture that your newt has annoyed changed ?	has her vulture that your newt annoyed hasn't changed ?
SRC	has your tyrannosaurus who your xylophone hasn't accepted swum ?	hasn't your tyrannosaurus who your xylophone accepted has swum ?
SRC	hasn't my unicorn that the peacock has confused eaten ?	has my unicorn that the peacock confused hasn't eaten ?
SRC	has the yak that hasn't comforted your xylophones read ?	hasn't the yak that your xylophones your read ? ?
SRC	have her tyrannosauruses that haven't annoyed some ravens giggled ?	haven't her tyrannosauruses that annoyed some ravens have giggled ?
SRC	haven't her vultures who have remembered the zebra swum ?	have her vultures who have the zebra swum ?
SRC	have our peacocks that haven't entertained our vultures read ?	haven't our peacocks that our vultures entertained have read ?
SRC	haven't the ravens who have slept eaten ?	have the ravens who slept eaten ?
SRC	has our quail who hasn't waited swum ?	hasn't our quail who waited waited swum ?
SRC	have the ravens that haven't changed slept ?	haven't the ravens that changed slept ?
SRC	hasn't my walrus that has smiled eaten ?	hasn't my walrus that smiled smiled eaten ?
SRC	haven't our walruses who have changed moved ?	have our walruses who changed moved ?
SRC	hasn't your newt who has accepted your quails swum ?	has your newt who your accepted your swum ? ?
SRC	hasn't our vulture who has entertained her orangutans swum ?	has our vulture who her entertained her swum ?
SRC	hasn't your vulture that has comforted her yak giggled ?	has your vulture that comforted her yak hasn't giggled ?
SRC	haven't her peacocks who the zebras have confused smiled ?	have her peacocks who the zebras confused smiled ? ?
SRC	have the salamanders who haven't applauded the unicorn read ?	haven't the salamanders who applauded the unicorn read ? ?
SRC	haven't some newts who have amused your yaks moved ?	have some newts who your amused your yaks moved ?
SRC	hasn't your walrus that the tyrannosaurus has comforted swum ?	has your walrus that the tyrannosaurus comforted swum ?
SRC	haven't our salamanders who my tyrannosauruses have annoyed slept ?	have our salamanders who my tyrannosauruses annoyed haven't slept ?
SRC	hasn't some zebra that has amused her salamanders slept ?	has some zebra that amused her salamanders hasn't slept ?
SRC	has some tyrannosaurus that hasn't amused the zebras waited ?	hasn't some tyrannosaurus that amused the zebras has waited ?
SRC	have some orangutans who your walruses haven't amused comforted some xylophones below our xylophone ?	haven't some orangutans who your walruses amused have comforted some xylophones below our xylophone ?
SRC	hasn't her zebra that your yak has applauded remembered my tyrannosaurus near the vulture ?	has her zebra that your yak applauded hasn't remembered my tyrannosaurus near the vulture ?
SRC	haven't our quails who my salamanders have entertained admired your yak with the salamanders ?	have our quails who my salamanders entertained haven't admired your yak with the salamanders ?
SRC	hasn't our unicorn who has annoyed my newts remembered your orangutans above our walruses ?	has our unicorn who my newts my remembered your orangutans above our walruses above our
SRC	has our vulture who hasn't entertained my newt accepted the orangutans around some orangutan ?	hasn't our vulture who my entertained my has accepted the orangutans around some orangutan ?
SRC	have her yaks who my ravens haven't amused smiled ?	haven't her yaks who my ravens amused have smiled ?
SRC	haven't your vultures that the yaks have comforted waited ?	have your vultures that the yaks comforted haven't waited ?
SRC	have some xylophones that our orangutans haven't comforted giggled ?	haven't some xylophones that our orangutans comforted giggled ? ?
SRC	haven't the peacocks who have comforted our salamanders slept ?	have the peacocks who our salamanders haven't slept ? ?
SRC	has her newt who hasn't entertained the zebra waited ?	hasn't her newt who the entertained the waited ? ?
SRC	hasn't our tyrannosaurus who your vulture has amused slept ?	has our tyrannosaurus who your vulture amused hasn't slept ?
SRC	has our yak that hasn't confused some peacocks smiled ?	hasn't our yak that some peacocks some has smiled ?
SRC	have your quails that haven't read entertained my vulture ?	haven't your quails that read entertained my vulture ? ?
SRC	have my salamanders that our ravens haven't confused giggled ?	haven't my salamanders that our ravens confused have giggled ?
SRC	haven't some salamanders who the xylophones have accepted changed ?	have some salamanders who the xylophones accepted haven't changed ?
SRC	have her quails who haven't moved read ?	haven't her quails who moved ? read ?
SRC	have some ravens who haven't changed slept ?	haven't some ravens who changed slept ?
SRC	have the peacocks that haven't moved read ?	haven't the peacocks that moved ? read ?
SRC	hasn't our salamander that has giggled giggled ?	has our salamander that giggled giggled giggled ?
SRC	have your xylophones who haven't moved eaten ?	haven't your xylophones who moved ? eaten ?
SRC	has our tyrannosaurus who hasn't confused some ravens smiled ?	hasn't our tyrannosaurus who some ravens some ravens smiled ?
SRC	has her yak that hasn't applauded her orangutan eaten ?	hasn't her yak that applauded her orangutan has eaten ?
SRC	hasn't her peacock that her vulture has applauded read ?	has her peacock that her vulture applauded hasn't read ?
SRC	haven't your yaks that have entertained my unicorn slept ?	have your yaks that my entertained my slept ? ?
SRC	have my vultures that haven't entertained your newts smiled ?	haven't my vultures that your entertained your newts smiled ?
SRC	hasn't our peacock that has smiled eaten ?	has our peacock that smiled eaten ?
SRC	have my salamanders that haven't swum changed ?	haven't my salamanders that swum changed changed ?
SRC	haven't her walruses that have changed moved ?	have her walruses that changed moved ?
SRC	has my tyrannosaurus that hasn't waited changed ?	hasn't my tyrannosaurus that has changed ?
SRC	have some walruses that haven't giggled smiled ?	haven't some walruses that giggled smiled ?
SRC	has your vulture that some yak hasn't entertained applauded your salamander ?	hasn't your vulture that some yak entertained has applauded your salamander ?
SRC	has my raven that my salamander hasn't remembered amused my salamander ?	hasn't my raven that my salamander remembered has amused my salamander ?
SRC	have my vultures who haven't admired my salamander amused some walruses ?	haven't my vultures who my salamander admired some amused some walruses ?
SRC	haven't her unicorns who her tyrannosauruses have accepted confused the walruses ?	have her unicorns who her tyrannosauruses accepted haven't confused the walruses ?
SRC	haven't my unicorns who have amused our vulture amused my unicorn ?	have my unicorns who our amused our vulture amused my unicorn ?
SRC	hasn't some tyrannosaurus who has entertained the zebra giggled ?	has some tyrannosaurus who the entertained the giggled ? ?
SRC	haven't our orangutans who have comforted our zebras read ?	have our orangutans who our zebras our read ? ?
SRC	hasn't the quail that some tyrannosaurus has admired read ?	has the quail that some tyrannosaurus admired hasn't read ?
SRC	hasn't your salamander who has read admired my orangutans ?	hasn't your salamander who read admired my orangutans ? ?
SRC	have our zebras that your quails haven't admired eaten ?	haven't our zebras that your quails admired have eaten ?
SRC	haven't our tyrannosauruses who have amused your ravens read ?	have our tyrannosauruses who your amused your read ? ?
SRC	haven't the zebras who have confused the salamander read ?	have the zebras who the confused the salamander read ?
SRC	has her salamander who hasn't entertained her ravens moved ?	hasn't her salamander who her entertained her moved ? ?
SRC	haven't my orangutans that our xylophones have remembered moved ?	have my orangutans that our xylophones remembered haven't moved ?
SRC	haven't some salamanders who have changed annoyed the walrus ?	have some salamanders who changed annoyed the walrus ? ?
SRC	have our orangutans who her salamanders haven't accepted smiled ?	haven't our orangutans who her salamanders accepted have smiled ?
SRC	have her walruses who her unicorns haven't amused changed ?	haven't her walruses who her unicorns amused have changed ?
SRC	have the unicorns who haven't read annoyed our salamanders ?	haven't the unicorns who have annoyed our salamanders ? ?
SRC	have the zebras that haven't applauded your zebra giggled ?	haven't the zebras that applauded your zebra have giggled ?
SRC	have our newts that haven't waited applauded your xylophones ?	haven't our newts that have applauded your xylophones ? ?
SRC	hasn't the raven that has swum moved ?	has the raven that swum moved ?
SRC	has our quail who hasn't eaten moved ?	hasn't our quail who eaten eaten ?
SRC	have our yaks who haven't giggled eaten ?	haven't our yaks who giggled eaten ?
SRC	has my orangutan that hasn't changed waited ?	hasn't my orangutan that changed waited ?
SRC	has her salamander who hasn't changed giggled ?	hasn't her salamander who changed giggled ?
SRC	have your unicorns that some unicorns haven't annoyed remembered your yaks with my xylophone ?	haven't your unicorns that some unicorns annoyed remembered your yaks with my xylophone ?
SRC	hasn't the xylophone who has entertained my orangutan accepted her salamander with your xylophones ?	has the xylophone who my orangutan entertained hasn't accepted her salamander with your xylophones ?
SRC	have her salamanders who our yaks haven't accepted entertained the vultures upon some salamander ?	haven't her salamanders who our yaks accepted have entertained the vultures upon some salamander ?
SRC	have my orangutans that her peacocks haven't admired accepted the unicorns around the zebra ?	haven't my orangutans that her peacocks admired have accepted the unicorns around the zebra ?
SRC	hasn't the peacock who my tyrannosaurus has annoyed accepted my walrus near the unicorns ?	has the peacock who my tyrannosaurus annoyed hasn't accepted my walrus near the unicorns ?
SRC	haven't her xylophones that your walruses have annoyed eaten ?	have her xylophones that your walruses annoyed eaten ?
SRC	has our zebra that the newt hasn't accepted giggled ?	hasn't our zebra that the newt accepted has giggled ?
SRC	haven't my xylophones that my unicorns have annoyed smiled ?	have my xylophones that my unicorns annoyed haven't smiled ?
SRC	has our peacock who our tyrannosaurus hasn't annoyed swum ?	hasn't our peacock who our tyrannosaurus annoyed swum ? ?
SRC	have your orangutans who haven't applauded your orangutan changed ?	haven't your orangutans who applauded your orangutan have changed ?
SRC	hasn't her unicorn that your vulture has confused slept ?	has her unicorn that your vulture confused hasn't slept ?
SRC	hasn't the orangutan who some tyrannosaurus has entertained eaten ?	has the orangutan who some tyrannosaurus entertained hasn't eaten ?
SRC	has her xylophone who hasn't admired the yaks slept ?	hasn't her xylophone who the admired the yaks slept ?
SRC	has your peacock that hasn't confused some peacocks read ?	hasn't your peacock that some confused some peacocks read ?
SRC	have your quails that our quails haven't accepted swum ?	haven't your quails that our quails accepted have swum ?
SRC	haven't our yaks who have confused our vulture giggled ?	have our yaks who our vulture our giggled ? ?
SRC	hasn't some quail that the salamander has entertained moved ?	has some quail that the salamander entertained hasn't moved ?
SRC	hasn't our xylophone that has entertained her unicorns waited ?	has our xylophone that her entertained her waited ? ?
SRC	haven't your zebras who have swum remembered my quails ?	have your zebras who have swum my quails ? ?
SRC	has our quail who hasn't read confused her vultures ?	hasn't our quail who read confused her vultures ? ?
SRC	hasn't some newt who has entertained some yak amused your newts ?	has some newt who some entertained some yak hasn't amused your newts ?
SRC	haven't our unicorns who your ravens have entertained annoyed our unicorn ?	have our unicorns who your ravens entertained haven't annoyed our unicorn ?
SRC	haven't the unicorns that your walruses have amused remembered our newt ?	have the unicorns that your walruses amused haven't remembered our newt ?
SRC	has our raven who hasn't applauded my peacocks remembered your tyrannosauruses ?	hasn't our raven who applauded my peacocks has remembered your tyrannosauruses ?
SRC	has my walrus who hasn't annoyed your ravens admired our walrus ?	hasn't my walrus who your ravens your admired our walrus our walrus ?
SRC	haven't some xylophones that have comforted her peacock slept ?	have some xylophones that comforted her peacock haven't slept ?
SRC	have my newts who haven't remembered my unicorn waited ?	haven't my newts who remembered my unicorn waited ?
SRC	has your salamander who my peacock hasn't admired swum ?	hasn't your salamander who my peacock admired has swum ?
SRC	have the quails who the tyrannosauruses haven't remembered eaten ?	haven't the quails who the tyrannosauruses remembered have eaten ?
SRC	hasn't my tyrannosaurus who her salamander has remembered eaten ?	has my tyrannosaurus who her salamander remembered hasn't eaten ?
SRC	haven't her ravens that her xylophones have confused changed ?	have her ravens that her xylophones confused haven't changed ?
SRC	has your orangutan that some vulture hasn't comforted moved ?	hasn't your orangutan that some vulture comforted has moved ?
SRC	hasn't her orangutan who your tyrannosaurus has confused slept ?	has her orangutan who your tyrannosaurus confused hasn't slept ?
SRC	hasn't the raven who has confused our quail changed ?	has the raven who our quail hasn't changed ? ?
SRC	haven't her xylophones who have confused my yaks changed ?	have her xylophones who my yaks confused haven't changed ?
SRC	hasn't my unicorn who my peacock has accepted moved ?	has my unicorn who my peacock accepted hasn't moved ?
SRC	hasn't your orangutan that my newt has admired waited ?	has your orangutan that my newt admired hasn't waited ?
SRC	has my unicorn who some peacock hasn't accepted changed ?	hasn't my unicorn who some peacock accepted has changed ?
SRC	has her unicorn who the tyrannosaurus hasn't admired moved ?	hasn't her unicorn who the tyrannosaurus admired has moved ?
SRC	has our raven who some walrus hasn't admired giggled ?	hasn't our raven who some walrus admired has giggled ?
SRC	has the peacock that some peacock hasn't remembered comforted some salamander upon the quails ?	hasn't the peacock that some peacock remembered some salamander comforted some quails upon the quails ?
SRC	have the newts who the zebras haven't annoyed accepted some yak by our newt ?	haven't the newts who the zebras annoyed some accepted some yak by our newt ?
SRC	haven't her tyrannosauruses who my ravens have accepted amused the zebras near your walrus ?	have her tyrannosauruses who my ravens accepted haven't amused the zebras near your walrus ?
SRC	haven't our peacocks that your xylophones have admired amused the quails above our yak ?	have our peacocks that your xylophones admired the quails amused the yak above our yak ?
SRC	has some xylophone that some xylophone hasn't remembered admired some xylophone upon our salamanders ?	hasn't some xylophone that some xylophone remembered admired some xylophone upon our salamanders upon ?
SRC	has the vulture who my xylophone hasn't entertained accepted some salamander ?	hasn't the vulture who my xylophone entertained has accepted some salamander ?
SRC	have my unicorns who your ravens haven't amused amused my walruses ?	haven't my unicorns who your ravens amused have amused my walruses ?
SRC	has our walrus that hasn't entertained her newt entertained our newts ?	hasn't our walrus that her entertained her entertained has entertained our newts ?
SRC	have the newts that some yaks haven't confused slept ?	haven't the newts that some yaks confused have slept ? ?
SRC	hasn't my salamander who has remembered my quail eaten ?	has my salamander who remembered my quail hasn't eaten ? ?
SRC	hasn't the quail who some unicorn has annoyed amused my yaks around your orangutans ?	has the quail who some unicorn annoyed hasn't amused my yaks around your orangutans ?
SRC	haven't the quails who her zebras have remembered applauded my yaks by your unicorns ?	have the quails who her zebras remembered haven't applauded my yaks by your unicorns ?
SRC	haven't the unicorns who have comforted the quails entertained my zebra upon her salamanders ?	have the unicorns who comforted the quails entertained my zebra upon her salamanders ?
SRC	hasn't her orangutan who has amused my quails comforted her salamanders below the peacocks ?	has her orangutan who my quails my quails comforted her salamanders below the peacocks ?
SRC	has your newt that my vulture hasn't entertained accepted the orangutans with your xylophones ?	hasn't your newt that my vulture entertained has accepted the orangutans with your xylophones ?
SRC	haven't our unicorns who some tyrannosauruses have entertained confused the tyrannosauruses ?	have our unicorns who some tyrannosauruses entertained haven't confused the tyrannosauruses ?
SRC	have my quails who your xylophones haven't comforted amused the peacock ?	haven't my quails who your xylophones comforted amused the peacock ? ?
SRC	have my salamanders that your yaks haven't applauded amused some unicorns ?	haven't my salamanders that your yaks applauded some amused some unicorns ?
SRC	haven't our ravens that our zebras have amused remembered your unicorns ?	have our ravens that our zebras amused haven't remembered your unicorns ?
SRC	has some vulture who our newt hasn't accepted applauded your orangutan ?	hasn't some vulture who our newt accepted applauded your orangutan ? ?
SRC	hasn't your orangutan that has slept moved ?	hasn't your orangutan that has moved ?
SRC	has her quail that hasn't changed changed ?	hasn't her quail that changed changed changed ?
SRC	haven't the zebras who have smiled swum ?	have the zebras who smiled swum ?
SRC	has my quail who hasn't swum read ?	hasn't my quail who swum ? read ?
SRC	have your walruses who haven't read slept ?	haven't your walruses who have slept ?
SRC	haven't our quails who have swum slept ?	have our quails who have slept ?
SRC	hasn't the yak who has eaten smiled ?	hasn't the yak who eaten eaten ?
SRC	have our quails that haven't moved eaten ?	haven't our quails that moved ? eaten ?
SRC	haven't some vultures that have smiled read ?	have some vultures that smiled smiled read ?
SRC	has her raven who hasn't moved read ?	hasn't her raven who moved ? read ?
SRC	have our xylophones who haven't moved annoyed some peacock behind your quails ?	haven't our xylophones who moved moved annoyed some peacock behind your quails ?
SRC	haven't my peacocks that have slept admired her unicorns upon some zebras ?	have my peacocks that haven't admired her unicorns upon some zebras ? ?
SRC	has her unicorn who hasn't eaten amused your vulture around the salamanders ?	hasn't her unicorn who has amused your vulture around the salamanders around the ?
SRC	haven't some walruses that have read applauded her quails behind your newts ?	have some walruses that haven't applauded her quails behind your newts behind ?
SRC	has the tyrannosaurus who hasn't smiled accepted my xylophones with your newts ?	hasn't the tyrannosaurus who smiled accepted my xylophones with my newts ? ?
SRC	have my quails that haven't eaten swum ?	haven't my quails that eaten eaten ?
SRC	have her newts who haven't swum moved ?	haven't her newts who have moved ?
SRC	has our walrus that hasn't changed moved ?	hasn't our walrus that changed moved ?
SRC	have some peacocks who haven't changed changed ?	haven't some peacocks who changed changed changed ?
SRC	hasn't my zebra that has moved moved ?	has my zebra that moved moved moved ?
SRC	have some salamanders who haven't amused the xylophones amused our raven ?	haven't some salamanders who amused the xylophones have amused our raven ?
SRC	haven't our zebras who have remembered her quail confused the quail ?	have our zebras who have remembered her confused the quail ? ?
SRC	has the salamander who some newt hasn't annoyed applauded the salamander ?	hasn't the salamander who some newt annoyed has applauded the salamander ?
SRC	have my salamanders who our quails haven't entertained admired our vultures ?	haven't my salamanders who our quails entertained have admired our vultures ?
SRC	has some newt that hasn't admired her zebras remembered some zebra ?	hasn't some newt that admired her zebras has remembered some zebra ?
SRC	hasn't our unicorn who has giggled read ?	hasn't our unicorn who giggled read ?
SRC	hasn't my quail that has smiled waited ?	hasn't my quail that smiled smiled waited ?
SRC	has her tyrannosaurus that hasn't changed slept ?	hasn't her tyrannosaurus that changed slept ?
SRC	haven't our zebras that have giggled waited ?	have our zebras that giggled waited waited ?
SRC	have my yaks that haven't slept changed ?	haven't my yaks that have changed changed ?
SRC	has her xylophone that your salamander hasn't amused smiled ?	hasn't her xylophone that your salamander amused has smiled ?
SRC	have her xylophones that haven't moved remembered the peacock ?	haven't her xylophones that moved moved the peacock ? ?
SRC	have the newts that our ravens haven't entertained slept ?	haven't the newts that our ravens entertained have slept ?
SRC	have my newts who the salamanders haven't amused slept ?	haven't my newts who the salamanders amused have slept ?
SRC	have some vultures who haven't admired some xylophones swum ?	haven't some vultures who some xylophones some xylophones swum ?
SRC	haven't your zebras that have changed amused some ravens upon our vultures ?	have your zebras that have amused some ravens upon our ravens ? ?
SRC	hasn't some orangutan who has changed entertained some quails upon some walrus ?	hasn't some orangutan who changed entertained some quails upon some quails ? ?
SRC	have my zebras who haven't moved entertained my peacock with some vultures ?	haven't my zebras who moved moved entertained my peacock with some vultures ?
SRC	hasn't some tyrannosaurus that has eaten amused her tyrannosaurus by my ravens ?	has some tyrannosaurus that eaten eaten amused her tyrannosaurus by my ravens ?
SRC	have her quails who haven't giggled entertained her vultures below some vultures ?	haven't her quails who giggled entertained her vultures below some vultures ? ?
SRC	has our vulture that my raven hasn't admired annoyed your quails by the newts ?	hasn't our vulture that my raven admired has annoyed your quails by the newts ?
SRC	have some peacocks who haven't confused your newts remembered your unicorns above some yaks ?	haven't some peacocks who your newts confused have remembered your unicorns above some yaks ?
SRC	has my vulture who our vulture hasn't annoyed applauded her newt upon my newt ?	hasn't my vulture who our vulture annoyed has applauded her newt upon my newt ?
SRC	haven't our ravens who the yaks have accepted accepted our raven around some xylophone ?	have our ravens who the yaks accepted accepted our raven around some xylophone around some
SRC	haven't some zebras who have entertained the walrus confused the newt with some yak ?	have some zebras who entertained the walrus haven't confused the newt with some yak ?
SRC	has the newt that hasn't accepted her tyrannosauruses applauded my walrus by some newt ?	hasn't the newt that accepted her tyrannosauruses has applauded my walrus by some newt ?
SRC	have some salamanders that haven't confused her salamander admired your zebra above the salamander ?	haven't some salamanders that her confused her salamander admired your zebra above the salamander ?
SRC	have some quails that haven't entertained your xylophone confused your salamander below the walrus ?	haven't some quails that your entertained your confused your salamander below the walrus below the walrus
SRC	has my salamander who hasn't remembered the yaks comforted her zebra with the newt ?	hasn't my salamander who the remembered the yaks comforted her zebra with the newt ?
SRC	hasn't our raven who has entertained my vulture accepted our vulture around the newts ?	has our raven who my entertained my vulture hasn't accepted our newts around the newts ?
SRC	haven't the unicorns who my orangutans have entertained eaten ?	have the unicorns who my orangutans entertained haven't eaten ?
SRC	haven't my salamanders that some zebras have comforted eaten ?	have my salamanders that some zebras comforted eaten ?
SRC	hasn't our orangutan that her raven has amused read ?	has our orangutan that her raven amused hasn't read ?
SRC	haven't our salamanders that have comforted my salamander read ?	have our salamanders that comforted my salamander read ? ?
SRC	hasn't my orangutan who has annoyed the xylophone read ?	has my orangutan who the annoyed the xylophone read ?
SRC	have our peacocks who some unicorns haven't entertained smiled ?	haven't our peacocks who some unicorns entertained have smiled ?
SRC	has her raven that hasn't admired your walrus eaten ?	hasn't her raven that your admired your eaten ? ?
SRC	has her quail who hasn't amused the peacock swum ?	hasn't her quail who the amused the peacock swum ?
SRC	haven't some unicorns who have amused the vultures changed ?	have some unicorns who have amused the vultures changed ?
SRC	hasn't the walrus that her walrus has accepted slept ?	has the walrus that her walrus accepted hasn't slept ?
SRC	has my peacock that your salamander hasn't remembered applauded your xylophone upon your vulture ?	hasn't my peacock that your salamander remembered applauded your xylophone upon your vulture ? ?
SRC	have some zebras who haven't comforted her orangutan applauded the orangutan around our orangutans ?	haven't some zebras who comforted her orangutan have applauded the orangutan around our orangutans ?
SRC	has some peacock who the quail hasn't comforted amused my yak above your quails ?	hasn't some peacock who the quail comforted amused my yak above your quails ? ?
SRC	has the quail that her salamander hasn't admired confused some quail around her xylophones ?	hasn't the quail that her salamander admired has confused some quail around her xylophones ?
SRC	hasn't our tyrannosaurus that your newt has applauded applauded your quail around your unicorn ?	has our tyrannosaurus that your newt applauded applauded your quail around your unicorn ?
SRC	hasn't our yak that has accepted the tyrannosauruses smiled ?	has our yak that the accepted the tyrannosauruses smiled ?
SRC	have our newts that haven't comforted some newt changed ?	haven't our newts that comforted some newt have changed ?
SRC	has our vulture that our xylophone hasn't accepted changed ?	hasn't our vulture that our xylophone accepted has changed ?
SRC	haven't my peacocks that have annoyed your walrus changed ?	have my peacocks that your walrus walrus haven't changed ?
SRC	has your yak who hasn't amused her yaks swum ?	hasn't your yak who her yaks amused has swum ?
SRC	has my unicorn who your salamander hasn't accepted amused her walruses behind my newt ?	hasn't my unicorn who your salamander accepted has amused her walruses behind my newt ?
SRC	have some orangutans who your ravens haven't accepted confused our orangutan around the salamander ?	haven't some orangutans who your ravens accepted have confused our orangutan around the salamander ?
SRC	have my tyrannosauruses that haven't annoyed her ravens accepted your yak below some yaks ?	haven't my tyrannosauruses that annoyed her ravens have accepted your yak below some yaks ?
SRC	has our salamander who your peacock hasn't applauded accepted her vulture behind your xylophone ?	hasn't our salamander who your peacock applauded her accepted her vulture behind your xylophone ?
SRC	has the vulture that hasn't admired my walruses admired her peacocks with your raven ?	hasn't the vulture that admired my walruses has admired her peacocks with your raven ?
SRC	have her newts who haven't changed admired some zebra ?	haven't her newts who changed admired some zebra ? ?
SRC	hasn't some orangutan who my xylophone has applauded giggled ?	has some orangutan who my xylophone applauded hasn't giggled ?
SRC	haven't some orangutans who have remembered some orangutan giggled ?	have some orangutans who have remembered some giggled ? ?
SRC	has some raven who hasn't entertained my peacock smiled ?	hasn't some raven who my entertained my has smiled ?
SRC	haven't the ravens that have applauded the raven eaten ?	have the ravens that applauded the raven haven't eaten ?
SRC	haven't your tyrannosauruses who have swum moved ?	have your tyrannosauruses who have moved ?
SRC	haven't my tyrannosauruses that have swum smiled ?	have my tyrannosauruses that swum smiled ?
SRC	haven't some newts who have smiled slept ?	have some newts who smiled ? slept ?
SRC	haven't your salamanders who have changed moved ?	have your salamanders who changed moved ?
SRC	have the orangutans who haven't swum eaten ?	haven't the orangutans who swum eaten ?
SRC	hasn't your xylophone that has swum changed ?	has your xylophone that swum changed changed ?
SRC	haven't her quails that have giggled moved ?	have her quails that giggled moved ?
SRC	hasn't the orangutan who has giggled waited ?	hasn't the orangutan who giggled waited ?
SRC	has her unicorn who hasn't waited moved ?	hasn't her unicorn who has moved ?
SRC	have her vultures that haven't changed eaten ?	haven't her vultures that changed eaten ?
SRC	hasn't my tyrannosaurus who has moved confused the tyrannosauruses ?	hasn't my tyrannosaurus who moved moved the tyrannosauruses ? ?
SRC	haven't our peacocks who my newts have accepted swum ?	have our peacocks who my newts accepted haven't swum ?
SRC	have the salamanders that haven't admired our xylophone smiled ?	haven't the salamanders that our admired our smiled ? ?
SRC	have my newts who haven't comforted her raven swum ?	haven't my newts who her comforted her swum ?
SRC	haven't our zebras who our salamanders have comforted giggled ?	have our zebras who our salamanders comforted haven't giggled ?
SRC	has your quail that hasn't smiled waited ?	hasn't your quail that smiled smiled waited ?
SRC	hasn't the raven who has giggled changed ?	hasn't the raven who giggled changed ?
SRC	has the tyrannosaurus that hasn't giggled smiled ?	hasn't the tyrannosaurus that giggled smiled ?
SRC	has your vulture who hasn't eaten waited ?	hasn't your vulture who eaten eaten ?
SRC	have my yaks who haven't slept slept ?	haven't my yaks who slept slept ?
SRC	have your xylophones that haven't confused her orangutans slept ?	haven't your xylophones that her confused her orangutans slept ?
SRC	hasn't our newt who has comforted my quails moved ?	has our newt who comforted my quails hasn't moved ?
SRC	have my peacocks who haven't smiled applauded our salamander ?	haven't my peacocks who smiled applauded our salamander ? ?
SRC	has some vulture that the zebra hasn't confused eaten ?	hasn't some vulture that the zebra confused has eaten ?
SRC	has your walrus that hasn't applauded my yaks giggled ?	hasn't your walrus that applauded my yaks has giggled ?
SRC	hasn't some zebra who some newt has admired admired your newt ?	has some zebra who some newt admired admired your newt ? ?
SRC	haven't my xylophones that have comforted our newts annoyed her orangutans ?	have my xylophones that our comforted our newts annoyed her orangutans ?
SRC	has some unicorn that her yak hasn't entertained admired some tyrannosaurus ?	hasn't some unicorn that her yak entertained has admired some tyrannosaurus ?
SRC	has some salamander who hasn't confused our zebra confused your yak ?	hasn't some salamander who our zebra our has confused your yak ?
SRC	hasn't your unicorn that has confused the xylophone amused the tyrannosauruses ?	has your unicorn that the xylophone the xylophone hasn't amused the tyrannosauruses ?
SRC	have your walruses that haven't remembered the orangutans entertained the quails below our vulture ?	haven't your walruses that remembered the orangutans entertained have entertained the vulture below our vulture ?
SRC	has my orangutan who my yak hasn't confused accepted my vultures around the newts ?	hasn't my orangutan who my yak confused has accepted my vultures around the newts ?
SRC	has some vulture that hasn't entertained my quails confused some tyrannosauruses near your xylophone ?	hasn't some vulture that my entertained my confused some tyrannosauruses near your xylophone ? ?
SRC	has your quail that hasn't entertained my newts confused our salamanders upon her newt ?	hasn't your quail that my entertained my newts confused our salamanders upon her newt ?
SRC	has some newt that hasn't applauded your yaks amused the ravens around some walrus ?	hasn't some newt that applauded your yaks has amused the ravens around some walrus ?
SRC	hasn't your quail who her quail has comforted remembered your peacock ?	has your quail who her quail comforted remembered your peacock ?
SRC	have our unicorns that haven't amused my xylophone admired my ravens ?	haven't our unicorns that amused my xylophone admired my ravens ?
SRC	haven't the yaks who our peacocks have accepted applauded your orangutan ?	have the yaks who our peacocks accepted applauded your orangutan ?
SRC	haven't the vultures who have entertained your ravens remembered the orangutans ?	have the vultures who your entertained your remembered the orangutans ?
SRC	haven't her unicorns that my yaks have admired admired some unicorn ?	have her unicorns that my yaks admired admired some unicorn ?
SRC	hasn't your newt that my walrus has annoyed read ?	has your newt that my walrus annoyed hasn't read ?
SRC	haven't some quails that have remembered our raven slept ?	have some quails that remembered our raven haven't slept ?
SRC	haven't the zebras who have confused her xylophones giggled ?	have the zebras who her xylophones xylophones haven't giggled ?
SRC	have your peacocks who haven't entertained some tyrannosaurus swum ?	haven't your peacocks who some entertained some tyrannosaurus swum ?
SRC	haven't our tyrannosauruses that have remembered my peacock eaten ?	have our tyrannosauruses that remembered my peacock haven't eaten ?
SRC	have the vultures that haven't annoyed some tyrannosaurus waited ?	haven't the vultures that some annoyed some tyrannosaurus waited ?
SRC	have the salamanders that her tyrannosauruses haven't applauded slept ?	haven't the salamanders that her tyrannosauruses applauded applauded slept ?
SRC	has her vulture that hasn't admired the xylophones slept ?	hasn't her vulture that the xylophones admired the slept ?
SRC	have her peacocks that our xylophones haven't remembered read ?	haven't her peacocks that our xylophones remembered remembered read ?
SRC	has your xylophone that hasn't annoyed my unicorns giggled ?	hasn't your xylophone that annoyed my unicorns giggled ? ?
SRC	has your peacock who her walrus hasn't entertained changed ?	hasn't your peacock who her walrus entertained has changed ?
SRC	haven't the salamanders who my newts have annoyed smiled ?	have the salamanders who my newts annoyed haven't smiled ?
SRC	hasn't the raven that has eaten entertained her zebras ?	has the raven that eaten eaten entertained her zebras ?
SRC	hasn't some tyrannosaurus who has smiled accepted your vulture ?	hasn't some tyrannosaurus who smiled accepted your vulture ? ?
SRC	have her xylophones that haven't smiled confused your peacocks ?	haven't her xylophones that smiled smiled confused your peacocks ?
SRC	have our zebras that some peacocks haven't admired accepted the orangutan ?	haven't our zebras that some peacocks admired admired the orangutan ? ?
SRC	have her walruses that your orangutans haven't comforted applauded some raven ?	haven't her walruses that your orangutans comforted applauded some raven ? ?
SRC	hasn't your quail that my xylophone has admired confused your xylophone ?	has your quail that my xylophone admired hasn't confused your xylophone ?
SRC	hasn't some yak who my salamander has applauded applauded some peacock ?	has some yak who my salamander applauded applauded some peacock ? ?
SRC	have her walruses that the walruses haven't remembered admired our raven ?	haven't her walruses that the walruses remembered have admired our raven ?
SRC	hasn't her quail that has remembered the zebra waited ?	has her quail that remembered the zebra waited ?
SRC	hasn't her xylophone who has admired my yaks slept ?	has her xylophone who my yaks yaks slept ? ?
SRC	have my unicorns that haven't entertained our peacock eaten ?	haven't my unicorns that entertained our peacock have eaten ?
SRC	has some salamander who my vulture hasn't annoyed moved ?	hasn't some salamander who my vulture annoyed annoyed moved ?
SRC	has the peacock who hasn't confused some walruses changed ?	hasn't the peacock who some confused some walruses changed ?
SRC	haven't our tyrannosauruses who have moved swum ?	have our tyrannosauruses who moved moved swum ?
SRC	haven't my vultures who have moved eaten ?	have my vultures who moved moved ?
SRC	have our newts who haven't slept giggled ?	haven't our newts who slept giggled ?
SRC	haven't some vultures that have waited changed ?	have some vultures that haven't changed changed ?
SRC	hasn't your salamander that has eaten slept ?	has your salamander that eaten eaten ?
SRC	haven't the ravens who my orangutans have confused swum ?	have the ravens who my orangutans confused swum ?
SRC	has the newt who hasn't giggled remembered some salamanders ?	hasn't the newt who giggled remembered some salamanders ?
SRC	have our peacocks that your newts haven't remembered moved ?	haven't our peacocks that your newts remembered have moved ?
SRC	hasn't some walrus that has remembered my salamander eaten ?	has some walrus that remembered my salamander hasn't eaten ?
SRC	has the orangutan who hasn't comforted my walrus swum ?	hasn't the orangutan who comforted my walrus has swum ?
SRC	has my zebra that our peacock hasn't amused swum ?	hasn't my zebra that our peacock amused has swum ?
SRC	have some peacocks that haven't read comforted our yaks ?	haven't some peacocks that have comforted our yaks ?
SRC	haven't our quails that have annoyed our zebra read ?	have our quails that annoyed our zebra read ? ?
SRC	hasn't the tyrannosaurus who the xylophone has applauded slept ?	has the tyrannosaurus who the xylophone applauded slept ? ?
SRC	hasn't her unicorn that has eaten confused our newts ?	has her unicorn that eaten eaten eaten our newts ?
SRC	have some walruses who haven't admired her vulture changed ?	haven't some walruses who her vulture vulture have changed ?
SRC	has my salamander that hasn't entertained your xylophone smiled ?	hasn't my salamander that your entertained your smiled ? ?
SRC	haven't your xylophones that my orangutans have applauded eaten ?	have your xylophones that my orangutans applauded haven't eaten ?
SRC	haven't your walruses that have waited amused the orangutans ?	have your walruses that haven't amused the orangutans ? ?
SRC	has her zebra that your newt hasn't admired changed ?	hasn't her zebra that your newt admired has changed ?
SRC	hasn't our yak that has applauded the newts giggled ?	has our yak that applauded the newts hasn't giggled ?
SRC	have some salamanders who some orangutans haven't amused read ?	haven't some salamanders who some orangutans amused amused ? ?
SRC	have her zebras that my salamanders haven't annoyed read ?	haven't her zebras that my salamanders annoyed have read ?
SRC	hasn't our walrus who has entertained my tyrannosauruses changed ?	has our walrus who entertained my tyrannosauruses hasn't changed ?
SRC	hasn't our raven who has applauded her peacocks smiled ?	has our raven who applauded her peacocks hasn't smiled ?
SRC	haven't some zebras that have remembered her newt remembered her quail ?	have some zebras that remembered her newt remembered her quail ? ?
SRC	hasn't the tyrannosaurus who some vulture has annoyed accepted my xylophone ?	has the tyrannosaurus who some vulture annoyed hasn't accepted my xylophone ?
SRC	have your salamanders that my xylophones haven't confused confused my salamanders ?	haven't your salamanders that my xylophones confused have confused my salamanders ?
SRC	have my peacocks who haven't amused your vulture comforted the newts ?	haven't my peacocks who your vulture your comforted the newts ? ?
SRC	haven't my peacocks that have applauded our quail confused some tyrannosaurus ?	have my peacocks that applauded our quail haven't confused some tyrannosaurus ?
SRC	haven't our xylophones who my orangutans have annoyed entertained her quails by our vultures ?	have our xylophones who my orangutans annoyed entertained her quails by our vultures by our
SRC	hasn't your newt that has remembered your peacock applauded your newt with the raven ?	has your newt that remembered your peacock applauded your newt with the newt ?
SRC	have the salamanders who haven't accepted my yak admired your unicorns near the quail ?	haven't the salamanders who accepted my yak have admired your unicorns near the quail ?
SRC	have some newts that haven't remembered the yaks annoyed her vultures by our vulture ?	haven't some newts that remembered the yaks have annoyed her vultures by our vulture ?
SRC	hasn't the orangutan that some zebra has applauded accepted her quails behind our vultures ?	has the orangutan that some zebra applauded accepted her quails behind our vultures ? ?
SRC	have our newts that haven't entertained our vulture confused my quail behind your vulture ?	haven't our newts that our entertained our vulture have confused my vulture behind your vulture ?
SRC	haven't my newts that your quails have annoyed applauded your zebra by your vulture ?	have my newts that your quails annoyed applauded your zebra by your vulture ? ?
SRC	have our peacocks who my walruses haven't confused amused some newt by the salamander ?	haven't our peacocks who my walruses confused have amused some newt by the salamander ?
SRC	has our vulture that hasn't comforted our newt admired your newts by our walrus ?	hasn't our vulture that our comforted our has admired your newts by our walrus ?
SRC	has her vulture who our quail hasn't entertained entertained your quails by our walrus ?	hasn't her vulture who our quail entertained has entertained your quails by our walrus ?
SRC	hasn't the salamander who has entertained the vultures admired the salamanders ?	has the salamander who the entertained the admired the salamanders ? ?
SRC	have your tyrannosauruses that your orangutans haven't annoyed entertained her yaks ?	haven't your tyrannosauruses that your orangutans annoyed her yaks entertained her yaks ?
SRC	haven't my orangutans that have applauded her ravens comforted your orangutan ?	have my orangutans that applauded her ravens haven't comforted your orangutan ?
SRC	haven't my newts that my newts have entertained amused our newt ?	have my newts that my newts entertained haven't amused our newt ?
SRC	have our newts who her ravens haven't comforted entertained your tyrannosaurus ?	haven't our newts who her ravens comforted entertained have entertained your tyrannosaurus ?
SRC	haven't the yaks who have read entertained the tyrannosaurus above her orangutans ?	have the yaks who haven't entertained the tyrannosaurus above her tyrannosaurus ? ?
SRC	hasn't our yak who has read annoyed my vultures behind your vulture ?	hasn't our yak who hasn't annoyed my vultures behind your vulture ? ?
SRC	hasn't our orangutan that has slept comforted the walrus behind some newt ?	hasn't our orangutan that slept comforted the walrus behind some walrus behind ?
SRC	hasn't our peacock that has waited amused the unicorns above some tyrannosaurus ?	hasn't our peacock that has amused the unicorns above some unicorns ? ?
SRC	has our zebra who hasn't amused some ravens confused our tyrannosaurus ?	hasn't our zebra who some amused some ravens confused our tyrannosaurus ? ?
SRC	have the salamanders that our orangutans haven't annoyed waited ?	haven't the salamanders that our orangutans annoyed waited ? ?
SRC	has her zebra that hasn't applauded your tyrannosauruses slept ?	hasn't her zebra that applauded your tyrannosauruses has slept ?
SRC	have your peacocks that haven't moved entertained her walruses ?	haven't your peacocks that moved moved her walruses her walruses ?
SRC	hasn't her walrus who her zebra has annoyed smiled ?	has her walrus who her zebra annoyed hasn't smiled ?
SRC	hasn't her vulture who your salamander has accepted swum ?	has her vulture who your salamander accepted hasn't swum ?
SRC	has our orangutan who hasn't waited admired her walrus ?	hasn't our orangutan who has admired her walrus ? ?
SRC	haven't her zebras who your salamanders have amused swum ?	have her zebras who your salamanders amused haven't swum ?
SRC	haven't some unicorns who have waited comforted the xylophones ?	have some unicorns who have comforted the xylophones ? ?
SRC	has some salamander that your xylophone hasn't amused waited ?	hasn't some salamander that your xylophone amused has waited ?
SRC	have some quails who haven't comforted my unicorns moved ?	haven't some quails who comforted my unicorns have moved ?
SRC	have my tyrannosauruses who haven't eaten giggled ?	haven't my tyrannosauruses who eaten eaten ?
SRC	has our xylophone that hasn't swum read ?	hasn't our xylophone that swum ? read ?
SRC	have our peacocks that haven't eaten swum ?	haven't our peacocks that eaten eaten ?
SRC	hasn't some xylophone that has read moved ?	has some xylophone that read moved ?
SRC	have her ravens who haven't slept read ?	haven't her ravens who slept read ?
SRC	has the unicorn that hasn't amused her orangutan remembered my vulture around her quails ?	hasn't the unicorn that her amused her remembered my vulture around her quails around her quails
SRC	haven't the quails that have annoyed my vultures remembered my vultures below the peacocks ?	have the quails that have annoyed my vultures remembered my vultures below the peacocks ?
SRC	hasn't some quail that her salamander has confused admired my raven below her yak ?	has some quail that her salamander confused hasn't admired my raven below her yak ?
SRC	hasn't your walrus who has applauded your ravens remembered some quails behind her quail ?	has your walrus who applauded your ravens remembered some quails behind her quail ?
SRC	hasn't the xylophone who some xylophone has amused remembered our vultures around her newt ?	has the xylophone who some xylophone amused remembered our vultures around her newt ?
SRC	hasn't her orangutan who some zebra has admired applauded our xylophone ?	has her orangutan who some zebra admired hasn't applauded our xylophone ?
SRC	haven't my ravens who some yaks have admired accepted her zebra ?	have my ravens who some yaks admired accepted her zebra ? ?
SRC	hasn't my vulture who her vulture has applauded amused some xylophones ?	has my vulture who her vulture applauded some xylophones amused some xylophones ?
SRC	haven't her peacocks that have confused her quail accepted my vulture ?	have her peacocks that her confused her accepted my vulture ? ?
SRC	have her unicorns who our newts haven't comforted changed ?	haven't her unicorns who our newts comforted have changed ? ?
SRC	haven't your tyrannosauruses who have swum amused her walruses ?	have your tyrannosauruses who have amused her walruses ? ?
SRC	have our quails that some yaks haven't confused smiled ?	haven't our quails that some yaks confused have smiled ?
SRC	have our yaks who haven't admired her vulture changed ?	haven't our yaks who her vulture admired her changed ?
SRC	haven't your unicorns that have remembered your orangutan slept ?	have your unicorns that remembered your orangutan slept ? ?
SRC	hasn't your salamander who your raven has accepted waited ?	has your salamander who your raven accepted hasn't waited ?
SRC	haven't your yaks that have confused her peacocks slept ?	have your yaks that her confused her slept ? ?
SRC	has her unicorn that your newt hasn't admired swum ?	hasn't her unicorn that your newt admired has swum ?
SRC	have some ravens that haven't accepted my tyrannosaurus waited ?	haven't some ravens that accepted my tyrannosaurus waited ?
SRC	has the tyrannosaurus that my walrus hasn't entertained giggled ?	hasn't the tyrannosaurus that my walrus entertained has giggled ?
SRC	have your newts that haven't applauded her vultures changed ?	haven't your newts that applauded her vultures have changed ?
SRC	haven't the salamanders who have comforted some walruses annoyed her raven ?	have the salamanders who some walruses haven't annoyed her raven ? ?
SRC	haven't my orangutans that have remembered my walruses accepted our quail ?	have my orangutans that remembered my walruses haven't accepted our quail ?
SRC	hasn't the salamander who has accepted the yaks applauded some quails ?	has the salamander who the accepted the applauded some quails ? ?
SRC	have your vultures that our walruses haven't admired annoyed the xylophones ?	haven't your vultures that our walruses admired have annoyed the xylophones ?
SRC	have our peacocks who your orangutans haven't amused admired her salamander ?	haven't our peacocks who your orangutans amused have admired her salamander ?
SRC	hasn't your vulture who has amused your newt moved ?	has your vulture who amused your newt hasn't moved ?
SRC	has her zebra who hasn't entertained my unicorns giggled ?	hasn't her zebra who my entertained my unicorns giggled ?
SRC	hasn't your raven who has annoyed her yaks waited ?	has your raven who her yaks her waited ?
SRC	hasn't the yak that has annoyed her tyrannosaurus swum ?	has the yak that her annoyed her tyrannosaurus swum ?
SRC	has our quail who hasn't entertained some unicorns slept ?	hasn't our quail who some entertained some slept ? ?
SRC	has your orangutan that some peacock hasn't accepted swum ?	hasn't your orangutan that some peacock accepted has swum ?
SRC	have my orangutans who her tyrannosauruses haven't annoyed changed ?	haven't my orangutans who her tyrannosauruses annoyed have changed ?
SRC	have her peacocks that your vultures haven't amused smiled ?	haven't her peacocks that your vultures amused have smiled ?
SRC	hasn't some tyrannosaurus who her salamander has admired swum ?	has some tyrannosaurus who her salamander admired hasn't swum ?
SRC	has the salamander who our salamander hasn't admired slept ?	hasn't the salamander who our salamander admired has slept ?
SRC	has her quail who some quail hasn't comforted amused her unicorns upon her unicorn ?	hasn't her quail who some quail comforted amused her unicorns upon her unicorn ?
SRC	haven't your orangutans who have applauded her walrus annoyed some quail below my vulture ?	have your orangutans who applauded her walrus haven't annoyed some quail below my vulture ?
SRC	have the zebras that our zebras haven't applauded entertained some quails upon her newt ?	haven't the zebras that our zebras applauded some entertained some quails upon her newt ?
SRC	has some yak who our orangutan hasn't entertained annoyed your newt around my xylophones ?	hasn't some yak who our orangutan entertained has annoyed your newt around my xylophones ?
SRC	has her peacock that hasn't admired the xylophones entertained your yaks by my ravens ?	hasn't her peacock that the xylophones entertained has entertained your yaks by my ravens ?
SRC	have her quails that haven't giggled annoyed her quail ?	haven't her quails that giggled annoyed her quail ? ?
SRC	haven't the quails who some tyrannosauruses have admired swum ?	have the quails who some tyrannosauruses admired haven't swum ?
SRC	haven't some tyrannosauruses that our unicorns have admired giggled ?	have some tyrannosauruses that our unicorns admired giggled ? ?
SRC	hasn't the newt who has comforted our salamander changed ?	has the newt who our comforted our salamander changed ?
SRC	have my ravens who haven't accepted your xylophone eaten ?	haven't my ravens who your accepted your eaten ? ?
SRC	hasn't her walrus who has comforted your salamanders read ?	has her walrus who your salamanders your salamanders read ?
SRC	has the orangutan that some unicorn hasn't accepted smiled ?	hasn't the orangutan that some unicorn accepted has smiled ?
SRC	has some yak who hasn't admired the yaks read ?	hasn't some yak who the admired the yaks read ?
SRC	have her unicorns who your unicorns haven't annoyed slept ?	haven't her unicorns who your unicorns annoyed annoyed slept ?
SRC	have my unicorns that haven't accepted the peacocks waited ?	haven't my unicorns that accepted the peacocks waited ? ?
SRC	has our unicorn who hasn't swum read ?	hasn't our unicorn who swum read ?
SRC	has the newt that hasn't read moved ?	hasn't the newt that read moved ?
SRC	haven't your salamanders who have swum eaten ?	have your salamanders who have swum ?
SRC	hasn't her vulture that has changed slept ?	has her vulture that changed slept ?
SRC	has her xylophone who hasn't read smiled ?	hasn't her xylophone who has smiled ?
SRC	hasn't my tyrannosaurus who has entertained your vulture read ?	has my tyrannosaurus who your entertained your vulture read ?
SRC	have the ravens who haven't annoyed my vulture changed ?	haven't the ravens who annoyed my vulture have changed ?
SRC	has some yak that her orangutan hasn't remembered waited ?	hasn't some yak that her orangutan remembered has waited ?
SRC	have your vultures that haven't waited swum ?	haven't your vultures that waited waited swum ? ?
SRC	has the peacock that hasn't giggled moved ?	hasn't the peacock that giggled moved ? ? ?
SRC	have some peacocks who her vultures haven't amused slept ?	haven't some peacocks who her vultures amused amused ? ?
SRC	hasn't your peacock that your zebra has applauded swum ?	has your peacock that your zebra applauded hasn't swum ?
SRC	has my xylophone who hasn't giggled amused the yaks ?	hasn't my xylophone who giggled amused the yaks ? ?
SRC	haven't the orangutans who have amused our tyrannosaurus smiled ?	have the orangutans who our amused our smiled ? ?
SRC	haven't your unicorns who have remembered our quail swum ?	have your unicorns who our remembered our quail swum ?
SRC	has our peacock who hasn't comforted the unicorn comforted her xylophone above our newt ?	hasn't our peacock who the comforted the unicorn comforted her xylophone above our newt ?
SRC	hasn't her yak that our newt has applauded entertained the vulture around my raven ?	has her yak that our newt applauded the entertained the vulture around my raven ?
SRC	has your orangutan that hasn't entertained my newt remembered our quail near my salamander ?	hasn't your orangutan that my entertained my remembered our quail near my salamander ? ?
SRC	haven't her salamanders who have accepted your walrus entertained some unicorns around the salamander ?	have her salamanders who your accepted your entertained haven't entertained some salamander around the salamander ?
SRC	have her peacocks who haven't comforted some raven confused my walrus below her newts ?	haven't her peacocks who some comforted some raven confused my walrus below her newts ?
SRC	have my quails who haven't read confused some unicorns ?	haven't my quails who read confused some unicorns ? ?
SRC	have her quails who our newts haven't admired swum ?	haven't her quails who our newts admired have swum ?
SRC	haven't your yaks that her vultures have annoyed smiled ?	have your yaks that her vultures annoyed haven't smiled ?
SRC	have our unicorns that haven't remembered our newts read ?	haven't our unicorns that remembered our newts have read ?
SRC	has some walrus who hasn't confused my unicorns moved ?	hasn't some walrus who my confused my unicorns moved ?
SRC	hasn't her salamander that has read moved ?	has her salamander that read moved ?
SRC	has her walrus who hasn't giggled smiled ?	hasn't her walrus who giggled smiled ?
SRC	hasn't our tyrannosaurus who has read giggled ?	hasn't our tyrannosaurus who read giggled ?
SRC	has your orangutan that hasn't changed slept ?	hasn't your orangutan that changed slept ?
SRC	have some yaks who haven't changed giggled ?	haven't some yaks who changed giggled ?
SRC	hasn't the quail who has comforted your quail changed ?	has the quail who your quail your quail hasn't changed ?
SRC	have her peacocks who her xylophones haven't amused swum ?	haven't her peacocks who her xylophones amused have swum ?
SRC	have my vultures who haven't annoyed our vulture eaten ?	haven't my vultures who our vulture our vulture eaten ?
SRC	haven't some unicorns that her zebras have admired giggled ?	have some unicorns that her zebras admired giggled ? ?
SRC	has the unicorn that hasn't accepted my raven slept ?	hasn't the unicorn that accepted my raven has slept ?
SRC	has your yak who hasn't read read ?	hasn't your yak who read read ?
SRC	hasn't the yak that has read smiled ?	has the yak that hasn't smiled ?
SRC	hasn't your zebra who has smiled changed ?	hasn't your zebra who smiled changed changed ?
SRC	has our unicorn that hasn't waited swum ?	hasn't our unicorn that waited waited swum ?
SRC	has your tyrannosaurus who hasn't giggled slept ?	hasn't your tyrannosaurus who giggled slept ?
SRC	haven't your ravens who your xylophones have comforted read ?	have your ravens who your xylophones comforted haven't read ?
SRC	haven't some walruses that the salamanders have confused swum ?	have some walruses that the salamanders confused swum ?
SRC	hasn't the orangutan who has amused the quail waited ?	has the orangutan who amused the quail hasn't waited ?
SRC	have our zebras who haven't confused your xylophones eaten ?	haven't our zebras who your xylophones xylophones have eaten ?
SRC	hasn't some xylophone that some vulture has accepted changed ?	has some xylophone that some vulture accepted hasn't changed ?
SRC	have my peacocks that haven't admired her vultures applauded my unicorns behind her tyrannosauruses ?	haven't my peacocks that admired her vultures applauded my unicorns behind her tyrannosauruses ?
SRC	hasn't our salamander that our salamander has applauded confused our walrus below my salamander ?	has our salamander that our salamander applauded our walrus confused our salamander below my salamander ?
SRC	hasn't your yak that has confused the yak confused some yaks near my yak ?	has your yak that the yak confused some yaks confused some yak near my yak ?
SRC	have our vultures who haven't entertained her ravens annoyed her walruses near some orangutan ?	haven't our vultures who entertained her ravens have annoyed her walruses near some orangutan ?
SRC	haven't my xylophones that some quails have remembered admired some orangutan by some peacock ?	have my xylophones that some quails remembered admired some orangutan by some peacock by some peacock
SRC	has her zebra that hasn't changed giggled ?	hasn't her zebra that changed giggled ?
SRC	haven't our quails who have read moved ?	have our quails who haven't moved ?
SRC	haven't our quails who have moved slept ?	have our quails who moved ? slept ?
SRC	have her yaks that haven't swum moved ?	haven't her yaks that swum moved ?
SRC	has your vulture who hasn't swum eaten ?	hasn't your vulture who swum ?
SRC	haven't the orangutans who have applauded the salamanders accepted her unicorn ?	have the orangutans who applauded the salamanders haven't accepted her unicorn ?
SRC	have the peacocks who haven't comforted the zebra applauded the yak ?	haven't the peacocks who the comforted the zebra applauded the yak ?
SRC	has some walrus who hasn't entertained the walrus comforted our zebra ?	hasn't some walrus who entertained the walrus comforted our zebra ? ?
SRC	hasn't the quail that has entertained my yaks admired our raven ?	has the quail that my entertained my hasn't admired our raven ?
SRC	has her unicorn that some salamander hasn't remembered applauded the unicorn ?	hasn't her unicorn that some salamander remembered applauded the unicorn ? ?
SRC	haven't my unicorns who have remembered your walrus waited ?	have my unicorns who your walrus walrus haven't waited ?
SRC	have our xylophones who haven't entertained my quail smiled ?	haven't our xylophones who entertained my quail have smiled ?
SRC	hasn't her orangutan that her xylophone has applauded swum ?	has her orangutan that her xylophone applauded hasn't swum ?
SRC	have our zebras who haven't read confused some ravens ?	haven't our zebras who have confused some ravens ? ?
SRC	haven't my zebras that have admired my salamander giggled ?	have my zebras that admired my salamander giggled ? ?
SRC	haven't her peacocks that some xylophones have entertained applauded our newts behind my unicorn ?	have her peacocks that some xylophones entertained haven't applauded our newts behind my unicorn ?
SRC	hasn't her vulture who her raven has amused annoyed her vulture near her peacock ?	has her vulture who her raven amused hasn't annoyed her vulture near her peacock ?
SRC	haven't my zebras who have comforted her yak applauded some zebras behind my salamanders ?	have my zebras who comforted her yak applauded some zebras behind my salamanders ?
SRC	haven't our yaks who some newts have confused admired our raven by some orangutan ?	have our yaks who some newts confused our raven admired our raven by some orangutan ?
SRC	hasn't your zebra that our newt has entertained comforted my walruses by your orangutan ?	has your zebra that our newt entertained hasn't comforted my walruses by your orangutan ?
SRC	has the unicorn that hasn't giggled smiled ?	hasn't the unicorn that giggled smiled ?
SRC	have her tyrannosauruses that haven't swum giggled ?	haven't her tyrannosauruses that swum giggled ?
SRC	have my quails that haven't eaten slept ?	haven't my quails that eaten eaten ?
SRC	hasn't my newt who has waited waited ?	hasn't my newt who waited waited waited ?
SRC	haven't some ravens that have changed moved ?	have some ravens that changed moved ?
SRC	haven't our tyrannosauruses that have eaten comforted the unicorn below your vultures ?	have our tyrannosauruses that eaten eaten eaten the unicorn below your vultures ?
SRC	have our tyrannosauruses that haven't changed annoyed her quail above your tyrannosauruses ?	haven't our tyrannosauruses that changed annoyed her quail above your quail ? ?
SRC	have my orangutans who haven't moved entertained some newt around your orangutans ?	haven't my orangutans who moved moved some newt around your orangutans ? ?
SRC	have her quails that haven't smiled annoyed your unicorn upon some peacocks ?	haven't her quails that smiled annoyed your unicorn upon some peacocks ? ?
SRC	hasn't our walrus that has smiled entertained her quails with your walruses ?	hasn't our walrus that smiled entertained her quails with your walruses ? ?
SRC	hasn't her vulture that the zebra has annoyed read ?	has her vulture that the zebra annoyed hasn't read ?
SRC	have our tyrannosauruses that your yaks haven't amused eaten ?	haven't our tyrannosauruses that your yaks amused have eaten ?
SRC	haven't our salamanders who have admired the raven changed ?	have our salamanders who the admired the raven changed ?
SRC	hasn't my salamander that has read accepted my tyrannosaurus ?	hasn't my salamander that has accepted my tyrannosaurus ? ?
SRC	have the orangutans who some ravens haven't confused read ?	haven't the orangutans who some ravens confused have read ?
SRC	haven't my newts that have swum swum ?	have my newts that swum swum ?
SRC	has her tyrannosaurus who hasn't swum eaten ?	hasn't her tyrannosaurus who swum ?
SRC	has her peacock that hasn't waited changed ?	hasn't her peacock that has changed changed ?
SRC	has my yak that hasn't moved read ?	hasn't my yak that moved ? read ?
SRC	hasn't her newt that has moved moved ?	hasn't her newt that moved moved moved ?
SRC	hasn't the quail that the peacock has annoyed read ?	has the quail that the peacock annoyed hasn't read ?
SRC	haven't the vultures that have remembered the unicorn read ?	have the vultures that remembered the unicorn read ? ?
SRC	has your quail that the peacock hasn't accepted slept ?	hasn't your quail that the peacock accepted has slept ?
SRC	have my unicorns who haven't read annoyed your peacocks ?	haven't my unicorns who have annoyed your peacocks ? ?
SRC	haven't your tyrannosauruses who have swum remembered our salamander ?	have your tyrannosauruses who have remembered our salamander ? ?
SRC	has her raven that our yak hasn't remembered accepted our peacocks ?	hasn't her raven that our yak remembered has accepted our peacocks ?
SRC	have my vultures that my quails haven't entertained comforted some orangutans ?	haven't my vultures that my quails entertained have comforted some orangutans ?
SRC	has our tyrannosaurus that your salamander hasn't annoyed annoyed her walruses ?	hasn't our tyrannosaurus that your salamander annoyed annoyed her walruses ? ?
SRC	haven't the xylophones who have annoyed our tyrannosauruses remembered some vulture ?	have the xylophones who annoyed our tyrannosauruses haven't remembered some vulture ?
SRC	have our unicorns who haven't amused some yak applauded some unicorn ?	haven't our unicorns who some amused some have applauded some unicorn ?
SRC	hasn't my zebra who has confused some quail annoyed our salamanders behind our ravens ?	has my zebra who some confused some quail hasn't annoyed our ravens behind our ravens ?
SRC	hasn't your peacock who has accepted her newt amused our salamanders around your xylophones ?	has your peacock who her accepted her newt amused our salamanders around your xylophones ?
SRC	has your vulture that hasn't confused the peacock applauded your xylophone around some yak ?	hasn't your vulture that the peacock the peacock has applauded your yak around some yak ?
SRC	haven't some tyrannosauruses who some walruses have remembered confused some quail behind some salamanders ?	have some tyrannosauruses who some walruses remembered haven't confused some quail behind some salamanders ?
SRC	haven't our unicorns that have applauded some walruses entertained my walrus by your yak ?	have our unicorns that applauded some walruses haven't entertained my walrus by your yak ?
SRC	have your walruses that haven't accepted the peacock remembered the unicorns above your xylophones ?	haven't your walruses that the accepted the peacock remembered the unicorns above your xylophones ?
SRC	has my xylophone who hasn't comforted my zebras annoyed some orangutan around our salamander ?	hasn't my xylophone who comforted my zebras has annoyed some orangutan around our salamander ?
SRC	has my walrus who her unicorn hasn't accepted accepted our vultures above her vultures ?	hasn't my walrus who her unicorn accepted accepted our vultures above her vultures ? ?
SRC	haven't our ravens who some peacocks have comforted accepted my yaks with her zebra ?	have our ravens who some peacocks comforted accepted my yaks with her zebra ?
SRC	have your unicorns that your peacocks haven't confused applauded her peacocks behind her salamander ?	haven't your unicorns that your peacocks confused have applauded her peacocks behind her salamander ?
SRC	have my newts that some tyrannosauruses haven't entertained swum ?	haven't my newts that some tyrannosauruses entertained have swum ?
SRC	have her xylophones who the quails haven't annoyed read ?	haven't her xylophones who the quails annoyed have read ?
SRC	hasn't the raven that her vulture has annoyed smiled ?	has the raven that her vulture annoyed hasn't smiled ?
SRC	hasn't your yak that our walrus has accepted slept ?	has your yak that our walrus accepted hasn't slept ?
SRC	hasn't your unicorn who her newt has admired changed ?	has your unicorn who her newt admired hasn't changed ?
SRC	has some yak that hasn't applauded my zebra moved ?	hasn't some yak that applauded my zebra has moved ?
SRC	has her quail who our tyrannosaurus hasn't admired changed ?	hasn't her quail who our tyrannosaurus admired has changed ?
SRC	haven't the orangutans that have applauded your tyrannosauruses eaten ?	have the orangutans that applauded your tyrannosauruses haven't eaten ?
SRC	hasn't the unicorn that my raven has remembered moved ?	has the unicorn that my raven remembered hasn't moved ?
SRC	has her vulture who your xylophone hasn't comforted changed ?	hasn't her vulture who your xylophone comforted has changed ?
SRC	has your xylophone who hasn't waited remembered some peacocks upon her xylophone ?	hasn't your xylophone who has remembered some peacocks upon her xylophone ? ?
SRC	has our yak that hasn't slept applauded my quails above her salamander ?	hasn't our yak that has applauded my quails above her salamander ? ?
SRC	hasn't some zebra that has moved accepted some unicorns near our newts ?	has some zebra that moved moved some unicorns near our newts near our newts
SRC	hasn't some unicorn who has moved annoyed her xylophones by our xylophones ?	hasn't some unicorn who moved moved annoyed her xylophones by our xylophones ?
SRC	hasn't our yak that has eaten entertained our salamander upon her walrus ?	has our yak that eaten eaten entertained our salamander upon her walrus ?
SRC	have her yaks that my peacocks haven't comforted giggled ?	haven't her yaks that my peacocks comforted have giggled ?
SRC	have the orangutans that the orangutans haven't applauded changed ?	haven't the orangutans that the orangutans applauded changed ? ?
SRC	has the peacock that hasn't waited comforted her unicorns ?	hasn't the peacock that waited ? comforted her unicorns ?
SRC	has some zebra who the walrus hasn't remembered eaten ?	hasn't some zebra who the walrus remembered has eaten ?
SRC	have your orangutans who haven't amused our raven changed ?	haven't your orangutans who our raven raven have changed ?
SRC	has her salamander that my walrus hasn't remembered annoyed my ravens above our unicorn ?	hasn't her salamander that my walrus remembered has annoyed my ravens above our unicorn ?
SRC	has your salamander that her salamander hasn't accepted annoyed the quail by our quail ?	hasn't your salamander that her salamander accepted has annoyed the quail by our quail ?
SRC	have her unicorns that haven't confused my salamanders admired her orangutans around her peacock ?	haven't her unicorns that my confused my salamanders have admired her peacock around her peacock ?
SRC	has her peacock that the zebra hasn't remembered entertained our xylophone near her yaks ?	hasn't her peacock that the zebra remembered has entertained our xylophone near her yaks ?
SRC	haven't your zebras that have amused her peacocks remembered your xylophone upon the yaks ?	have your zebras that her amused her remembered your xylophone upon the yaks ?
SRC	has your tyrannosaurus who the raven hasn't amused slept ?	hasn't your tyrannosaurus who the raven amused has slept ?
SRC	have her ravens that her unicorns haven't remembered swum ?	haven't her ravens that her unicorns remembered swum ?
SRC	haven't my tyrannosauruses who have admired the ravens moved ?	have my tyrannosauruses who the ravens the ravens ? ?
SRC	haven't the orangutans that my quails have comforted read ?	have the orangutans that my quails comforted haven't read ?
SRC	have my xylophones that haven't amused your tyrannosaurus eaten ?	haven't my xylophones that amused your tyrannosaurus have eaten ?
SRC	haven't some peacocks who have read eaten ?	have some peacocks who have eaten ?
SRC	has our unicorn that hasn't moved read ?	hasn't our unicorn that moved ? read ?
SRC	has the yak who hasn't swum moved ?	hasn't the yak who swum moved ?
SRC	hasn't our raven that has waited smiled ?	hasn't our raven that waited waited smiled ?
SRC	has her raven who hasn't waited eaten ?	hasn't her raven who has eaten ?
SRC	have her unicorns that haven't read eaten ?	haven't her unicorns that read eaten ?
SRC	hasn't your vulture that has smiled waited ?	hasn't your vulture that smiled smiled waited ?
SRC	hasn't your tyrannosaurus that has read moved ?	hasn't your tyrannosaurus that has moved ?
SRC	has my newt that hasn't waited giggled ?	hasn't my newt that waited waited ?
SRC	has some quail who hasn't smiled swum ?	hasn't some quail who smiled ? swum ?
SRC	haven't your ravens who some peacocks have annoyed eaten ?	have your ravens who some peacocks annoyed eaten ? ?
SRC	haven't my newts who her unicorns have admired moved ?	have my newts who her unicorns admired haven't moved ?
SRC	has my zebra who hasn't applauded our walrus slept ?	hasn't my zebra who our walrus walrus has slept ?
SRC	hasn't my newt who has moved applauded her tyrannosaurus ?	hasn't my newt who moved moved applauded her tyrannosaurus ?
SRC	has her unicorn who our raven hasn't admired giggled ?	hasn't her unicorn who our raven admired has giggled ?
SRC	haven't the quails who your orangutans have accepted moved ?	have the quails who your orangutans accepted haven't moved ?
SRC	have some vultures that haven't changed annoyed our yak ?	haven't some vultures that changed annoyed our yak ?
SRC	haven't my zebras that have amused some newt eaten ?	have my zebras that some amused some eaten ?
SRC	hasn't your quail who her unicorn has amused changed ?	has your quail who her unicorn amused hasn't changed ?
SRC	haven't some zebras who some zebras have accepted waited ?	have some zebras who some zebras accepted haven't waited ?
SRC	have her orangutans who haven't moved comforted her salamanders upon the newts ?	haven't her orangutans who moved moved comforted her salamanders upon the newts ?
SRC	have your tyrannosauruses who haven't read amused my yaks behind the salamander ?	haven't your tyrannosauruses who have amused my yaks behind the salamander ? ?
SRC	have our unicorns that haven't read amused our peacock behind our quails ?	haven't our unicorns that read amused our peacock behind our peacock ? ?
SRC	haven't my yaks that have changed accepted some peacocks below some ravens ?	have my yaks that have accepted some peacocks below some ravens ? ?
SRC	has the tyrannosaurus that hasn't smiled entertained her salamander near your ravens ?	hasn't the tyrannosaurus that smiled entertained her salamander near your salamander ? ?
SRC	hasn't your xylophone who has slept annoyed her yaks below our unicorn ?	has your xylophone who slept annoyed her yaks below our unicorn ? ?
SRC	have your peacocks that haven't giggled entertained the unicorn below some zebra ?	haven't your peacocks that giggled entertained the unicorn below some unicorn ? ?
SRC	hasn't our xylophone who has eaten comforted some tyrannosaurus upon our peacock ?	has our xylophone who eaten eaten comforted some tyrannosaurus upon our peacock ?
SRC	haven't some newts that have swum admired our unicorn with her salamander ?	have some newts that swum admired our unicorn with her salamander ? ?
SRC	has her newt who hasn't eaten confused some yaks by the zebra ?	hasn't her newt who eaten eaten eaten by the yaks by the zebra ?
SRC	have some peacocks who haven't smiled amused our xylophones behind the peacocks ?	haven't some peacocks who smiled amused our xylophones behind the peacocks ? ?
SRC	have some walruses that haven't eaten remembered the ravens below our salamander ?	haven't some walruses that eaten eaten remembered the ravens below our salamander ?
SRC	haven't the zebras that have read admired our unicorn behind your xylophone ?	have the zebras that have admired our unicorn behind your xylophone ? ?
SRC	has our xylophone that hasn't smiled remembered my quail near our salamander ?	hasn't our xylophone that smiled remembered my quail near our quail near our salamander
SRC	hasn't my vulture who has eaten comforted our orangutan near the unicorns ?	hasn't my vulture who eaten eaten comforted our orangutan near the unicorns ?
SRC	has her tyrannosaurus that hasn't remembered some salamander moved ?	hasn't her tyrannosaurus that remembered some salamander has moved ?
SRC	haven't some yaks that your tyrannosauruses have applauded moved ?	have some yaks that your tyrannosauruses applauded applauded ? ?
SRC	have some peacocks that the unicorns haven't comforted moved ?	haven't some peacocks that the unicorns comforted have moved ?
SRC	have your peacocks that haven't remembered our newts swum ?	haven't your peacocks that our remembered our newts swum ?
SRC	has the quail that the vulture hasn't annoyed changed ?	hasn't the quail that the vulture annoyed has changed ?
SRC	haven't your quails that have giggled read ?	have your quails that giggled read ?
SRC	hasn't our zebra that has swum eaten ?	has our zebra that swum eaten ?
SRC	has your yak who hasn't eaten giggled ?	hasn't your yak who eaten eaten ?
SRC	haven't your zebras that have smiled slept ?	have your zebras that smiled smiled ?
SRC	hasn't our quail that has eaten moved ?	has our quail that eaten eaten ?
SRC	hasn't your newt that has read confused your salamander by the walrus ?	hasn't your newt that read confused your salamander by the walrus ? ?
SRC	have the walruses who haven't slept amused her tyrannosaurus upon our salamanders ?	haven't the walruses who slept amused her tyrannosaurus upon our tyrannosaurus salamanders ?
SRC	has our newt that hasn't smiled annoyed my walruses near your quails ?	hasn't our newt that smiled smiled annoyed my walruses near your quails ?
SRC	have our tyrannosauruses that haven't giggled confused the zebra behind her peacocks ?	haven't our tyrannosauruses that giggled confused the zebra behind her peacocks ? ?
SRC	hasn't your orangutan who has moved accepted my unicorns below our newts ?	hasn't your orangutan who moved moved my unicorns below our newts below ?
SRC	hasn't my zebra who her raven has applauded applauded your salamander around the salamander ?	has my zebra who her raven applauded applauded your salamander around the salamander around the salamander
SRC	hasn't some orangutan who has applauded her vulture confused the ravens with some tyrannosaurus ?	has some orangutan who applauded her vulture hasn't confused the ravens with some tyrannosaurus ?
SRC	have the quails who haven't comforted your yak entertained your zebras with her zebras ?	haven't the quails who your yak have entertained your zebras with her zebras ?
SRC	haven't the salamanders who some zebras have confused accepted my orangutan near her peacock ?	have the salamanders who some zebras confused accepted my orangutan near her peacock near her peacock
SRC	have your salamanders that haven't applauded the unicorns accepted some orangutans behind some walrus ?	haven't your salamanders that applauded the unicorns have accepted some orangutans behind some walrus ?
SRC	hasn't some walrus who has accepted our xylophone swum ?	has some walrus who our accepted our xylophone swum ?
SRC	haven't some vultures that the xylophones have applauded smiled ?	have some vultures that the xylophones applauded applauded smiled ?
SRC	have the vultures that some xylophones haven't applauded read ?	haven't the vultures that some xylophones applauded have read ?
SRC	haven't our walruses that some vultures have amused changed ?	have our walruses that some vultures amused haven't changed ?
SRC	haven't my vultures who some tyrannosauruses have admired eaten ?	have my vultures who some tyrannosauruses admired haven't eaten ?
SRC	haven't her xylophones who have confused some salamander read ?	have her xylophones who some salamander some salamander read ?
SRC	hasn't some orangutan that some yak has admired waited ?	has some orangutan that some yak admired hasn't waited ?
SRC	hasn't our orangutan that has annoyed your walrus read ?	has our orangutan that your walrus your read ? ?
SRC	has the newt who hasn't eaten accepted her tyrannosauruses ?	hasn't the newt who eaten eaten accepted her tyrannosauruses ?
SRC	hasn't my walrus that has entertained our ravens slept ?	has my walrus that has entertained our ravens ? ?
SRC	has her salamander that hasn't read giggled ?	hasn't her salamander that read giggled ?
SRC	hasn't some tyrannosaurus that has slept smiled ?	has some tyrannosaurus that slept smiled ?
SRC	hasn't our salamander who has swum moved ?	hasn't our salamander who swum moved ?
SRC	hasn't my vulture who has changed read ?	hasn't my vulture who changed read ?
SRC	hasn't your walrus that has giggled moved ?	hasn't your walrus that giggled moved ?
SRC	haven't the salamanders that have entertained our xylophone eaten ?	have the salamanders that our entertained our eaten ? ?
SRC	has the peacock that hasn't annoyed my xylophones swum ?	hasn't the peacock that annoyed my xylophones has swum ?
SRC	have our zebras that haven't confused my vulture read ?	haven't our zebras that my vulture vulture have read ?
SRC	have her peacocks that our yaks haven't annoyed changed ?	haven't her peacocks that our yaks annoyed have changed ?
SRC	have your vultures who haven't entertained our newt moved ?	haven't your vultures who our entertained our moved ? ?
SRC	haven't our walruses who have comforted her quail read ?	have our walruses who comforted her quail haven't read ?
SRC	have our ravens who haven't annoyed my salamander changed ?	haven't our ravens who annoyed my salamander changed ? ?
SRC	has her newt that her raven hasn't entertained changed ?	hasn't her newt that her raven entertained has changed ?
SRC	have her walruses that our peacocks haven't accepted smiled ?	haven't her walruses that our peacocks accepted have smiled ?
SRC	have my vultures who haven't smiled comforted our unicorn ?	haven't my vultures who smiled comforted our unicorn ? ?
SRC	haven't her xylophones who have accepted the xylophone applauded some yaks ?	have her xylophones who the accepted the xylophone applauded some yaks ?
SRC	hasn't my yak who has applauded our yak comforted my zebras ?	has my yak who our yak hasn't comforted my zebras ? ?
SRC	has your raven that hasn't applauded your raven remembered some unicorns ?	hasn't your raven that applauded your raven has remembered some unicorns ?
SRC	has some salamander who hasn't confused the tyrannosauruses applauded my salamander ?	hasn't some salamander who the confused the tyrannosauruses has applauded my salamander ?
SRC	hasn't some newt that has confused our zebra annoyed my unicorn ?	has some newt that has confused our zebra annoyed my unicorn ?
SRC	have the unicorns who haven't moved moved ?	haven't the unicorns who moved moved moved ?
SRC	hasn't her zebra that has slept waited ?	has her zebra that slept waited waited ?
SRC	has some orangutan that hasn't moved waited ?	hasn't some orangutan that moved ? waited ?
SRC	hasn't our quail that has changed swum ?	has our quail that changed swum ?
SRC	haven't our unicorns who have read moved ?	have our unicorns who have moved ?
SRC	hasn't some newt who some orangutan has applauded confused your walruses behind her ravens ?	has some newt who some orangutan applauded your confused your walruses behind her ravens ?
SRC	hasn't my xylophone that has accepted some salamander entertained our yaks with some orangutan ?	has my xylophone that some accepted some salamander entertained our yaks with some orangutan ?
SRC	has your salamander that hasn't entertained our salamander entertained your newts near her unicorns ?	hasn't your salamander that our entertained our salamander entertained your newts near her unicorns ?
SRC	has some orangutan who some yak hasn't comforted remembered your orangutans by some salamander ?	hasn't some orangutan who some yak comforted remembered your orangutans by some salamander by some salamander
SRC	have some ravens that your salamanders haven't remembered confused some vulture with the vultures ?	haven't some ravens that your salamanders remembered have confused some vulture with the vultures ?
SRC	haven't my walruses who have swum slept ?	have my walruses who swum slept ?
SRC	hasn't some peacock who has read slept ?	hasn't some peacock who has slept ?
SRC	has the peacock who hasn't smiled moved ?	hasn't the peacock who smiled moved ?
SRC	has your raven who hasn't waited waited ?	hasn't your raven who waited waited waited ?
SRC	hasn't my peacock who has swum giggled ?	has my peacock who swum giggled ?
SRC	has some yak that the yak hasn't accepted read ?	hasn't some yak that the yak accepted has read ?
SRC	has some peacock that your orangutan hasn't accepted moved ?	hasn't some peacock that your orangutan accepted has moved ?
SRC	has our peacock who the vulture hasn't admired swum ?	hasn't our peacock who the vulture admired has swum ?
SRC	have the peacocks who haven't applauded our salamanders changed ?	haven't the peacocks who our salamanders our salamanders have changed ?
SRC	has her walrus that hasn't comforted our orangutan changed ?	hasn't her walrus that our comforted our has changed ?
SRC	hasn't the walrus who has moved changed ?	hasn't the walrus who moved moved ?
SRC	has the quail who hasn't waited eaten ?	hasn't the quail who has eaten ?
SRC	haven't the unicorns who have read waited ?	have the unicorns who have waited waited ?
SRC	hasn't our vulture who has waited slept ?	hasn't our vulture who waited waited ?
SRC	haven't our salamanders who have eaten read ?	have our salamanders who eaten eaten ?
SRC	have your ravens that haven't admired the vultures slept ?	haven't your ravens that the admired the vultures slept ?
SRC	hasn't her walrus that my unicorn has comforted giggled ?	has her walrus that my unicorn comforted hasn't giggled ?
SRC	has some newt who hasn't accepted some vulture giggled ?	hasn't some newt who some accepted some giggled ? ?
SRC	have some yaks that haven't accepted your newts waited ?	haven't some yaks that your accepted your newts waited ?
SRC	haven't your orangutans that have annoyed our unicorns slept ?	have your orangutans that annoyed our unicorns haven't slept ?
SRC	hasn't our xylophone who has comforted my newts moved ?	has our xylophone who my comforted my newts moved ?
SRC	have her unicorns that haven't accepted her zebra moved ?	haven't her unicorns that accepted her zebra moved ?
SRC	hasn't our xylophone that has amused my salamanders read ?	has our xylophone that amused my salamanders hasn't read ?
SRC	has some newt who hasn't comforted some peacock slept ?	hasn't some newt who some peacock some peacock slept ?
SRC	haven't your walruses that her yaks have entertained waited ?	have your walruses that her yaks entertained haven't waited ?
SRC	haven't our salamanders who have annoyed her tyrannosauruses read ?	have our salamanders who her annoyed her read ? ?
SRC	hasn't your vulture that has annoyed our peacock smiled ?	has your vulture that annoyed our peacock hasn't smiled ?
SRC	hasn't my unicorn who the tyrannosaurus has remembered read ?	has my unicorn who the tyrannosaurus remembered hasn't read ?
SRC	have some salamanders who your ravens haven't amused swum ?	haven't some salamanders who your ravens amused have swum ?
SRC	hasn't her yak that some peacock has admired smiled ?	has her yak that some peacock admired hasn't smiled ?
SRC	have our xylophones that our tyrannosauruses haven't applauded swum ?	haven't our xylophones that our tyrannosauruses applauded have swum ?
SRC	haven't the orangutans that have admired your peacock waited ?	have the orangutans that your peacock admired your waited ?
SRC	haven't my vultures who have comforted the vulture smiled ?	have my vultures who comforted the vulture smiled ? ?
SRC	have our salamanders that haven't amused my vulture swum ?	haven't our salamanders that amused my vulture have swum ?
SRC	have the vultures who haven't moved remembered our tyrannosaurus ?	haven't the vultures who moved moved our tyrannosaurus ? ?
SRC	hasn't the raven who has swum eaten ?	has the raven who swum eaten ?
SRC	haven't her newts that have read read ?	have her newts that have read read ?
SRC	have the xylophones that haven't slept giggled ?	haven't the xylophones that have giggled ?
SRC	haven't your quails that have giggled giggled ?	have your quails that giggled giggled giggled ?
SRC	have your walruses who haven't swum giggled ?	haven't your walruses who swum giggled ?
SRC	hasn't our yak that has accepted your unicorns comforted the salamanders ?	has our yak that your accepted your comforted the salamanders comforted ?
SRC	hasn't our newt that has admired the unicorns comforted some xylophones ?	has our newt that the admired the unicorns comforted some xylophones ?
SRC	have your newts that haven't accepted my xylophone remembered some xylophones ?	haven't your newts that accepted my xylophone remembered some xylophones ? ?
SRC	has my zebra who hasn't annoyed her salamanders comforted my yak ?	hasn't my zebra who her salamanders has comforted my yak comforted ?
SRC	has our tyrannosaurus that my quail hasn't accepted accepted her peacock ?	hasn't our tyrannosaurus that my quail accepted accepted her peacock ? ?
SRC	have her peacocks who haven't moved giggled ?	haven't her peacocks who moved ? giggled ?
SRC	have some newts that haven't waited giggled ?	haven't some newts that have giggled ?
SRC	hasn't her tyrannosaurus that has giggled moved ?	has her tyrannosaurus that giggled moved ?
SRC	has the orangutan who hasn't smiled eaten ?	hasn't the orangutan who smiled eaten ?
SRC	has my orangutan who hasn't read smiled ?	hasn't my orangutan who read smiled ? ?
SRC	hasn't my yak that the orangutan has admired read ?	has my yak that the orangutan admired hasn't read ?
SRC	have your salamanders that haven't admired my newt read ?	haven't your salamanders that admired my newt have read ?
SRC	hasn't my zebra who has comforted your tyrannosaurus eaten ?	has my zebra who your comforted your tyrannosaurus eaten ?
SRC	hasn't the yak that some unicorn has amused changed ?	has the yak that some unicorn amused hasn't changed ?
SRC	have the yaks that haven't annoyed the peacocks smiled ?	haven't the yaks that the annoyed the peacocks smiled ?
SRC	hasn't some peacock that has swum moved ?	has some peacock that swum moved ?
SRC	haven't the ravens that have read changed ?	have the ravens that have changed changed ?
SRC	hasn't the salamander who has swum moved ?	hasn't the salamander who swum moved ?
SRC	hasn't some unicorn who has moved waited ?	hasn't some unicorn who moved moved ?
SRC	haven't the orangutans who have giggled eaten ?	have the orangutans who giggled eaten ?
SRC	hasn't your quail that has annoyed your tyrannosauruses moved ?	has your quail that annoyed your tyrannosauruses hasn't moved ?
SRC	haven't your orangutans that our walruses have accepted giggled ?	have your orangutans that our walruses accepted haven't giggled ?
SRC	hasn't my xylophone that has remembered your raven smiled ?	has my xylophone that remembered your raven hasn't smiled ?
SRC	has our tyrannosaurus that some quail hasn't admired waited ?	hasn't our tyrannosaurus that some quail admired has waited ?
SRC	have my salamanders who my xylophones haven't amused swum ?	haven't my salamanders who my xylophones amused have swum ?
SRC	haven't our salamanders who her peacocks have remembered moved ?	have our salamanders who her peacocks remembered haven't moved ?
SRC	haven't my tyrannosauruses who have confused the quail slept ?	have my tyrannosauruses who the quail the quail slept ?
SRC	has the newt who some yak hasn't confused smiled ?	hasn't the newt who some yak confused has smiled ?
SRC	haven't her walruses who have annoyed some tyrannosauruses slept ?	have her walruses who some tyrannosauruses tyrannosauruses haven't slept ?
SRC	haven't the newts who some tyrannosauruses have confused eaten ?	have the newts who some tyrannosauruses confused eaten ?
SRC	hasn't your unicorn who the vulture has accepted swum ?	has your unicorn who the vulture accepted hasn't swum ?
SRC	hasn't your tyrannosaurus that has comforted my ravens giggled ?	has your tyrannosaurus that comforted my ravens hasn't giggled ?
SRC	has the newt who her yak hasn't annoyed moved ?	hasn't the newt who her yak annoyed annoyed moved ?
SRC	haven't her walruses that have amused my zebra giggled ?	have her walruses that have amused my giggled ? ?
SRC	hasn't her tyrannosaurus who has annoyed your xylophone swum ?	has her tyrannosaurus who your xylophone your xylophone swum ?
SRC	has your raven that hasn't amused my peacock waited ?	hasn't your raven that amused my peacock has waited ?
SRC	hasn't the tyrannosaurus who some orangutan has entertained eaten ?	has the tyrannosaurus who some orangutan entertained hasn't eaten ?
SRC	have our salamanders that haven't annoyed her vulture slept ?	haven't our salamanders that annoyed her vulture have slept ?
SRC	has my peacock that my salamander hasn't entertained waited ?	hasn't my peacock that my salamander entertained has waited ?
SRC	has the newt who my newt hasn't amused waited ?	hasn't the newt who my newt amused has waited ?
SRC	haven't her unicorns who have changed remembered my orangutans ?	have her unicorns who changed remembered my orangutans ? ?
SRC	have my salamanders that the zebras haven't applauded giggled ?	haven't my salamanders that the zebras applauded have giggled ?
SRC	has some walrus who hasn't eaten applauded some xylophones ?	hasn't some walrus who eaten eaten applauded some xylophones ?
SRC	has her walrus who her salamander hasn't confused smiled ?	hasn't her walrus who her salamander confused has smiled ?
SRC	have your salamanders that her unicorns haven't entertained swum ?	haven't your salamanders that her unicorns entertained have swum ?
SRC	have the ravens who haven't changed waited ?	haven't the ravens who changed waited ?
SRC	have some vultures that haven't changed slept ?	haven't some vultures that changed slept ?
SRC	has the raven that hasn't eaten waited ?	hasn't the raven that eaten eaten ?
SRC	has some yak who hasn't moved moved ?	hasn't some yak who moved moved ?
SRC	haven't the quails who have giggled moved ?	have the quails who giggled moved ?
SRC	hasn't some unicorn that has accepted your unicorn eaten ?	has some unicorn that your accepted your unicorn eaten ?
SRC	has her unicorn that hasn't admired your newts waited ?	hasn't her unicorn that your admired your waited ? ?
SRC	have the xylophones that the ravens haven't accepted swum ?	haven't the xylophones that the ravens accepted have swum ?
SRC	hasn't her peacock that has giggled admired her xylophones ?	has her peacock that giggled admired her xylophones ? ?
SRC	has the zebra who the salamander hasn't annoyed eaten ?	hasn't the zebra who the salamander annoyed eaten ?
SRC	haven't her quails that have waited read ?	have her quails that have read ?
SRC	has your orangutan that hasn't smiled waited ?	hasn't your orangutan that smiled smiled waited ?
SRC	haven't the quails who have eaten waited ?	have the quails who eaten eaten ?
SRC	have the yaks that haven't moved swum ?	haven't the yaks that moved ? swum ?
SRC	has your vulture that hasn't giggled eaten ?	hasn't your vulture that giggled eaten ?
SRC	haven't your orangutans that have eaten slept ?	have your orangutans that eaten eaten ?
SRC	haven't the quails that have slept swum ?	have the quails that have swum ?
SRC	has your yak who hasn't giggled smiled ?	hasn't your yak who giggled smiled ?
SRC	hasn't our tyrannosaurus who has read waited ?	hasn't our tyrannosaurus who read waited waited ?
SRC	have the salamanders that haven't read eaten ?	haven't the salamanders that have eaten ?
SRC	has your tyrannosaurus that hasn't entertained my orangutans moved ?	hasn't your tyrannosaurus that my entertained my orangutans moved ?
SRC	haven't our walruses that have smiled annoyed the orangutans ?	have our walruses that smiled annoyed the orangutans ? ?
SRC	have my quails that our xylophones haven't applauded moved ?	haven't my quails that our xylophones applauded applauded ? ?
SRC	have her quails who our unicorns haven't comforted read ?	haven't her quails who our unicorns comforted comforted read ?
SRC	haven't my unicorns who our quails have confused changed ?	have my unicorns who our quails confused haven't changed ?
SRC	has my newt who hasn't moved giggled ?	hasn't my newt who moved moved ?
SRC	have our ravens that haven't smiled swum ?	haven't our ravens that smiled swum ?
SRC	have her ravens that haven't swum smiled ?	haven't her ravens that swum smiled ?
SRC	hasn't my newt who has moved giggled ?	hasn't my newt who moved moved ?
SRC	hasn't my xylophone that has swum slept ?	has my xylophone that swum slept ?
SRC	have your xylophones who her vultures haven't annoyed accepted my peacock ?	haven't your xylophones who her vultures annoyed my accepted my peacock ?
SRC	hasn't my yak that has comforted her ravens annoyed her walruses ?	has my yak that comforted her ravens annoyed her walruses ? ?
SRC	hasn't our zebra who has remembered our unicorn accepted the xylophones ?	has our zebra who our remembered our unicorn accepted the xylophones ?
SRC	hasn't my vulture that has accepted my unicorns amused my xylophones ?	has my vulture that accepted my unicorns amused my xylophones ? ?
SRC	hasn't some walrus that has admired some quail annoyed the vultures ?	has some walrus that admired some quail hasn't annoyed the vultures ?
SRC	hasn't her unicorn who your peacock has comforted remembered the zebras behind your quail ?	has her unicorn who your peacock comforted remembered the zebras behind your quail ?
SRC	have some tyrannosauruses who some vultures haven't accepted entertained some raven near the tyrannosaurus ?	haven't some tyrannosauruses who some vultures accepted have entertained some raven near the tyrannosaurus ?
SRC	haven't our yaks who her yaks have amused amused her vulture by some unicorns ?	have our yaks who her yaks amused amused her vulture by some unicorns by some unicorns
SRC	has your xylophone that the salamander hasn't confused annoyed my xylophones above your quail ?	hasn't your xylophone that the salamander confused has annoyed my xylophones above your quail ?
SRC	has her orangutan that your quail hasn't entertained annoyed your yak around her newt ?	hasn't her orangutan that your quail entertained has annoyed your yak around her newt ?
SRC	have our yaks that haven't applauded the walrus confused your xylophone with her tyrannosauruses ?	haven't our yaks that applauded the walrus confused your xylophone with her tyrannosauruses with ?
SRC	have my tyrannosauruses that her quails haven't remembered comforted our peacocks above our raven ?	haven't my tyrannosauruses that her quails remembered have comforted our peacocks above our raven ?
SRC	hasn't your zebra who has amused our walrus comforted the unicorn by your xylophones ?	has your zebra who our amused our walrus comforted the unicorn by your xylophones ?
SRC	has some quail who hasn't entertained her newt remembered your salamander above some peacock ?	hasn't some quail who her entertained her remembered your salamander above some peacock above some peacock
SRC	haven't some ravens who have entertained some vulture admired our peacocks above her newts ?	have some ravens who some entertained some admired our peacocks above her newts ?
SRC	haven't her quails who have moved slept ?	have her quails who moved ? slept ?
SRC	hasn't some raven who has giggled slept ?	hasn't some raven who giggled slept ?
SRC	has some unicorn who hasn't eaten swum ?	hasn't some unicorn who eaten eaten ?
SRC	has my yak that hasn't giggled eaten ?	hasn't my yak that giggled eaten ?
SRC	haven't the ravens who have waited changed ?	have the ravens who have changed ?
SRC	haven't some zebras who have amused my walruses waited ?	have some zebras who my walruses my waited ?
SRC	hasn't my walrus that has confused our quails giggled ?	has my walrus that has confused our quails giggled ?
SRC	have the quails that the xylophones haven't amused giggled ?	haven't the quails that the xylophones amused have giggled ?
SRC	hasn't my vulture who has applauded the tyrannosaurus moved ?	has my vulture who applauded the tyrannosaurus hasn't moved ?
SRC	has the quail who hasn't smiled applauded the tyrannosauruses ?	hasn't the quail who smiled applauded applauded the tyrannosauruses ?
SRC	have our ravens that haven't slept smiled ?	haven't our ravens that slept smiled ? ?
SRC	have our tyrannosauruses that haven't moved eaten ?	haven't our tyrannosauruses that moved ? eaten ?
SRC	has her zebra that hasn't slept changed ?	hasn't her zebra that slept changed changed ?
SRC	have her salamanders who haven't smiled smiled ?	haven't her salamanders who smiled smiled smiled ?
SRC	hasn't my tyrannosaurus that has changed changed ?	has my tyrannosaurus that changed changed changed ?
SRC	haven't some quails that have waited waited ?	have some quails that have waited waited ?
SRC	have her orangutans who haven't slept moved ?	haven't her orangutans who slept moved ?
SRC	haven't your tyrannosauruses that have read moved ?	have your tyrannosauruses that have moved ?
SRC	haven't our tyrannosauruses that have swum smiled ?	have our tyrannosauruses that swum smiled ?
SRC	hasn't her walrus that has giggled smiled ?	hasn't her walrus that giggled smiled ?
SRC	haven't your walruses who my ravens have remembered giggled ?	have your walruses who my ravens remembered giggled ? ?
SRC	hasn't the peacock that has moved accepted my unicorns ?	has the peacock that moved moved my unicorns ?
SRC	hasn't your xylophone that our newt has annoyed changed ?	has your xylophone that our newt annoyed hasn't changed ?
SRC	have my tyrannosauruses who the zebras haven't entertained changed ?	haven't my tyrannosauruses who the zebras entertained have changed ?
SRC	has the quail that hasn't accepted some yak smiled ?	hasn't the quail that some accepted some has smiled ?
SRC	hasn't the salamander that has amused the tyrannosauruses annoyed our walrus ?	has the salamander that amused the tyrannosauruses hasn't annoyed our walrus ?
SRC	have some walruses that haven't annoyed our vulture confused some salamander ?	haven't some walruses that annoyed our vulture confused some salamander ? ?
SRC	haven't our orangutans that have amused your orangutans amused her quail ?	have our orangutans that amused your orangutans haven't amused her quail ?
SRC	have your tyrannosauruses that my peacocks haven't remembered annoyed your salamanders ?	haven't your tyrannosauruses that my peacocks remembered have annoyed your salamanders ?
SRC	has my tyrannosaurus who her quail hasn't amused amused her quails ?	hasn't my tyrannosaurus who her quail amused has amused her quails ?
SRC	have your vultures that haven't annoyed her quails annoyed the quail behind her raven ?	haven't your vultures that her annoyed her quails have annoyed the quail behind her raven ?
SRC	hasn't her tyrannosaurus who has accepted some salamanders confused her salamanders with my yaks ?	has her tyrannosaurus who some accepted some salamanders hasn't confused her yaks with my yaks ?
SRC	have your unicorns who our orangutans haven't applauded admired some zebra behind the orangutans ?	haven't your unicorns who our orangutans applauded some admired some zebra behind the orangutans ?
SRC	has the zebra who the orangutan hasn't remembered admired our tyrannosauruses upon your yaks ?	hasn't the zebra who the orangutan remembered has admired our tyrannosauruses upon your yaks ?
SRC	haven't some salamanders who have amused her tyrannosaurus amused some zebras around your orangutan ?	have some salamanders who her amused her amused some zebras around your orangutan ?
SRC	haven't our yaks that your salamanders have admired comforted her peacock upon her peacocks ?	have our yaks that your salamanders admired her peacock comforted her peacocks upon her peacocks ?
SRC	have her salamanders that our tyrannosauruses haven't confused comforted some quail by your yak ?	haven't her salamanders that our tyrannosauruses confused have comforted some quail by your yak ?
SRC	haven't some yaks who have confused our orangutans remembered my newt below our quail ?	have some yaks who our orangutans confused remembered my newt below our quail below our quail
SRC	has her xylophone that our raven hasn't admired accepted some xylophone below your zebra ?	hasn't her xylophone that our raven admired has accepted some xylophone below your zebra ?
SRC	haven't her newts that have accepted our raven confused some unicorn behind our salamander ?	have her newts that our raven raven confused some unicorn behind our salamander behind our salamander
SRC	haven't your quails who have remembered her ravens comforted my salamander ?	have your quails who have remembered her comforted my salamander ? ?
SRC	haven't your zebras that have remembered our yaks annoyed our xylophone ?	have your zebras that remembered our yaks haven't annoyed our xylophone ?
SRC	hasn't the salamander who my unicorn has admired comforted her raven ?	has the salamander who my unicorn admired hasn't comforted her raven ?
SRC	hasn't my raven that my orangutan has comforted applauded the peacock ?	has my raven that my orangutan comforted applauded the peacock ? ?
SRC	has our xylophone who hasn't entertained some peacocks remembered her salamanders ?	hasn't our xylophone who some entertained some remembered her remembered her salamanders ?
SRC	has our orangutan who hasn't remembered our tyrannosauruses annoyed some quail above my zebra ?	hasn't our orangutan who our tyrannosauruses has annoyed some quail above my zebra ? ?
SRC	has her unicorn who hasn't accepted her unicorns accepted some vulture upon my orangutan ?	hasn't her unicorn who her accepted her accepted some vulture around my orangutan ?
SRC	has my quail who her walrus hasn't entertained remembered our tyrannosauruses behind her walruses ?	hasn't my quail who her walrus entertained has remembered our tyrannosauruses behind her walruses ?
SRC	have our quails that haven't applauded your ravens confused some walrus upon your peacock ?	haven't our quails that applauded your ravens confused some walrus upon your peacock ? ?
SRC	have my orangutans who haven't remembered your newt admired my xylophones behind my tyrannosaurus ?	haven't my orangutans who your newt your admired my xylophones behind my tyrannosaurus ?
SRC	have her peacocks who haven't comforted the tyrannosaurus read ?	haven't her peacocks who the comforted the tyrannosaurus read ?
SRC	hasn't some xylophone who has read entertained the xylophone ?	hasn't some xylophone who has entertained the xylophone ? ?
SRC	have my yaks who haven't annoyed my unicorns swum ?	haven't my yaks who annoyed my unicorns swum ?
SRC	hasn't her salamander that the raven has comforted moved ?	has her salamander that the raven comforted moved ?
SRC	have her quails who haven't annoyed some yak slept ?	haven't her quails who some yak have slept ? ?
SRC	have our orangutans that haven't waited changed ?	haven't our orangutans that have changed changed ?
SRC	hasn't our salamander who has moved slept ?	hasn't our salamander who moved ? slept ?
SRC	hasn't our unicorn that has giggled eaten ?	has our unicorn that giggled eaten ?
SRC	hasn't the peacock who has changed read ?	has the peacock who changed read ?
SRC	hasn't her walrus that has eaten slept ?	has her walrus that eaten eaten ?
SRC	haven't my peacocks that my yaks have remembered confused my tyrannosaurus upon my quail ?	have my peacocks that my yaks remembered haven't confused my tyrannosaurus upon my quail ?
SRC	hasn't our yak who my tyrannosaurus has applauded amused the tyrannosauruses around some newts ?	has our yak who my tyrannosaurus applauded the tyrannosauruses amused the newts around some newts ?
SRC	hasn't some zebra that has annoyed our ravens entertained your walrus behind our zebra ?	has some zebra that annoyed our ravens entertained your walrus behind our zebra ?
SRC	has some salamander that hasn't accepted the xylophones admired our ravens near your peacocks ?	hasn't some salamander that the accepted the admired our ravens near your peacocks ? ?
SRC	have my tyrannosauruses who haven't entertained some orangutans accepted some xylophone with some zebra ?	haven't my tyrannosauruses who some entertained some orangutans accepted some xylophone with some zebra ?
SRC	haven't your unicorns who have annoyed her walrus amused my quails ?	have your unicorns who annoyed her walrus haven't amused my quails ?
SRC	haven't the newts that have confused some ravens applauded our quail ?	have the newts that some ravens some ravens applauded our quail ?
SRC	has our yak who hasn't remembered your walrus amused some orangutans ?	hasn't our yak who your walrus amused has amused some orangutans ?
SRC	hasn't your unicorn that the raven has applauded amused her orangutan ?	has your unicorn that the raven applauded hasn't amused her orangutan ?
SRC	hasn't her salamander that some tyrannosaurus has accepted accepted our orangutan ?	has her salamander that some tyrannosaurus accepted hasn't accepted our orangutan ?
SRC	haven't some vultures that have amused her xylophone entertained the quail ?	have some vultures that her amused her entertained haven't entertained the quail ?
SRC	haven't the walruses who some salamanders have remembered annoyed our tyrannosauruses ?	have the walruses who some salamanders remembered haven't annoyed our tyrannosauruses ?
SRC	haven't her tyrannosauruses who have confused my unicorns accepted our xylophones ?	have her tyrannosauruses who my unicorns accepted haven't accepted our xylophones ?
SRC	have my vultures that your orangutans haven't annoyed entertained her walruses ?	haven't my vultures that your orangutans annoyed her entertained her walruses ?
SRC	have my yaks who her salamanders haven't amused annoyed your yak ?	haven't my yaks who her salamanders amused have annoyed your yak ?
SRC	have your unicorns that the quails haven't remembered annoyed her peacocks ?	haven't your unicorns that the quails remembered her annoyed her peacocks ?
SRC	have my orangutans that some orangutans haven't amused remembered some yaks ?	haven't my orangutans that some orangutans amused remembered some yaks ? ?
SRC	has some zebra who your vulture hasn't annoyed entertained some ravens ?	hasn't some zebra who your vulture annoyed has entertained some ravens ?
SRC	have her zebras that haven't confused the walruses applauded my xylophone ?	haven't her zebras that the confused the walruses have applauded my xylophone ?
SRC	hasn't my yak who some salamander has entertained confused our tyrannosauruses ?	has my yak who some salamander entertained hasn't confused our tyrannosauruses ?
SRC	has the zebra that hasn't annoyed my orangutan applauded our salamander ?	hasn't the zebra that annoyed my orangutan has applauded our salamander ?
SRC	hasn't some peacock that has applauded some unicorn confused your vulture ?	has some peacock that applauded some unicorn confused your vulture ? ?
SRC	have our walruses who our peacocks haven't accepted annoyed your unicorn ?	haven't our walruses who our peacocks accepted have annoyed your unicorn ?
SRC	has my yak that hasn't remembered the zebra moved ?	hasn't my yak that remembered the zebra has moved ? ?
SRC	hasn't our quail that your quail has accepted changed ?	has our quail that your quail accepted hasn't changed ? ?
SRC	hasn't our salamander that has smiled applauded my quail ?	hasn't our salamander that smiled applauded applauded my quail ?
SRC	have some zebras that haven't applauded our peacock smiled ?	haven't some zebras that applauded our peacock have smiled ?
SRC	has her xylophone who hasn't smiled confused my xylophone ?	hasn't her xylophone who smiled smiled confused my xylophone ?
SRC	hasn't your salamander who our vulture has annoyed changed ?	has your salamander who our vulture annoyed hasn't changed ?
SRC	haven't some ravens who have admired the peacocks giggled ?	have some ravens who the admired the peacocks giggled ?
SRC	has my salamander who hasn't applauded her orangutan giggled ?	hasn't my salamander who applauded her orangutan has giggled ?
SRC	haven't some orangutans who have giggled accepted the zebras ?	have some orangutans who giggled accepted the zebras ? ?
SRC	hasn't your unicorn that has accepted my unicorns slept ?	has your unicorn that accepted my unicorns slept ? ?
SRC	have the xylophones that haven't amused my peacocks slept ?	haven't the xylophones that amused my peacocks slept ? ?
SRC	haven't my yaks who the unicorns have remembered moved ?	have my yaks who the unicorns remembered haven't moved ?
SRC	have our newts that haven't comforted her xylophones swum ?	haven't our newts that comforted her xylophones have swum ?
SRC	haven't her zebras who my orangutans have accepted swum ?	have her zebras who my orangutans accepted haven't swum ?
SRC	haven't my vultures who have remembered her zebra read ?	have my vultures who have her zebra read ? ?
SRC	has the vulture who the vulture hasn't remembered swum ?	hasn't the vulture who the vulture remembered has swum ?
SRC	have her zebras who haven't moved comforted our yaks ?	haven't her zebras who moved ? comforted our yaks ?
SRC	haven't my newts who have waited amused some newt ?	have my newts who have amused some newt ? ?
SRC	have your newts who haven't admired our raven smiled ?	haven't your newts who our raven admired our smiled ?
SRC	hasn't the peacock that your zebra has annoyed changed ?	has the peacock that your zebra annoyed hasn't changed ?
SRC	haven't the ravens that your ravens have entertained smiled ?	have the ravens that your ravens entertained haven't smiled ?
SRC	has some quail who hasn't admired some walruses changed ?	hasn't some quail who some walruses some walruses has changed ?
SRC	have the ravens that haven't applauded her xylophone waited ?	haven't the ravens that applauded her xylophone waited ? ?
SRC	hasn't her peacock that has entertained some unicorn eaten ?	has her peacock that some entertained some unicorn eaten ?
SRC	hasn't my quail who has amused your zebras slept ?	has my quail who your zebras amused your slept ?
SRC	have our zebras who my ravens haven't comforted giggled ?	haven't our zebras who my ravens comforted giggled ? ?
SRC	haven't some zebras who some newts have entertained slept ?	have some zebras who some newts entertained haven't slept ?
SRC	haven't my xylophones that have smiled slept ?	have my xylophones that smiled smiled ?
SRC	hasn't our raven who has giggled smiled ?	hasn't our raven who giggled smiled ?
SRC	haven't her zebras that have smiled smiled ?	have her zebras that smiled smiled smiled ?
SRC	have the tyrannosauruses that haven't read read ?	haven't the tyrannosauruses that read read ?
SRC	has our unicorn that hasn't smiled eaten ?	hasn't our unicorn that smiled eaten ?
SRC	haven't the quails who have admired the ravens waited ?	have the quails who the admired the waited ? ?
SRC	haven't her unicorns who have swum comforted my xylophone ?	have her unicorns who have comforted my xylophone ? ?
SRC	has the vulture that hasn't smiled annoyed her peacocks ?	hasn't the vulture that smiled smiled her peacocks ? ?
SRC	has some unicorn that hasn't waited entertained my newts ?	hasn't some unicorn that waited waited my newts ? ?
SRC	haven't my newts that have comforted her peacock waited ?	have my newts that comforted her peacock haven't waited ?
SRC	has our newt who your tyrannosaurus hasn't confused eaten ?	hasn't our newt who your tyrannosaurus confused has eaten ?
SRC	have our salamanders that the zebras haven't applauded smiled ?	haven't our salamanders that the zebras applauded applauded smiled ?
SRC	haven't the quails who your zebras have confused slept ?	have the quails who your zebras confused haven't slept ?
SRC	hasn't your tyrannosaurus who has remembered some xylophones waited ?	has your tyrannosaurus who some xylophones some waited ? ?
SRC	hasn't some vulture that has giggled confused our newt ?	has some vulture that giggled confused our newt ? ?
SRC	has your quail who my orangutan hasn't applauded moved ?	hasn't your quail who my orangutan applauded has moved ?
SRC	haven't our salamanders who my yaks have confused slept ?	have our salamanders who my yaks confused haven't slept ?
SRC	hasn't the unicorn that the vulture has applauded waited ?	has the unicorn that the vulture applauded hasn't waited ?
SRC	hasn't our newt who has slept applauded the newt ?	hasn't our newt who slept applauded applauded the newt ?
SRC	have your unicorns who haven't confused her raven eaten ?	haven't your unicorns who her confused her eaten ?
SRC	have my newts who haven't remembered my ravens comforted our yak near the zebra ?	haven't my newts who remembered my ravens have comforted our yak near the zebra ?
SRC	hasn't some newt that has applauded my ravens entertained the quails near her xylophone ?	has some newt that applauded my ravens entertained hasn't entertained the xylophone near her xylophone ?
SRC	has my orangutan that her vulture hasn't admired remembered my tyrannosaurus with her quail ?	hasn't my orangutan that her vulture admired has remembered my tyrannosaurus with her quail ?
SRC	haven't some quails who some salamanders have annoyed amused our salamander below the walruses ?	have some quails who some salamanders annoyed our amused our salamander below the walruses ?
SRC	have some quails that my ravens haven't comforted admired some newt with the zebras ?	haven't some quails that my ravens comforted some admired some newt with the zebras ?
SRC	have the orangutans who haven't waited applauded our tyrannosaurus above our xylophones ?	haven't the orangutans who have applauded our tyrannosaurus above our xylophones ? ?
SRC	haven't some tyrannosauruses who have admired some quails accepted some salamanders ?	have some tyrannosauruses who some admired some accepted some salamanders accepted ? ?
SRC	have her newts who your orangutans haven't applauded confused your walruses ?	haven't her newts who your orangutans applauded have confused your walruses ? ?
SRC	haven't your orangutans that have annoyed some newts entertained the raven ?	have your orangutans that some newts newts entertained haven't entertained the raven ?
SRC	have her xylophones that haven't remembered some walrus comforted my quail ?	haven't her xylophones that remembered some walrus comforted my quail ? ?
SRC	has the peacock that your orangutan hasn't entertained entertained our quail ?	hasn't the peacock that your orangutan entertained has entertained our quail ?
SRC	hasn't her zebra that has confused her quails amused my tyrannosauruses ?	has her zebra that her confused her amused my tyrannosauruses ? ?
SRC	haven't my tyrannosauruses who have admired her unicorns remembered your quail ?	have my tyrannosauruses who her admired her remembered your quail ? ?
SRC	haven't some vultures that have entertained my orangutans applauded her vultures ?	have some vultures that my entertained my orangutans applauded her vultures ?
SRC	have her yaks that my zebras haven't amused admired her yaks ?	haven't her yaks that my zebras amused have admired her yaks ?
SRC	have my walruses who haven't amused my yak changed ?	haven't my walruses who my yak have changed ?
SRC	have your unicorns that her orangutans haven't comforted swum ?	haven't your unicorns that her orangutans comforted swum ?
SRC	hasn't my unicorn who your quail has comforted moved ?	has my unicorn who your quail comforted hasn't moved ?
SRC	have the tyrannosauruses that haven't slept accepted our walrus ?	haven't the tyrannosauruses that have accepted our walrus ? ?
SRC	has our quail that hasn't annoyed her xylophone swum ?	hasn't our quail that her annoyed her swum ? ?
SRC	has her xylophone that hasn't read entertained some yaks upon our peacocks ?	hasn't her xylophone that has entertained some yaks upon our peacocks ? ?
SRC	hasn't her walrus that has eaten annoyed our ravens below your zebra ?	has her walrus that eaten eaten annoyed our ravens below your zebra ?
SRC	has our walrus that hasn't changed remembered her raven above some zebra ?	hasn't our walrus that changed remembered her raven above some zebra ? ?
SRC	has my quail who hasn't moved annoyed your walruses behind our peacocks ?	hasn't my quail who moved moved your walruses behind our walruses ? ?
SRC	hasn't your yak who has read entertained your salamanders with our quail ?	hasn't your yak who has entertained your salamanders with our with our ?
SRC	has our quail that hasn't applauded some zebra annoyed my walrus upon her vulture ?	hasn't our quail that applauded some zebra annoyed my walrus upon her vulture ?
SRC	hasn't some raven that has applauded her zebras amused your zebras above the vulture ?	has some raven that applauded her zebras hasn't amused your zebras above the vulture ?
SRC	haven't my zebras who my ravens have annoyed applauded her peacock near your xylophone ?	have my zebras who my ravens annoyed haven't applauded her peacock near your xylophone ?
SRC	have her orangutans who haven't admired our walruses confused her vultures behind my quail ?	haven't her orangutans who our walruses confused have confused her vultures behind my quail ?
SRC	hasn't my tyrannosaurus that has amused your salamander remembered my peacock around some salamanders ?	has my tyrannosaurus that amused your salamander hasn't remembered my peacock around some salamanders ?
SRC	haven't the walruses that some xylophones have annoyed giggled ?	have the walruses that some xylophones annoyed giggled ? ?
SRC	have my quails that haven't applauded my yak eaten ?	haven't my quails that applauded my yak have eaten ?
SRC	haven't the unicorns that some orangutans have confused smiled ?	have the unicorns that some orangutans confused smiled ? ?
SRC	haven't my zebras that our zebras have remembered waited ?	have my zebras that our zebras remembered haven't waited ?
SRC	hasn't some tyrannosaurus who has applauded my peacocks changed ?	has some tyrannosaurus who applauded my peacocks changed ? ?
SRC	haven't your newts that have accepted my quails read ?	have your newts that accepted my quails haven't read ?
SRC	has our walrus who our salamander hasn't amused smiled ?	hasn't our walrus who our salamander amused has smiled ?
SRC	hasn't the vulture who our vulture has amused eaten ?	has the vulture who our vulture amused hasn't eaten ?
SRC	has some salamander that the newt hasn't remembered read ?	hasn't some salamander that the newt remembered has read ?
SRC	has some zebra who hasn't annoyed her orangutans waited ?	hasn't some zebra who her annoyed her waited ? ?
SRC	has the yak that hasn't annoyed her xylophones entertained our yaks with my vultures ?	hasn't the yak that her xylophones entertained has entertained our yaks with my vultures ?
SRC	have your zebras who your orangutans haven't entertained entertained our newts with our zebras ?	haven't your zebras who your orangutans entertained have entertained our newts with our zebras ?
SRC	has the unicorn who my peacock hasn't admired entertained some unicorns by her peacocks ?	hasn't the unicorn who my peacock admired has entertained some unicorns by her peacocks ?
SRC	hasn't the raven that has admired my peacocks remembered my salamanders upon the salamanders ?	has the raven that admired my peacocks remembered my salamanders upon the salamanders ?
SRC	hasn't your quail that has entertained her tyrannosaurus confused our zebra with some vulture ?	has your quail that her entertained her tyrannosaurus hasn't confused our vulture with some vulture ?
SRC	have our walruses who haven't annoyed some unicorns accepted my peacock ?	haven't our walruses who annoyed some unicorns accepted my peacock ? ?
SRC	hasn't my vulture that has admired my walrus confused my newts ?	has my vulture that admired my walrus hasn't confused my newts ?
SRC	have your salamanders that haven't accepted the vulture admired her walrus ?	haven't your salamanders that the accepted the vulture admired her walrus ?
SRC	have her ravens that haven't confused the quails amused my peacock ?	haven't her ravens that the confused the quails amused my peacock ?
SRC	have the salamanders that haven't confused her walruses annoyed the vulture ?	haven't the salamanders that her confused her annoyed the annoyed the vulture ?
SRC	haven't some walruses that have changed swum ?	have some walruses that changed swum ?
SRC	have my vultures that haven't smiled eaten ?	haven't my vultures that smiled smiled eaten ?
SRC	hasn't my quail who has waited read ?	hasn't my quail who has read ?
SRC	haven't my peacocks who have smiled changed ?	have my peacocks who smiled changed changed ?
SRC	has your newt who hasn't slept giggled ?	hasn't your newt who slept giggled ?
SRC	haven't our zebras who have applauded my quail waited ?	have our zebras who applauded my quail haven't waited ?
SRC	hasn't the walrus that has entertained her salamanders eaten ?	has the walrus that her entertained her eaten ?
SRC	have her quails who my quails haven't remembered smiled ?	haven't her quails who my quails remembered have smiled ?
SRC	hasn't our quail that has remembered my unicorn swum ?	has our quail that remembered my unicorn swum ?
SRC	has the tyrannosaurus that hasn't comforted my newts smiled ?	hasn't the tyrannosaurus that comforted my newts has smiled ?
SRC	has my raven who hasn't admired our orangutan accepted some zebras ?	hasn't my raven who our orangutan has accepted some zebras ? ?
SRC	have our tyrannosauruses who haven't entertained your yaks confused some ravens ?	haven't our tyrannosauruses who your yaks confused have confused some ravens ?
SRC	hasn't our peacock that has admired your peacocks entertained our tyrannosaurus ?	has our peacock that your peacocks admired your entertained our tyrannosaurus ?
SRC	haven't our zebras that my peacocks have amused remembered some yaks ?	have our zebras that my peacocks amused haven't remembered some yaks ?
SRC	have my yaks who the quails haven't remembered confused your yaks ?	haven't my yaks who the quails remembered have confused your yaks ?
SRC	hasn't the tyrannosaurus that some vulture has comforted confused her vultures by some quails ?	has the tyrannosaurus that some vulture comforted confused her vultures by some quails ?
SRC	haven't my vultures that have swum admired my raven behind our unicorn ?	have my vultures that swum admired my raven behind our unicorn ? ?
SRC	hasn't my peacock who has waited remembered some raven by your xylophone ?	hasn't my peacock who has remembered some raven by your xylophone ? ?
SRC	has our orangutan who hasn't read admired the tyrannosaurus above some walruses ?	hasn't our orangutan who has admired the tyrannosaurus the tyrannosaurus above some walruses ?
SRC	haven't her tyrannosauruses that have eaten admired our vultures below the salamander ?	have her tyrannosauruses that eaten eaten admired our vultures below the salamander ? ?
SRC	haven't the quails that have moved annoyed the newt with my salamander ?	have the quails that moved moved the newt with my salamander ? ?
SRC	haven't our salamanders that have slept confused the walrus upon our raven ?	have our salamanders that have confused the walrus upon our raven ? ?
SRC	have the tyrannosauruses that haven't moved entertained my vultures with your zebra ?	haven't the tyrannosauruses that moved moved my vultures with your zebra ? ?
SRC	hasn't her raven who has giggled applauded your unicorns around her tyrannosaurus ?	hasn't her raven who giggled applauded your unicorns around her tyrannosaurus around her tyrannosaurus
SRC	has her vulture that hasn't swum admired your vulture by some orangutan ?	hasn't her vulture that swum admired your vulture by some vulture ? ?
SRC	haven't her xylophones that have remembered our yaks changed ?	have her xylophones that remembered our yaks haven't changed ?
SRC	has our raven who some raven hasn't admired swum ?	hasn't our raven who some raven admired has swum ?
SRC	haven't her vultures that have annoyed your vultures waited ?	have her vultures that your annoyed your waited ? ?
SRC	haven't my tyrannosauruses that have remembered some unicorns giggled ?	have my tyrannosauruses that remembered some unicorns giggled ? ?
SRC	hasn't the vulture who has waited entertained the quails ?	hasn't the vulture who has entertained the quails ? ?
SRC	has the walrus that her quail hasn't comforted applauded my yaks near your peacocks ?	hasn't the walrus that her quail comforted applauded my yaks near your peacocks ? ?
SRC	have some ravens that the orangutans haven't amused amused my walruses behind her zebra ?	haven't some ravens that the orangutans amused have amused my walruses behind her zebra ?
SRC	hasn't my unicorn that her tyrannosaurus has applauded admired her ravens upon our ravens ?	has my unicorn that her tyrannosaurus applauded hasn't admired her ravens upon our ravens ?
SRC	have your unicorns that haven't entertained our salamander comforted your unicorn near your unicorn ?	haven't your unicorns that entertained our salamander have comforted your unicorn near your unicorn ?
SRC	hasn't her walrus who my tyrannosaurus has amused entertained my unicorns below our peacocks ?	has her walrus who my tyrannosaurus amused hasn't entertained my unicorns below our peacocks ?
SRC	hasn't my zebra that has giggled read ?	has my zebra that giggled read ?
SRC	have her yaks who haven't changed swum ?	haven't her yaks who changed swum ?
SRC	hasn't my orangutan that has moved read ?	has my orangutan that moved moved ?
SRC	has my walrus that hasn't changed slept ?	hasn't my walrus that changed slept ?
SRC	has our newt who hasn't changed changed ?	hasn't our newt who changed changed changed ?
SRC	have her ravens who haven't changed remembered my peacock behind our vultures ?	haven't her ravens who changed remembered my peacock behind our peacock ? ?
SRC	have my vultures who haven't moved accepted her unicorns with the vultures ?	haven't my vultures who moved moved accepted her unicorns with the vultures ?
SRC	has some quail who hasn't read remembered some yak by some vulture ?	hasn't some quail who read remembered some yak by some vulture ? ?
SRC	hasn't her quail who has changed comforted the newts near her vulture ?	hasn't her quail who changed comforted the newts near her vulture ? ?
SRC	has our walrus who hasn't read remembered her unicorns above our tyrannosauruses ?	hasn't our walrus who read remembered her unicorns above our tyrannosauruses above ?
SRC	have your vultures who haven't accepted my unicorns giggled ?	haven't your vultures who accepted my unicorns giggled ? ?
SRC	haven't the ravens who have applauded our salamander changed ?	have the ravens who applauded our salamander changed ? ?
SRC	haven't my vultures who some ravens have comforted changed ?	have my vultures who some ravens comforted haven't changed ?
SRC	hasn't my newt who has comforted her tyrannosauruses giggled ?	has my newt who comforted her tyrannosauruses hasn't giggled ?
SRC	have her walruses who the newts haven't entertained smiled ?	haven't her walruses who the newts entertained have smiled ?
SRC	have some unicorns who haven't entertained some tyrannosaurus moved ?	haven't some unicorns who entertained some tyrannosaurus have moved ?
SRC	haven't my xylophones that the orangutans have comforted moved ?	have my xylophones that the orangutans comforted haven't moved ?
SRC	has our salamander that her vulture hasn't entertained waited ?	hasn't our salamander that her vulture entertained has waited ?
SRC	haven't your xylophones that some orangutans have amused giggled ?	have your xylophones that some orangutans amused giggled ? ?
SRC	hasn't our tyrannosaurus who has admired our yaks changed ?	has our tyrannosaurus who our yaks yaks changed ?
SRC	hasn't your orangutan that has waited slept ?	hasn't your orangutan that waited waited ?
SRC	has some raven who hasn't changed moved ?	hasn't some raven who changed moved ?
SRC	has my raven who hasn't changed giggled ?	hasn't my raven who changed giggled ?
SRC	haven't the quails that have waited eaten ?	have the quails that have eaten ?
SRC	hasn't our orangutan who has eaten slept ?	hasn't our orangutan who eaten eaten ?
SRC	hasn't your vulture who our quail has confused amused our newts with the vulture ?	has your vulture who our quail confused our amused our newts with the vulture ?
SRC	has her unicorn who hasn't applauded her newt annoyed your xylophone with some salamander ?	hasn't her unicorn who applauded her newt has annoyed your xylophone with some salamander ?
SRC	have some peacocks that haven't confused some newt annoyed my ravens upon our vulture ?	haven't some peacocks that some confused some annoyed my ravens upon our vulture ? ?
SRC	has your salamander that hasn't comforted my xylophones accepted my unicorn above the yaks ?	hasn't your salamander that comforted my xylophones has accepted my unicorn above the yaks ?
SRC	have some unicorns that haven't comforted your yaks remembered her yaks above our raven ?	haven't some unicorns that comforted your yaks have remembered her yaks above our raven ?
SRC	has your yak who hasn't swum swum ?	hasn't your yak who swum swum ?
SRC	hasn't her salamander who has giggled moved ?	hasn't her salamander who giggled moved ?
SRC	have some orangutans who haven't slept changed ?	haven't some orangutans who slept changed changed ?
SRC	has her orangutan that hasn't moved swum ?	hasn't her orangutan that moved moved swum ?
SRC	have the ravens who haven't moved slept ?	haven't the ravens who moved ? slept ?
SRC	have my yaks who haven't slept comforted her walruses with some quail ?	haven't my yaks who have comforted her walruses with some walruses ? ?
SRC	haven't my xylophones that have eaten accepted the newts below my vultures ?	have my xylophones that eaten eaten accepted the newts below my vultures ?
SRC	haven't my yaks that have slept amused some newt below her tyrannosauruses ?	have my yaks that haven't amused some newt below her newt ? ?
SRC	hasn't the walrus that has giggled confused our walrus upon her orangutans ?	hasn't the walrus that giggled confused our walrus upon her orangutans ? ?
SRC	haven't my peacocks that have changed confused my newts upon the vultures ?	have my peacocks that have confused my newts upon the vultures ? ?
SRC	hasn't our peacock who some unicorn has confused accepted our newts around your walruses ?	has our peacock who some unicorn confused hasn't accepted our newts around your walruses ?
SRC	have my salamanders who the xylophones haven't remembered confused our peacock around the peacock ?	haven't my salamanders who the xylophones remembered have confused our peacock around the peacock ?
SRC	has some unicorn that some orangutan hasn't admired applauded our raven with some tyrannosaurus ?	hasn't some unicorn that some orangutan admired has applauded our raven with some tyrannosaurus ?
SRC	hasn't the vulture who your xylophone has admired entertained the orangutans upon your quail ?	has the vulture who your xylophone admired hasn't entertained the orangutans upon your quail ?
SRC	has my orangutan who our vulture hasn't accepted entertained our newts around her orangutan ?	hasn't my orangutan who our vulture accepted has entertained our newts around her orangutan ?
SRC	have her newts who haven't comforted some vultures moved ?	haven't her newts who some comforted some vultures moved ?
SRC	have the xylophones who haven't applauded the zebra read ?	haven't the xylophones who applauded the zebra read ? ?
SRC	have your ravens who haven't changed admired the vultures ?	haven't your ravens who changed admired the vultures ? ?
SRC	haven't some unicorns who the peacocks have entertained swum ?	have some unicorns who the peacocks entertained haven't swum ?
SRC	haven't your unicorns that have swum applauded our tyrannosauruses ?	have your unicorns that swum applauded applauded our tyrannosauruses ?
SRC	has some peacock that hasn't accepted our ravens swum ?	hasn't some peacock that accepted our ravens has swum ?
SRC	haven't the unicorns who have read annoyed your orangutan ?	have the unicorns who have annoyed your orangutan ? ?
SRC	haven't the ravens who my peacocks have comforted slept ?	have the ravens who my peacocks comforted haven't slept ?
SRC	haven't my vultures who the xylophones have comforted giggled ?	have my vultures who the xylophones comforted giggled ? ?
SRC	haven't some zebras who have remembered your orangutans smiled ?	have some zebras who your remembered your orangutans smiled ?
SRC	has our xylophone that your walrus hasn't confused moved ?	hasn't our xylophone that your walrus confused has moved ?
SRC	has my xylophone that the tyrannosaurus hasn't accepted swum ?	hasn't my xylophone that the tyrannosaurus accepted has swum ?
SRC	hasn't some salamander that has annoyed the peacocks eaten ?	has some salamander that annoyed the peacocks hasn't eaten ?
SRC	haven't our salamanders that have moved accepted the zebra ?	have our salamanders that have accepted the zebra ? ?
SRC	hasn't your salamander who your orangutan has applauded changed ?	has your salamander who your orangutan applauded changed ? ?
SRC	haven't our yaks who some vultures have annoyed smiled ?	have our yaks who some vultures annoyed haven't smiled ?
SRC	has your vulture who hasn't comforted our quail eaten ?	hasn't your vulture who our comforted our has eaten ?
SRC	have the zebras that haven't giggled accepted your newt ?	haven't the zebras that giggled accepted your newt ? ?
SRC	has her orangutan who hasn't accepted your zebras eaten ?	hasn't her orangutan who your zebras accepted has eaten ?
SRC	haven't our ravens who have applauded my unicorns slept ?	have our ravens who applauded my unicorns haven't slept ?
SRC	haven't our unicorns that have accepted our quails remembered my orangutans ?	have our unicorns that accepted our quails haven't remembered my orangutans ?
SRC	has your newt that our tyrannosaurus hasn't comforted amused my raven ?	hasn't your newt that our tyrannosaurus comforted has amused my raven ?
SRC	hasn't your raven who my unicorn has applauded applauded the unicorns ?	has your raven who my unicorn applauded applauded the unicorns ? ?
SRC	hasn't our zebra that has confused her peacock annoyed the unicorn ?	has our zebra that her peacock confused hasn't annoyed the unicorn ?
SRC	haven't your salamanders who our unicorns have admired admired your orangutan ?	have your salamanders who our unicorns admired admired your orangutan ? ?
SRC	hasn't her salamander who our peacock has admired eaten ?	has her salamander who our peacock admired hasn't eaten ?
SRC	has our walrus who hasn't eaten remembered her ravens ?	hasn't our walrus who eaten eaten remembered her ravens ?
SRC	hasn't our xylophone that has applauded some unicorns giggled ?	has our xylophone that applauded some unicorns giggled ? ?
SRC	have her ravens who our peacocks haven't applauded changed ?	haven't her ravens who our peacocks applauded have changed ?
SRC	have my vultures who our quails haven't entertained read ?	haven't my vultures who our quails entertained have read ?
SRC	hasn't my unicorn who has swum slept ?	has my unicorn who swum slept ?
SRC	has her vulture who hasn't smiled swum ?	hasn't her vulture who smiled swum ?
SRC	have our yaks that haven't moved smiled ?	haven't our yaks that moved moved ?
SRC	haven't our xylophones that have giggled moved ?	have our xylophones that giggled moved ?
SRC	have her xylophones that haven't changed slept ?	haven't her xylophones that changed slept ?
SRC	have my tyrannosauruses that the yaks haven't remembered slept ?	haven't my tyrannosauruses that the yaks remembered have slept ?
SRC	have my orangutans that some newts haven't applauded slept ?	haven't my orangutans that some newts applauded slept ? ?
SRC	haven't some peacocks who my tyrannosauruses have applauded slept ?	have some peacocks who my tyrannosauruses applauded haven't slept ?
SRC	hasn't her xylophone that her zebra has applauded eaten ?	has her xylophone that her zebra applauded hasn't eaten ?
SRC	have the tyrannosauruses that haven't giggled waited ?	haven't the tyrannosauruses that giggled waited ? ? ?
SRC	haven't some tyrannosauruses that have amused my tyrannosauruses waited ?	have some tyrannosauruses that have amused my waited ?
SRC	have some quails that haven't remembered her newts waited ?	haven't some quails that remembered her newts have waited ?
SRC	have our zebras that haven't entertained our zebras waited ?	haven't our zebras that our zebras our zebras waited ?
SRC	has your yak that your yak hasn't annoyed giggled ?	hasn't your yak that your yak annoyed has giggled ?
SRC	has your xylophone who her walrus hasn't applauded swum ?	hasn't your xylophone who her walrus applauded has swum ?
SRC	haven't her tyrannosauruses that your zebras have applauded moved ?	have her tyrannosauruses that your zebras applauded applauded ? ?
SRC	has your peacock that my yak hasn't accepted smiled ?	hasn't your peacock that my yak accepted has smiled ?
SRC	hasn't some yak that her vulture has comforted giggled ?	has some yak that her vulture comforted my giggled ?
SRC	have her salamanders that haven't remembered our salamanders read ?	haven't her salamanders that our salamanders salamanders have read ?
SRC	haven't some zebras who have annoyed your vulture giggled ?	have some zebras who your vulture vulture giggled ? ?
SRC	has my quail that hasn't confused the orangutans remembered your peacock above her xylophone ?	hasn't my quail that the confused the orangutans remembered your peacock above her xylophone ?
SRC	hasn't our zebra who has entertained our newts remembered her vulture below my quail ?	has our zebra who entertained our newts remembered her remembered her quail below my quail ?
SRC	have the tyrannosauruses who my newts haven't comforted entertained some newt behind some tyrannosaurus ?	haven't the tyrannosauruses who my newts comforted some entertained some newt behind some tyrannosaurus ?
SRC	hasn't your raven who has accepted her unicorns accepted my xylophones near her newt ?	has your raven who her accepted her accepted my xylophones near her newt ?
SRC	haven't some tyrannosauruses who have entertained our tyrannosaurus applauded your tyrannosauruses around the walruses ?	have some tyrannosauruses who entertained our tyrannosaurus applauded your tyrannosauruses around the walruses around the walruses
SRC	has some walrus that hasn't smiled remembered your zebras ?	hasn't some walrus that smiled smiled remembered your zebras ?
SRC	have some walruses who her zebras haven't admired moved ?	haven't some walruses who her zebras admired have moved ?
SRC	haven't your peacocks that have entertained some salamander eaten ?	have your peacocks that some entertained some eaten ? ?
SRC	haven't her salamanders who the unicorns have applauded smiled ?	have her salamanders who the unicorns applauded applauded smiled ?
SRC	has your peacock who hasn't annoyed our unicorns read ?	hasn't your peacock who annoyed our unicorns read ? ?
SRC	has some peacock that hasn't giggled read ?	hasn't some peacock that giggled read ?
SRC	have your salamanders who haven't swum giggled ?	haven't your salamanders who swum giggled ?
SRC	hasn't her salamander that has smiled giggled ?	has her salamander that smiled smiled giggled ?
SRC	has her newt who hasn't changed eaten ?	hasn't her newt who changed eaten ?
SRC	has some unicorn that hasn't moved read ?	hasn't some unicorn that moved ? read ?
SRC	have your quails who haven't applauded her peacocks waited ?	haven't your quails who applauded her peacocks waited ? ?
SRC	has our yak who hasn't comforted some peacocks changed ?	hasn't our yak who some peacocks some changed ? ?
SRC	has my xylophone that some newt hasn't entertained giggled ?	hasn't my xylophone that some newt entertained has giggled ?
SRC	has her unicorn who hasn't remembered our vultures moved ?	hasn't her unicorn who our vultures our vultures ? ?
SRC	have some salamanders that our peacocks haven't amused giggled ?	haven't some salamanders that our peacocks amused have giggled ?
SRC	haven't her peacocks who have amused our newts waited ?	have her peacocks who our amused our newts waited ?
SRC	hasn't my raven that some salamander has entertained moved ?	has my raven that some salamander entertained hasn't moved ?
SRC	has the raven who hasn't swum annoyed our xylophone ?	hasn't the raven who swum annoyed our xylophone ? ?
SRC	haven't my unicorns who her salamanders have admired giggled ?	have my unicorns who her salamanders admired admired giggled ?
SRC	has some walrus that hasn't eaten comforted the salamanders ?	hasn't some walrus that eaten eaten ? the salamanders ?
SRC	has your unicorn that hasn't swum smiled ?	hasn't your unicorn that swum smiled ?
SRC	haven't the xylophones that have smiled eaten ?	have the xylophones that smiled smiled eaten ?
SRC	hasn't our yak who has waited moved ?	hasn't our yak who waited waited ?
SRC	haven't the vultures who have read giggled ?	have the vultures who have giggled giggled ?
SRC	have my vultures who haven't smiled slept ?	haven't my vultures who smiled ? slept ?
SRC	hasn't my newt that has comforted some raven comforted our vulture above her tyrannosauruses ?	has my newt that comforted some raven hasn't comforted our vulture above her tyrannosauruses ?
SRC	hasn't the zebra that has accepted our unicorns entertained the walrus below the orangutans ?	has the zebra that accepted our unicorns entertained hasn't entertained the orangutans below the orangutans ?
SRC	have the yaks who our ravens haven't accepted remembered her zebra by her yaks ?	haven't the yaks who our ravens accepted have remembered her zebra by her yaks ?
SRC	haven't our yaks that have confused my yak applauded our tyrannosauruses upon the yak ?	have our yaks that my yak applauded our tyrannosauruses applauded our yak upon the yak ?
SRC	has my quail who hasn't confused the ravens entertained her yak with her walruses ?	hasn't my quail who the confused the ravens entertained her yak with her walruses ?
SRC	haven't our vultures who have waited accepted my quail ?	have our vultures who have accepted my quail ? ?
SRC	hasn't the salamander who my orangutan has applauded eaten ?	has the salamander who my orangutan applauded her eaten ?
SRC	haven't some orangutans who my ravens have amused giggled ?	have some orangutans who my ravens amused giggled ? ?
SRC	have my salamanders that our salamanders haven't entertained eaten ?	haven't my salamanders that our salamanders entertained have eaten ?
SRC	has our walrus that her salamander hasn't annoyed swum ?	hasn't our walrus that her salamander annoyed swum ? ?
SRC	have your quails that your zebras haven't accepted giggled ?	haven't your quails that your zebras accepted have giggled ?
SRC	have some peacocks who your xylophones haven't accepted slept ?	haven't some peacocks who your xylophones accepted have slept ?
SRC	haven't her salamanders who have swum amused my newt ?	have her salamanders who have swum amused my newt ?
SRC	have the salamanders that haven't entertained my xylophones giggled ?	haven't the salamanders that my entertained my xylophones giggled ?
SRC	has your tyrannosaurus that hasn't entertained my zebras eaten ?	hasn't your tyrannosaurus that my entertained my has eaten ?
SRC	haven't some tyrannosauruses who have changed remembered my quails near her unicorn ?	have some tyrannosauruses who changed remembered my quails near her unicorn ? ?
SRC	have the vultures that haven't moved accepted my peacocks below your orangutan ?	haven't the vultures that moved moved my peacocks below your orangutan below ?
SRC	haven't her zebras who have eaten comforted some yaks with some unicorns ?	have her zebras who eaten eaten eaten some yaks with some unicorns ?
SRC	hasn't her walrus who has slept comforted your xylophone with our orangutans ?	hasn't her walrus who slept comforted your xylophone with our orangutans ? ?
SRC	have the orangutans who haven't changed comforted her orangutans by some vulture ?	haven't the orangutans who changed comforted her orangutans by some orangutans ? ?
SRC	haven't the zebras who your quails have amused swum ?	have the zebras who your quails amused haven't swum ?
SRC	haven't her salamanders who have smiled entertained our salamanders ?	have her salamanders who smiled entertained our salamanders ? ?
SRC	has my zebra that your zebra hasn't annoyed giggled ?	hasn't my zebra that your zebra annoyed has giggled ?
SRC	haven't her ravens that our orangutans have comforted waited ?	have her ravens that our orangutans comforted haven't waited ?
SRC	hasn't your xylophone that her quail has admired waited ?	has your xylophone that her quail admired hasn't waited ?
SRC	have some zebras that haven't remembered my zebras read ?	haven't some zebras that remembered my zebras have read ?
SRC	haven't our zebras who some orangutans have comforted slept ?	have our zebras who some orangutans comforted haven't slept ?
SRC	have some peacocks who haven't applauded some raven moved ?	haven't some peacocks who applauded some raven moved ?
SRC	have my unicorns that her vultures haven't confused slept ?	haven't my unicorns that her vultures confused have slept ?
SRC	hasn't my vulture that has applauded our salamander changed ?	has my vulture that applauded our salamander hasn't changed ?
SRC	hasn't the zebra that my yak has confused moved ?	has the zebra that my yak confused hasn't moved ?
SRC	haven't our quails who some xylophones have confused giggled ?	have our quails who some xylophones confused giggled ? ?
SRC	have my salamanders that haven't confused our vultures eaten ?	haven't my salamanders that our vultures our vultures eaten ?
SRC	haven't my vultures that have remembered the orangutan giggled ?	have my vultures that remembered the orangutan giggled ? ?
SRC	has our peacock who the newt hasn't amused swum ?	hasn't our peacock who the newt amused has swum ?
SRC	haven't our ravens that have annoyed my salamander slept ?	have our ravens that have annoyed my salamander slept ?
SRC	has your newt who hasn't accepted her newts eaten ?	hasn't your newt who her accepted her eaten ?
SRC	hasn't my vulture that has amused our vulture waited ?	has my vulture that amused our vulture hasn't waited ?
SRC	haven't your peacocks that have swum amused your vulture ?	have your peacocks that have amused your vulture ? ?
SRC	have your vultures who the xylophones haven't applauded changed ?	haven't your vultures who the xylophones applauded have changed ?
SRC	have my newts that haven't slept changed ?	haven't my newts that have changed changed ?
SRC	haven't the zebras who have eaten changed ?	have the zebras who eaten eaten ?
SRC	has your raven who hasn't slept changed ?	hasn't your raven who slept changed changed ?
SRC	has my yak that hasn't giggled changed ?	hasn't my yak that giggled changed changed ?
SRC	has my yak that hasn't changed read ?	hasn't my yak that changed read ?
SRC	hasn't your tyrannosaurus that has entertained your yaks slept ?	has your tyrannosaurus that your yaks entertained hasn't slept ?
SRC	hasn't our raven that our peacock has remembered moved ?	has our raven that our peacock remembered hasn't moved ?
SRC	hasn't the raven that the unicorn has amused read ?	has the raven that the unicorn amused hasn't read ?
SRC	hasn't some xylophone that has accepted my newt smiled ?	has some xylophone that accepted my newt hasn't smiled ?
SRC	haven't my salamanders who have amused the unicorns eaten ?	have my salamanders who have amused the unicorns eaten ?
SRC	hasn't my yak that my peacock has applauded entertained some peacock below your zebras ?	has my yak that my peacock applauded some entertained some peacock below your zebras ?
SRC	has her raven who hasn't annoyed her ravens confused our quail upon our quails ?	hasn't her raven who her annoyed her confused our quail upon our quails ? ?
SRC	has some vulture that her zebra hasn't confused amused your newts behind our zebra ?	hasn't some vulture that her zebra confused amused your newts behind our zebra ?
SRC	have your tyrannosauruses who some quails haven't remembered accepted your peacock behind the ravens ?	haven't your tyrannosauruses who some quails remembered have accepted your peacock behind the ravens ?
SRC	have the orangutans that the orangutans haven't remembered applauded her raven above your walruses ?	haven't the orangutans that the orangutans remembered applauded her raven above your walruses above your
SRC	haven't my xylophones that the quails have entertained waited ?	have my xylophones that the quails entertained haven't waited ?
SRC	hasn't our peacock that has applauded her xylophone swum ?	has our peacock that applauded her xylophone hasn't swum ?
SRC	have the yaks that haven't admired my yak changed ?	haven't the yaks that admired my yak have changed ?
SRC	hasn't our walrus that has entertained some yak moved ?	has our walrus that some entertained some moved ? ?
SRC	haven't her tyrannosauruses that my unicorns have confused read ?	have her tyrannosauruses that my unicorns confused haven't read ?
SRC	haven't some orangutans who have eaten moved ?	have some orangutans who eaten eaten ?
SRC	have the tyrannosauruses that haven't changed smiled ?	haven't the tyrannosauruses that changed smiled ?
SRC	has her orangutan who hasn't waited smiled ?	hasn't her orangutan who has smiled ?
SRC	hasn't my walrus who has moved smiled ?	hasn't my walrus who moved moved ?
SRC	has her xylophone that hasn't swum slept ?	hasn't her xylophone that swum slept ?
SRC	haven't your peacocks who have applauded your yaks changed ?	have your peacocks who applauded your yaks haven't changed ?
SRC	hasn't our peacock that has changed annoyed some xylophone ?	has our peacock that changed annoyed some xylophone ? ?
SRC	have your newts who haven't remembered her salamander giggled ?	haven't your newts who her remembered her giggled ? ?
SRC	hasn't my newt who has amused her tyrannosauruses read ?	has my newt who her amused her read ? ?
SRC	hasn't her peacock who has moved admired some vultures ?	hasn't her peacock who moved moved some vultures ? ?
SRC	has some unicorn that hasn't smiled entertained my salamander ?	hasn't some unicorn that smiled entertained my salamander ? ?
SRC	have our xylophones who the yaks haven't accepted swum ?	haven't our xylophones who the yaks accepted have swum ?
SRC	haven't her peacocks that have changed annoyed the walrus ?	have her peacocks that have annoyed the walrus ? ?
SRC	haven't our tyrannosauruses who have annoyed your newt moved ?	have our tyrannosauruses who your annoyed your moved ? ?
SRC	have our newts that the peacocks haven't comforted eaten ?	haven't our newts that the peacocks comforted eaten ?
SRC	haven't our xylophones who the newts have entertained giggled ?	have our xylophones who the newts entertained haven't giggled ?
SRC	haven't my ravens who our vultures have applauded slept ?	have my ravens who our vultures applauded haven't slept ?
SRC	have her yaks that your orangutans haven't admired swum ?	haven't her yaks that your orangutans admired have swum ?
SRC	hasn't our salamander who has read accepted her xylophones ?	hasn't our salamander who has accepted her xylophones ? ?
SRC	have some unicorns who some tyrannosauruses haven't annoyed eaten ?	haven't some unicorns who some tyrannosauruses annoyed eaten ?
SRC	haven't some salamanders that have remembered our orangutan amused your yaks upon some unicorns ?	have some salamanders that remembered our orangutan amused your yaks upon some unicorns ?
SRC	hasn't our unicorn that has comforted the tyrannosaurus confused my yaks above some raven ?	has our unicorn that comforted the tyrannosaurus hasn't confused my yaks above some raven ?
SRC	haven't her salamanders that have comforted the salamander amused our tyrannosaurus by your xylophone ?	have her salamanders that comforted the salamander amused our tyrannosaurus by your xylophone by your
SRC	hasn't some quail who has amused my orangutan amused the zebra with some unicorn ?	has some quail who my orangutan orangutan hasn't amused the zebra with some unicorn ?
SRC	haven't her peacocks that have confused her zebra entertained her salamanders above my walruses ?	have her peacocks that her confused her entertained her salamanders above my walruses ?
SRC	has the salamander that hasn't amused my zebra amused your raven ?	hasn't the salamander that amused my zebra amused your raven ? ?
SRC	has some quail that the unicorn hasn't admired comforted some raven ?	hasn't some quail that the unicorn admired has comforted some raven ?
SRC	hasn't your unicorn who her peacock has entertained accepted our yak ?	has your unicorn who her peacock entertained hasn't accepted our yak ?
SRC	have the xylophones that her zebras haven't comforted comforted our quails ?	haven't the xylophones that her zebras comforted comforted our quails ? ?
SRC	hasn't our salamander that has applauded her raven admired our peacocks ?	has our salamander that applauded her raven hasn't admired our peacocks ?
SRC	haven't some unicorns who your walruses have comforted remembered some zebras ?	have some unicorns who your walruses comforted remembered some zebras ? ?
SRC	has some xylophone that your xylophone hasn't accepted applauded her orangutans ?	hasn't some xylophone that your xylophone accepted applauded her orangutans ? ?
SRC	haven't our zebras who our zebras have confused entertained her salamander ?	have our zebras who our zebras confused her entertained her salamander ?
SRC	has her orangutan who her vulture hasn't remembered confused your tyrannosaurus ?	hasn't her orangutan who her vulture remembered has confused your tyrannosaurus ?
SRC	has the vulture who hasn't admired our salamander annoyed our orangutan ?	hasn't the vulture who our salamander has annoyed our orangutan ? ?
SRC	has the tyrannosaurus who hasn't smiled moved ?	hasn't the tyrannosaurus who smiled moved ?
SRC	hasn't her xylophone who has giggled moved ?	has her xylophone who giggled moved ?
SRC	haven't your peacocks who have smiled swum ?	have your peacocks who have swum ?
SRC	has the zebra that hasn't slept moved ?	hasn't the zebra that slept moved ?
SRC	have your zebras that haven't smiled slept ?	haven't your zebras that smiled smiled ?
SRC	haven't your unicorns that have giggled slept ?	have your unicorns that giggled slept ?
SRC	haven't the walruses who have smiled changed ?	have the walruses who smiled changed changed ?
SRC	has our xylophone who hasn't eaten smiled ?	hasn't our xylophone who eaten eaten ? ?
SRC	has my unicorn that hasn't eaten smiled ?	hasn't my unicorn that eaten eaten ?
SRC	has the orangutan that hasn't moved moved ?	hasn't the orangutan that moved moved ?
SRC	haven't the xylophones who the ravens have comforted applauded some unicorns behind some walruses ?	have the xylophones who the ravens comforted applauded some unicorns behind some walruses ?
SRC	have her ravens that my orangutans haven't remembered annoyed your quails around some newts ?	haven't her ravens that my orangutans remembered have annoyed your quails around some newts ?
SRC	has some vulture that our newt hasn't accepted annoyed your quail above some vulture ?	hasn't some vulture that our newt accepted has annoyed your quail above some vulture ?
SRC	have your xylophones who your yaks haven't applauded applauded some walruses above our newt ?	haven't your xylophones who your yaks applauded applauded some walruses above our newt ? ?
SRC	haven't our tyrannosauruses that the ravens have entertained annoyed our peacocks with your newts ?	have our tyrannosauruses that the ravens entertained haven't annoyed our peacocks with your newts ?
SRC	hasn't some walrus who has swum waited ?	hasn't some walrus who swum waited ?
SRC	haven't some newts who have eaten read ?	have some newts who eaten eaten ?
SRC	has some raven who hasn't changed eaten ?	hasn't some raven who changed eaten ?
SRC	haven't my zebras that have moved smiled ?	have my zebras that haven't smiled ?
SRC	has my walrus that hasn't waited smiled ?	hasn't my walrus that hasn't smiled ?
SRC	haven't her unicorns that have annoyed the vultures confused the vultures ?	have her unicorns that the annoyed the vultures confused the vultures ?
SRC	have some zebras that haven't admired your walruses amused your yak ?	haven't some zebras that your walruses your walruses have amused your yak ?
SRC	hasn't the xylophone who the quail has confused remembered her walruses ?	has the xylophone who the quail confused hasn't remembered her walruses ?
SRC	has my walrus that your yak hasn't applauded amused our orangutans ?	hasn't my walrus that your yak applauded has amused our orangutans ?
SRC	has my newt who some quail hasn't entertained confused the tyrannosauruses ?	hasn't my newt who some quail entertained has confused the tyrannosauruses ?
SRC	has your peacock that my unicorn hasn't comforted waited ?	hasn't your peacock that my unicorn comforted has waited ?
SRC	has my orangutan who your peacock hasn't remembered moved ?	hasn't my orangutan who your peacock remembered has moved ?
SRC	has her walrus that the walrus hasn't entertained giggled ?	hasn't her walrus that the walrus entertained has giggled ?
SRC	have the ravens who the yaks haven't entertained smiled ?	haven't the ravens who the yaks entertained have smiled ?
SRC	have my tyrannosauruses who haven't accepted some tyrannosauruses changed ?	haven't my tyrannosauruses who some tyrannosauruses tyrannosauruses have changed ?
SRC	haven't your newts who have moved accepted her ravens ?	have your newts who moved moved accepted her ravens ?
SRC	hasn't my raven who has comforted her tyrannosaurus giggled ?	has my raven who her comforted her giggled ? ?
SRC	have some newts that haven't smiled entertained the unicorn ?	haven't some newts that smiled entertained the unicorn ? ?
SRC	haven't her xylophones that some newts have comforted moved ?	have her xylophones that some newts comforted haven't moved ?
SRC	has your raven that hasn't applauded your raven moved ?	hasn't your raven that applauded your raven has moved ?
SRC	has her peacock that hasn't annoyed her walrus changed ?	hasn't her peacock that annoyed her walrus has changed ?
SRC	has her quail who the yak hasn't applauded read ?	hasn't her quail who the yak applauded has read ?
SRC	haven't our orangutans who have remembered your quail giggled ?	have our orangutans who your quail your giggled ? ?
SRC	has some raven who hasn't applauded your peacocks read ?	hasn't some raven who applauded your peacocks has read ?
SRC	have my orangutans who my ravens haven't entertained giggled ?	haven't my orangutans who my ravens entertained have giggled ?
SRC	hasn't our peacock who her vulture has applauded slept ?	has our peacock who her vulture applauded slept ? ?
SRC	haven't my orangutans who have moved entertained some walrus ?	have my orangutans who moved moved some walrus ? ?
SRC	have the vultures that some vultures haven't entertained waited ?	haven't the vultures that some vultures entertained have waited ?
SRC	has your peacock that hasn't admired her newts waited ?	hasn't your peacock that admired her newts has waited ?
SRC	haven't your orangutans that her xylophones have admired giggled ?	have your orangutans that her xylophones admired haven't giggled ?
SRC	have her zebras who our yaks haven't applauded changed ?	haven't her zebras who our yaks applauded have changed ?
SRC	have her orangutans that haven't applauded our unicorn slept ?	haven't her orangutans that applauded our unicorn slept ? ?
SRC	has my xylophone that hasn't confused some zebras slept ?	hasn't my xylophone that some zebras confused has slept ?
SRC	has our peacock that our tyrannosaurus hasn't comforted changed ?	hasn't our peacock that our tyrannosaurus comforted has changed ?
SRC	hasn't some peacock who our peacock has admired smiled ?	has some peacock who our peacock admired hasn't smiled ?
SRC	hasn't our raven who has read moved ?	hasn't our raven who read moved ?
SRC	have our vultures that haven't slept read ?	haven't our vultures that slept read ?
SRC	has our newt that hasn't moved read ?	hasn't our newt that moved ? read ?
SRC	has our newt that hasn't read slept ?	hasn't our newt that read ? slept ?
SRC	haven't our vultures who have swum read ?	have our vultures who have read ?
SRC	haven't some salamanders that have accepted our walruses eaten ?	have some salamanders that accepted our walruses haven't eaten ?
SRC	have my unicorns that haven't accepted the salamander giggled ?	haven't my unicorns that accepted the salamander have giggled ?
SRC	hasn't my zebra who some salamander has comforted smiled ?	has my zebra who some salamander comforted smiled ? ?
SRC	has the zebra who hasn't accepted your peacocks giggled ?	hasn't the zebra who your peacocks your giggled ? ?
SRC	has your unicorn that hasn't amused our tyrannosaurus swum ?	hasn't your unicorn that our amused our tyrannosaurus swum ?
SRC	has your raven that her vulture hasn't comforted giggled ?	hasn't your raven that her vulture comforted has giggled ?
SRC	hasn't some newt who some quail has confused giggled ?	has some newt who some quail confused hasn't giggled ?
SRC	have my xylophones who our vultures haven't accepted waited ?	haven't my xylophones who our vultures accepted have waited ?
SRC	hasn't my peacock who has entertained our orangutans moved ?	has my peacock who entertained our orangutans moved ? ?
SRC	have her zebras who haven't admired our salamander giggled ?	haven't her zebras who our salamander admired our giggled ?
SRC	hasn't your zebra that our xylophone has accepted annoyed our peacock behind your xylophone ?	has your zebra that our xylophone accepted hasn't annoyed our peacock behind your xylophone ?
SRC	have your ravens who haven't remembered your unicorns admired some tyrannosaurus upon the unicorns ?	haven't your ravens who your unicorns your unicorns admired some tyrannosaurus upon the unicorns ?
SRC	has her unicorn that hasn't comforted your tyrannosauruses remembered your yak upon my zebra ?	hasn't her unicorn that your comforted your has remembered your yak upon my zebra ?
SRC	have our xylophones that some ravens haven't amused comforted my yaks around some raven ?	haven't our xylophones that some ravens amused have comforted my yaks around some raven ?
SRC	hasn't my raven who my salamander has accepted annoyed the walrus above my unicorns ?	has my raven who my salamander accepted hasn't annoyed the walrus above my unicorns ?
SRC	have my orangutans who haven't moved waited ?	haven't my orangutans who moved moved ?
SRC	has our quail who hasn't waited giggled ?	hasn't our quail who waited waited ?
SRC	have your zebras who haven't eaten moved ?	haven't your zebras who eaten eaten ?
SRC	haven't my newts that have moved read ?	have my newts that have read ?
SRC	haven't my zebras who have read swum ?	have my zebras who haven't swum ?
SRC	hasn't my peacock that our quail has confused entertained the orangutan ?	has my peacock that our quail confused hasn't entertained the orangutan ?
SRC	have my tyrannosauruses who haven't entertained your peacock annoyed your vulture ?	haven't my tyrannosauruses who your entertained your annoyed your annoyed your vulture ?
SRC	haven't my ravens that her salamanders have accepted entertained the vultures ?	have my ravens that her salamanders accepted haven't entertained the vultures ?
SRC	haven't our newts who some zebras have confused accepted your newts ?	have our newts who some zebras confused accepted your newts ? ?
SRC	haven't your newts that my salamanders have comforted comforted your orangutans ?	have your newts that my salamanders comforted comforted your orangutans ? ?
SRC	hasn't our raven that our zebra has applauded amused our yak ?	has our raven that our zebra applauded hasn't amused our yak ?
SRC	hasn't my walrus who has confused the peacocks accepted our quail ?	has my walrus who the confused the peacocks accepted our quail ?
SRC	have your zebras who some xylophones haven't applauded accepted her tyrannosaurus ?	haven't your zebras who some xylophones applauded accepted her tyrannosaurus ? ?
SRC	hasn't your yak that has admired your vulture comforted my vulture ?	has your yak that your vulture vulture hasn't comforted my vulture ?
SRC	have her quails that the peacocks haven't annoyed accepted our quails ?	haven't her quails that the peacocks annoyed our quails accepted our quails ?
SRC	have her ravens that haven't annoyed the yak comforted the yaks ?	haven't her ravens that the annoyed the yak have comforted the yaks ?
SRC	haven't your xylophones that have accepted her quail confused the xylophones ?	have your xylophones that accepted her quail haven't confused the xylophones ?
SRC	hasn't the newt that has amused our walruses applauded her zebra ?	has the newt that our amused our walruses hasn't applauded her zebra ?
SRC	has her peacock that hasn't remembered our orangutans annoyed some unicorns ?	hasn't her peacock that remembered our orangutans has annoyed some unicorns ?
SRC	haven't some zebras that have comforted some quails annoyed the yaks ?	have some zebras that comforted some quails haven't annoyed the yaks ?
SRC	hasn't her vulture who her unicorn has accepted confused our xylophone ?	has her vulture who her unicorn accepted our confused our xylophone ?
SRC	has your newt that our zebra hasn't accepted remembered her newt ?	hasn't your newt that our zebra accepted has remembered her newt ?
SRC	has the peacock that some zebra hasn't annoyed annoyed your walruses ?	hasn't the peacock that some zebra annoyed annoyed your walruses ? ?
SRC	have some unicorns who haven't applauded our walruses entertained your vulture ?	haven't some unicorns who our walruses our walruses entertained your vulture ?
SRC	have her tyrannosauruses that her yaks haven't applauded accepted our tyrannosaurus ?	haven't her tyrannosauruses that her yaks applauded our have accepted our tyrannosaurus ?
SRC	hasn't your walrus who has admired my newts admired her vultures ?	has your walrus who my newts admired her admired her vultures ?
SRC	haven't our orangutans who my peacocks have comforted comforted our walrus ?	have our orangutans who my peacocks comforted comforted our comforted our walrus ?
SRC	haven't our unicorns that have amused some quails comforted the orangutan ?	have our unicorns that amused some quails haven't comforted the orangutan ?
SRC	have your walruses who haven't entertained her orangutans annoyed the walrus ?	haven't your walruses who entertained her orangutans have annoyed the walrus ?
SRC	haven't the newts who her salamanders have admired confused her walruses ?	have the newts who her salamanders admired haven't confused her walruses ?
SRC	haven't the yaks that have annoyed her zebra smiled ?	have the yaks that her annoyed her smiled ? ?
SRC	haven't the ravens who have amused my raven read ?	have the ravens who have my raven read ? ?
SRC	haven't some xylophones who her yaks have applauded changed ?	have some xylophones who her yaks applauded haven't changed ?
SRC	have the salamanders that your unicorns haven't admired eaten ?	haven't the salamanders that your unicorns admired have eaten ?
SRC	has some walrus who hasn't accepted some tyrannosaurus eaten ?	hasn't some walrus who some accepted some eaten ?
SRC	hasn't her walrus that has slept applauded the peacock above my orangutans ?	has her walrus that slept applauded applauded the peacock above my orangutans ?
SRC	has the orangutan who hasn't eaten accepted my zebra near some quail ?	hasn't the orangutan who eaten eaten accepted my zebra near some quail ?
SRC	have her xylophones that haven't swum confused your zebras near my unicorn ?	haven't her xylophones that swum confused your zebras near my unicorn ? ?
SRC	haven't the walruses that have waited remembered some yak below some quail ?	have the walruses that haven't remembered some yak below some quail ? ?
SRC	have the walruses who haven't waited applauded your newt below her vulture ?	haven't the walruses who have applauded your newt below her newt ? ?
SRC	have my ravens that haven't entertained our orangutans read ?	haven't my ravens that our orangutans entertained have read ?
SRC	have the newts that her salamanders haven't amused eaten ?	haven't the newts that her salamanders amused have eaten ?
SRC	hasn't the zebra who has comforted our yaks eaten ?	has the zebra who our yaks yaks hasn't eaten ?
SRC	have your peacocks that our walruses haven't remembered slept ?	haven't your peacocks that our walruses remembered have slept ?
SRC	haven't your vultures that her peacocks have annoyed waited ?	have your vultures that her peacocks annoyed waited ? ?
SRC	hasn't your newt who your walrus has accepted applauded her unicorn ?	has your newt who your walrus accepted hasn't applauded her unicorn ?
SRC	has your raven who some tyrannosaurus hasn't confused accepted our orangutan ?	hasn't your raven who some tyrannosaurus confused has accepted our orangutan ?
SRC	hasn't the newt who has entertained her xylophone annoyed some tyrannosauruses ?	has the newt who her entertained her tyrannosauruses hasn't annoyed some tyrannosauruses ?
SRC	have your yaks that haven't remembered the tyrannosaurus confused my vultures ?	haven't your yaks that remembered the tyrannosaurus have confused my vultures ?
SRC	hasn't her salamander that some tyrannosaurus has comforted amused your orangutans ?	has her salamander that some tyrannosaurus comforted amused your orangutans ? ?
SRC	have some quails that haven't smiled amused your walrus ?	haven't some quails that smiled smiled amused your walrus ?
SRC	haven't my quails who have amused the quails eaten ?	have my quails who have amused the eaten ?
SRC	hasn't our zebra who has annoyed some orangutan swum ?	has our zebra who some orangutan orangutan hasn't swum ?
SRC	has your walrus that my orangutan hasn't remembered swum ?	hasn't your walrus that my orangutan remembered has swum ?
SRC	hasn't her vulture that has slept accepted your yak ?	has her vulture that slept accepted your yak ?
SRC	has my walrus that hasn't read waited ?	hasn't my walrus that hasn't waited ?
SRC	haven't my quails that have swum smiled ?	have my quails that swum smiled ?
SRC	haven't her ravens who have eaten smiled ?	have her ravens who eaten eaten ?
SRC	haven't her tyrannosauruses who have moved waited ?	have her tyrannosauruses who moved moved ?
SRC	have my peacocks that haven't slept moved ?	haven't my peacocks that have moved ?
SRC	haven't your yaks that have remembered some walrus confused your yaks behind your tyrannosauruses ?	have your yaks that remembered some walrus confused your yaks behind your tyrannosauruses ? ?
SRC	hasn't my yak who our xylophone has accepted admired her vulture around our zebras ?	has my yak who our xylophone accepted hasn't admired her vulture around our zebras ?
SRC	has your xylophone that your zebra hasn't entertained confused our peacocks above some vultures ?	hasn't your xylophone that your zebra entertained has confused our peacocks above some vultures ?
SRC	have some tyrannosauruses that haven't applauded your xylophones remembered our salamander above her tyrannosaurus ?	haven't some tyrannosauruses that applauded your xylophones remembered our salamander above her tyrannosaurus ?
SRC	hasn't your yak who has confused some vultures amused your peacocks near your quail ?	has your yak who some vultures amused your amused your peacocks near your quail ?
SRC	have her xylophones who our walruses haven't comforted smiled ?	haven't her xylophones who our walruses comforted smiled ? ?
SRC	haven't her tyrannosauruses that have applauded your quail eaten ?	have her tyrannosauruses that applauded your quail haven't eaten ?
SRC	haven't some newts that have annoyed your salamanders swum ?	have some newts that your salamanders haven't swum ?
SRC	has the yak that her vulture hasn't applauded changed ?	hasn't the yak that her vulture applauded has changed ?
SRC	have some tyrannosauruses that our vultures haven't accepted giggled ?	haven't some tyrannosauruses that our vultures accepted have giggled ?
SRC	haven't some unicorns that our orangutans have remembered smiled ?	have some unicorns that our orangutans remembered haven't smiled ?
SRC	haven't our zebras who have admired your unicorn moved ?	have our zebras who your admired your moved ? ?
SRC	haven't the vultures who her ravens have accepted moved ?	have the vultures who her ravens accepted haven't moved ?
SRC	hasn't her peacock who has comforted the tyrannosauruses smiled ?	has her peacock who comforted the tyrannosauruses hasn't smiled ?
SRC	has her zebra who hasn't accepted our peacock moved ?	hasn't her zebra who our peacock has moved ? ?
SRC	hasn't your tyrannosaurus that has remembered your newts remembered our newts ?	has your tyrannosaurus that remembered your newts remembered our newts ? ?
SRC	has some quail who hasn't accepted her yak accepted my xylophones ?	hasn't some quail who her accepted her accepted my xylophones ? ?
SRC	haven't the peacocks that have confused her orangutan admired your zebra ?	have the peacocks that her confused her orangutan admired your zebra ?
SRC	has the orangutan that your tyrannosaurus hasn't amused remembered our tyrannosaurus ?	hasn't the orangutan that your tyrannosaurus amused has remembered our tyrannosaurus ?
SRC	hasn't the unicorn who our peacock has comforted admired her vulture ?	has the unicorn who our peacock comforted admired her vulture ? ?
SRC	have her ravens who some yaks haven't remembered waited ?	haven't her ravens who some yaks remembered have waited ?
SRC	hasn't my orangutan that her unicorn has accepted slept ?	has my orangutan that her unicorn accepted hasn't slept ?
SRC	has her yak that hasn't annoyed the tyrannosaurus changed ?	hasn't her yak that the annoyed the tyrannosaurus has changed ?
SRC	haven't her ravens that have swum accepted the newt ?	have her ravens that swum accepted the newt ? ?
SRC	haven't the vultures that have smiled entertained the yak ?	have the vultures that smiled entertained the yak ?
SRC	hasn't your peacock that has read comforted your xylophone near your salamanders ?	has your peacock that read comforted your xylophone near your xylophone ? ?
SRC	hasn't my orangutan who has eaten applauded the salamanders upon some raven ?	hasn't my orangutan who eaten eaten applauded the salamanders upon some raven ?
SRC	hasn't my orangutan that has read amused my zebras upon some xylophones ?	hasn't my orangutan that has amused my zebras upon some xylophones ? ?
SRC	haven't the newts who have moved annoyed her quails above some vultures ?	have the newts who moved moved annoyed her quails above some vultures ?
SRC	haven't her newts who have slept applauded her yak above our zebra ?	have her newts who haven't applauded applauded her yak above our zebra ?
SRC	hasn't the vulture who has confused some orangutan waited ?	has the vulture who some orangutan confused hasn't waited ?
SRC	haven't our quails who the ravens have comforted slept ?	have our quails who the ravens comforted haven't slept ?
SRC	haven't our salamanders that have applauded my xylophone smiled ?	have our salamanders that applauded my xylophone haven't smiled ?
SRC	has my peacock that hasn't comforted some walruses swum ?	hasn't my peacock that comforted some walruses has swum ?
SRC	have our yaks that haven't annoyed our unicorns moved ?	haven't our yaks that annoyed our unicorns have moved ?
SRC	has the newt that hasn't accepted our ravens slept ?	hasn't the newt that accepted our ravens slept ? ?
SRC	hasn't some walrus that my unicorn has applauded changed ?	has some walrus that my unicorn applauded hasn't changed ?
SRC	hasn't my unicorn that has read comforted the quail ?	has my unicorn that hasn't comforted the quail ? ?
SRC	have my unicorns that her salamanders haven't amused moved ?	haven't my unicorns that her salamanders amused have moved ?
SRC	haven't some ravens who have slept entertained your quails ?	have some ravens who slept entertained your quails ? ?
SRC	haven't our walruses who our orangutans have accepted waited ?	have our walruses who our orangutans accepted haven't waited ?
SRC	haven't our vultures that some yaks have amused giggled ?	have our vultures that some yaks amused giggled ? ?
SRC	has her vulture that our peacock hasn't entertained waited ?	hasn't her vulture that our peacock entertained has waited ?
SRC	have your orangutans who haven't remembered some zebra eaten ?	haven't your orangutans who some zebra zebra eaten ?
SRC	haven't your newts that your walruses have comforted read ?	have your newts that your walruses comforted haven't read ?
SRC	have your unicorns that her newts haven't annoyed waited ?	haven't your unicorns that her newts annoyed have waited ?
SRC	have our walruses who her yaks haven't comforted changed ?	haven't our walruses who her yaks comforted have changed ?
SRC	hasn't the walrus that our orangutan has entertained moved ?	has the walrus that our orangutan entertained hasn't moved ?
SRC	has my quail that some unicorn hasn't entertained swum ?	hasn't my quail that some unicorn entertained has swum ?
SRC	have my walruses who our yaks haven't applauded changed ?	haven't my walruses who our yaks applauded have changed ?
SRC	have your salamanders who her xylophones haven't confused changed ?	haven't your salamanders who her xylophones confused have changed ?
SRC	has the newt who her tyrannosaurus hasn't admired eaten ?	hasn't the newt who her tyrannosaurus admired has eaten ?
SRC	have some zebras who haven't admired some tyrannosauruses eaten ?	haven't some zebras who some tyrannosauruses have eaten ?
SRC	hasn't her salamander that has remembered some walruses moved ?	has her salamander that remembered some walruses hasn't moved ?
SRC	has your yak that our xylophone hasn't applauded eaten ?	hasn't your yak that our xylophone applauded has eaten ?
SRC	have my newts that haven't slept eaten ?	haven't my newts that have eaten ?
SRC	hasn't some quail who has slept read ?	hasn't some quail who slept read ?
SRC	has the unicorn that hasn't changed smiled ?	hasn't the unicorn that changed smiled ?
SRC	hasn't the orangutan that has changed moved ?	has the orangutan that changed moved ?
SRC	has your peacock who hasn't slept smiled ?	hasn't your peacock who slept smiled ?
SRC	has the peacock who her raven hasn't entertained amused the orangutans behind the yaks ?	hasn't the peacock who her raven entertained has amused the orangutans behind the yaks ?
SRC	haven't the xylophones who our quails have amused confused my xylophones around some quail ?	have the xylophones who our quails amused haven't confused my xylophones around some quail ?
SRC	hasn't your zebra that our peacock has comforted confused our unicorns below our unicorns ?	has your zebra that our peacock comforted confused our unicorns below our unicorns ?
SRC	hasn't our salamander that has annoyed my vulture amused some orangutan above our vulture ?	has our salamander that annoyed my vulture hasn't amused some orangutan above our vulture ?
SRC	hasn't our quail who has remembered my newt applauded our unicorn by some xylophone ?	has our quail who remembered my newt applauded our unicorn by some xylophone by some xylophone
SRC	haven't the xylophones that her peacocks have applauded annoyed her yak behind your zebra ?	have the xylophones that her peacocks applauded her annoyed her yak behind your zebra ?
SRC	hasn't some orangutan who has confused my tyrannosauruses comforted our newt with our quail ?	has some orangutan who my confused my tyrannosauruses hasn't comforted our newt with our quail ?
SRC	haven't the ravens who have confused the newt remembered your newts with the ravens ?	have the ravens who the confused the remembered your newts with the ravens ?
SRC	hasn't the peacock who my vulture has accepted confused your tyrannosauruses above my yaks ?	has the peacock who my vulture accepted hasn't confused your tyrannosauruses above my yaks ?
SRC	hasn't my raven who my salamander has accepted remembered my zebra above your vulture ?	has my raven who my salamander accepted hasn't remembered my zebra above your vulture ?
SRC	haven't our walruses who have annoyed my orangutan smiled ?	have our walruses who annoyed my orangutan smiled ? ?
SRC	have your tyrannosauruses who haven't amused her unicorn waited ?	haven't your tyrannosauruses who her amused her waited ? ?
SRC	hasn't my quail who has applauded her peacock swum ?	has my quail who applauded her peacock hasn't swum ?
SRC	haven't some zebras who have amused her walrus waited ?	have some zebras who her amused her waited ?
SRC	has my raven who hasn't applauded some raven changed ?	hasn't my raven who applauded some raven has changed ?
SRC	hasn't our raven who has swum comforted your yaks around the orangutan ?	has our raven who swum comforted your yaks around the orangutan around the ?
SRC	haven't the tyrannosauruses that have waited confused our unicorn upon your walrus ?	have the tyrannosauruses that haven't confused our unicorn upon your walrus ? ?
SRC	has your quail who hasn't moved remembered my orangutans below the zebra ?	hasn't your quail who moved ? remembered my orangutans below the zebra ?
SRC	have her yaks who haven't changed remembered my newt around your salamander ?	haven't her yaks who changed remembered my newt around your newt ? ?
SRC	hasn't the salamander who has waited applauded our quails near her quails ?	hasn't the salamander who has applauded our quails near her quails ? ?
SRC	haven't your tyrannosauruses that her newts have entertained eaten ?	have your tyrannosauruses that her newts entertained haven't eaten ?
SRC	haven't your unicorns that have accepted some ravens waited ?	have your unicorns that some accepted some waited ? ?
SRC	haven't our tyrannosauruses who have remembered her zebras slept ?	have our tyrannosauruses who have her zebras haven't slept ?
SRC	haven't our tyrannosauruses who have amused the yaks moved ?	have our tyrannosauruses who amused the yaks moved ?
SRC	has my zebra who hasn't moved annoyed my tyrannosaurus ?	hasn't my zebra who moved moved annoyed my tyrannosaurus ?
SRC	hasn't some vulture that has slept read ?	has some vulture that slept read ?
SRC	has your quail who hasn't moved changed ?	hasn't your quail who moved ? changed ?
SRC	have the salamanders that haven't smiled slept ?	haven't the salamanders that smiled ? slept ?
SRC	haven't some vultures that have waited moved ?	have some vultures that haven't moved ?
SRC	have some walruses who haven't changed smiled ?	haven't some walruses who changed smiled ?
SRC	have our newts that our quails haven't entertained accepted our zebras above some salamanders ?	haven't our newts that our quails entertained have accepted our zebras above some salamanders ?
SRC	hasn't our salamander that has confused your peacocks remembered some tyrannosaurus below her orangutan ?	has our salamander that your peacocks your peacocks remembered some tyrannosaurus below her orangutan ?
SRC	has some tyrannosaurus that our peacock hasn't admired entertained her tyrannosauruses below our unicorn ?	hasn't some tyrannosaurus that our peacock admired her entertained her tyrannosauruses below our unicorn ?
SRC	haven't some unicorns who your ravens have applauded amused your newt around your xylophones ?	have some unicorns who your ravens applauded amused your newt around your xylophones around your
SRC	haven't your orangutans who have admired the vulture comforted your orangutans upon our xylophones ?	have your orangutans who the vulture admired your comforted your orangutans upon our xylophones ?
SRC	hasn't her xylophone who has entertained my walrus entertained your ravens above our newt ?	has her xylophone who my walrus entertained hasn't entertained your ravens above our newt ?
SRC	hasn't some newt who has amused the vultures annoyed her xylophone by my unicorns ?	has some newt who amused the vultures annoyed her xylophone by my unicorns ?
SRC	has my raven who hasn't annoyed her walruses confused the tyrannosaurus near my zebras ?	hasn't my raven who her walruses her confused the tyrannosaurus near my zebras ?
SRC	hasn't some zebra that has annoyed her vulture comforted some orangutan near your tyrannosauruses ?	has some zebra that annoyed her vulture hasn't comforted some orangutan near your tyrannosauruses ?
SRC	have the tyrannosauruses that the orangutans haven't entertained accepted the orangutans around our unicorns ?	haven't the tyrannosauruses that the orangutans entertained have accepted the orangutans around our unicorns ?
SRC	haven't my walruses that have waited changed ?	have my walruses that haven't changed changed ?
SRC	hasn't some yak who has moved eaten ?	has some yak who moved moved eaten ?
SRC	hasn't her zebra that has changed changed ?	has her zebra that changed changed changed ?
SRC	hasn't the tyrannosaurus that has waited moved ?	hasn't the tyrannosaurus that has moved ?
SRC	have my newts that haven't waited eaten ?	haven't my newts that have eaten ?
SRC	hasn't our xylophone that has accepted my zebra applauded her yak by her zebra ?	has our xylophone that accepted my zebra applauded her yak by her zebra ?
SRC	hasn't our xylophone that my walrus has confused accepted my vulture upon some yaks ?	has our xylophone that my walrus confused hasn't accepted my vulture upon some yaks ?
SRC	haven't the peacocks who have remembered some tyrannosauruses confused her peacock by the orangutan ?	have the peacocks who have some tyrannosauruses confused her peacock by the orangutan ? ?
SRC	haven't your zebras that my walruses have amused confused her tyrannosauruses around my peacocks ?	have your zebras that my walruses amused haven't confused her tyrannosauruses around my peacocks ?
SRC	has her walrus that hasn't admired the newt annoyed her xylophones upon your ravens ?	hasn't her walrus that the admired the newt annoyed her xylophones upon your ravens ?
SRC	haven't your zebras who my tyrannosauruses have annoyed amused the quail upon our walruses ?	have your zebras who my tyrannosauruses annoyed haven't amused the quail upon our walruses ?
SRC	hasn't our vulture that has entertained your peacocks annoyed the newt below your peacock ?	has our vulture that your entertained your annoyed the annoyed the newt below your peacock ?
SRC	has our yak that the newt hasn't remembered accepted my zebras around my zebras ?	hasn't our yak that the newt remembered has accepted my zebras around my zebras ?
SRC	has the xylophone who her yak hasn't amused amused my zebra with her zebra ?	hasn't the xylophone who her yak amused has amused my zebra with her zebra ?
SRC	has our yak that hasn't comforted my salamander comforted the quails below the vulture ?	hasn't our yak that comforted my salamander has comforted the quails below the vulture ?
SRC	has the unicorn that hasn't swum remembered her salamander above the zebra ?	hasn't the unicorn that swum remembered her salamander above the zebra ?
SRC	hasn't her walrus who has confused our quail remembered my newts ?	has her walrus who our quail hasn't remembered my newts ? ?
SRC	hasn't our newt that some zebra has applauded annoyed the salamander ?	has our newt that some zebra applauded hasn't annoyed the salamander ?
SRC	hasn't some tyrannosaurus that my xylophone has entertained annoyed your orangutan ?	has some tyrannosaurus that my xylophone entertained hasn't annoyed your orangutan ?
SRC	has your vulture who my orangutan hasn't applauded remembered her newts ?	hasn't your vulture who my orangutan applauded her remembered her newts ?
SRC	haven't my salamanders who your walruses have remembered changed ?	have my salamanders who your walruses remembered haven't changed ?
SRC	hasn't your salamander that has comforted our unicorns slept ?	has your salamander that our comforted our unicorns slept ?
SRC	has some newt who your salamander hasn't confused smiled ?	hasn't some newt who your salamander confused has smiled ?
SRC	has my quail that hasn't confused some newt swum ?	hasn't my quail that some confused some newt swum ?
SRC	hasn't your raven that her zebra has admired waited ?	has your raven that her zebra admired hasn't waited ?
SRC	has the unicorn that her quail hasn't applauded swum ?	hasn't the unicorn that her quail applauded has swum ?
SRC	have our xylophones who haven't applauded the salamanders changed ?	haven't our xylophones who applauded the salamanders have changed ?
SRC	haven't the quails who have remembered my tyrannosauruses moved ?	have the quails who have my tyrannosauruses moved ?
SRC	hasn't some walrus that has remembered some tyrannosauruses slept ?	has some walrus that remembered some tyrannosauruses hasn't slept ?
SRC	have her xylophones that haven't amused my zebra swum ?	haven't her xylophones that amused my zebra swum ?
SRC	haven't some vultures who have slept remembered your vultures ?	have some vultures who have remembered your vultures ? ?
SRC	haven't the ravens that have slept accepted the xylophones ?	have the ravens that have accepted the xylophones ? ?
SRC	has our orangutan who some newt hasn't accepted slept ?	hasn't our orangutan who some newt accepted has slept ?
SRC	have the orangutans who our orangutans haven't amused giggled ?	haven't the orangutans who our orangutans amused have giggled ?
SRC	has your raven who hasn't confused our raven read ?	hasn't your raven who our raven has read ? ?
SRC	hasn't your vulture who our quail has comforted confused some ravens near some orangutans ?	has your vulture who our quail comforted confused some ravens near some orangutans near some orangutans
SRC	have the unicorns that haven't comforted the walrus amused our quails above her xylophone ?	haven't the unicorns that comforted the walrus amused our quails above her xylophone ?
SRC	hasn't our newt that our yak has applauded confused some salamanders near your orangutan ?	has our newt that our yak applauded some confused some salamanders near your orangutan ?
SRC	hasn't her xylophone that my raven has comforted accepted our unicorn above your salamanders ?	has her xylophone that my raven comforted accepted our unicorn above your salamanders ?
SRC	has our walrus who our orangutan hasn't comforted remembered my walrus by my xylophone ?	hasn't our walrus who our orangutan comforted remembered my walrus by my xylophone ?
SRC	have my tyrannosauruses who haven't annoyed her tyrannosauruses entertained the xylophone ?	haven't my tyrannosauruses who her tyrannosauruses tyrannosauruses have entertained the xylophone ?
SRC	haven't the newts who have entertained some vultures applauded her unicorn ?	have the newts who some vultures entertained haven't applauded her unicorn ?
SRC	has my walrus who hasn't accepted her walrus admired her unicorn ?	hasn't my walrus who her accepted her admired her unicorn ? ?
SRC	has your raven that my peacock hasn't accepted remembered her vulture ?	hasn't your raven that my peacock accepted has remembered her vulture ?
SRC	has some vulture that hasn't entertained your vultures comforted your zebra ?	hasn't some vulture that your entertained your has comforted your zebra ?
SRC	have the quails that haven't comforted my quail applauded your walruses ?	haven't the quails that comforted my quail have applauded your walruses ?
SRC	hasn't our vulture that some newt has remembered remembered our orangutans ?	has our vulture that some newt remembered remembered our orangutans ? ?
SRC	haven't our ravens that our walruses have accepted entertained some zebras ?	have our ravens that our walruses accepted haven't entertained some zebras ?
SRC	hasn't your quail who has confused some walruses admired the walruses ?	has your quail who some confused some walruses hasn't admired the walruses ?
SRC	haven't my unicorns that have annoyed our orangutans applauded my tyrannosauruses ?	have my unicorns that annoyed our orangutans applauded my tyrannosauruses ? ?
SRC	haven't your zebras who have slept slept ?	have your zebras who slept slept ?
SRC	haven't the orangutans who have waited giggled ?	have the orangutans who haven't giggled ?
SRC	hasn't our salamander that has waited changed ?	hasn't our salamander that has changed changed ?
SRC	hasn't your tyrannosaurus that has smiled giggled ?	has your tyrannosaurus that smiled smiled giggled ?
SRC	has my walrus that hasn't eaten smiled ?	hasn't my walrus that eaten eaten ? ?
SRC	haven't my ravens who some walruses have remembered confused your unicorn around her tyrannosaurus ?	have my ravens who some walruses remembered haven't confused your unicorn around her tyrannosaurus ?
SRC	haven't my unicorns that her salamanders have remembered amused my peacock below the unicorn ?	have my unicorns that her salamanders remembered amused my peacock below the unicorn ?
SRC	haven't our unicorns who your ravens have accepted comforted our orangutans near some walrus ?	have our unicorns who your ravens accepted haven't comforted our orangutans near some walrus ?
SRC	hasn't our unicorn that some vulture has accepted applauded some quails behind your orangutans ?	has our unicorn that some vulture accepted hasn't applauded some quails behind your orangutans ?
SRC	haven't your orangutans who have accepted your peacock admired the walruses around the ravens ?	have your orangutans who your accepted your peacock admired the walruses around the ravens ?
SRC	haven't your yaks that have smiled moved ?	have your yaks that smiled moved ?
SRC	haven't our zebras that have swum eaten ?	have our zebras that swum ?
SRC	haven't her walruses that have waited eaten ?	have her walruses that haven't eaten ?
SRC	have some zebras who haven't slept smiled ?	haven't some zebras who slept smiled ?
SRC	hasn't some unicorn that has waited waited ?	has some unicorn that waited waited waited ?
SRC	have some salamanders who haven't confused your zebras accepted some vultures ?	haven't some salamanders who your zebras confused have accepted some vultures ?
SRC	hasn't your raven who has confused your zebras admired her ravens ?	has your raven who your zebras confused hasn't admired her ravens ?
SRC	hasn't some quail who has remembered our vulture accepted her yaks ?	has some quail who our vulture our vulture hasn't accepted her yaks ?
SRC	has our orangutan that hasn't remembered your peacock comforted the peacocks ?	hasn't our orangutan that remembered your peacock has comforted the peacocks ?
SRC	haven't the tyrannosauruses who our salamanders have entertained remembered her salamanders ?	have the tyrannosauruses who our salamanders entertained haven't remembered her salamanders ?
SRC	haven't some walruses that her walruses have applauded moved ?	have some walruses that her walruses applauded applauded ? ?
SRC	has my unicorn who hasn't waited annoyed her ravens ?	hasn't my unicorn who has annoyed her ravens ? ?
SRC	have the salamanders that her yaks haven't remembered smiled ?	haven't the salamanders that her yaks remembered have smiled ?
SRC	hasn't our peacock who the peacock has confused eaten ?	has our peacock who the peacock confused hasn't eaten ?
SRC	haven't some orangutans who have entertained our peacock eaten ?	have some orangutans who entertained our peacock eaten ?
SRC	has your unicorn that hasn't entertained some salamanders eaten ?	hasn't your unicorn that some salamanders some eaten ?
SRC	haven't the unicorns who your vultures have applauded swum ?	have the unicorns who your vultures applauded haven't swum ?
SRC	have some zebras who haven't amused your ravens changed ?	haven't some zebras who your ravens your ravens ? ?
SRC	have my walruses that our peacocks haven't remembered eaten ?	haven't my walruses that our peacocks remembered have eaten ?
SRC	have some orangutans who haven't applauded some tyrannosaurus read ?	haven't some orangutans who applauded some tyrannosaurus have read ?
SRC	has our xylophone who her unicorn hasn't entertained eaten ?	hasn't our xylophone who her unicorn entertained has eaten ?
SRC	has her vulture who hasn't admired her unicorns smiled ?	hasn't her vulture who her admired her smiled ? ?
SRC	has your orangutan who hasn't accepted my salamanders swum ?	hasn't your orangutan who my salamanders has swum ?
SRC	have our walruses who her ravens haven't confused swum ?	haven't our walruses who her ravens confused have swum ?
SRC	hasn't her unicorn that the orangutan has entertained changed ?	has her unicorn that the orangutan entertained hasn't changed ?
SRC	has the raven that hasn't waited admired some newt ?	hasn't the raven that has admired some newt ? ?
SRC	hasn't her unicorn that has admired my newt eaten ?	has her unicorn that admired my newt hasn't eaten ?
SRC	hasn't my salamander who has applauded her vulture giggled ?	has my salamander who applauded her vulture hasn't giggled ?
SRC	hasn't our xylophone that has accepted her xylophones slept ?	has our xylophone that accepted her xylophones slept ? ?
SRC	hasn't some tyrannosaurus that some tyrannosaurus has amused eaten ?	has some tyrannosaurus that some tyrannosaurus amused hasn't eaten ?
SRC	has the xylophone that hasn't swum read ?	hasn't the xylophone that swum ? read ?
SRC	have some xylophones who haven't eaten read ?	haven't some xylophones who eaten eaten ?
SRC	has her raven that hasn't eaten smiled ?	hasn't her raven that eaten eaten ?
SRC	has some peacock that hasn't changed swum ?	hasn't some peacock that changed swum ?
SRC	have your walruses that haven't swum changed ?	haven't your walruses that swum changed changed ?
SRC	have my newts who haven't remembered the yak slept ?	haven't my newts who the remembered the slept ? ?
SRC	have my zebras who haven't accepted her walruses giggled ?	haven't my zebras who her accepted her giggled ? ?
SRC	hasn't our xylophone who our walrus has entertained read ?	has our xylophone who our walrus entertained hasn't read ?
SRC	haven't our walruses who have comforted our newt waited ?	have our walruses who our comforted our waited ? ?
SRC	haven't your quails that the unicorns have confused read ?	have your quails that the unicorns confused haven't read ?
SRC	haven't some newts who our tyrannosauruses have remembered moved ?	have some newts who our tyrannosauruses remembered haven't moved ?
SRC	have some yaks that your zebras haven't comforted swum ?	haven't some yaks that your zebras comforted swum ?
SRC	has my yak who hasn't admired my vulture read ?	hasn't my yak who my vulture vulture has read ?
SRC	haven't her unicorns who have admired your zebra giggled ?	have her unicorns who your zebra admired our giggled ?
SRC	has the newt who her unicorn hasn't comforted slept ?	hasn't the newt who her unicorn comforted has slept ?
SRC	haven't the xylophones who my unicorns have entertained slept ?	have the xylophones who my unicorns entertained haven't slept ?
SRC	hasn't the zebra that has remembered her walruses eaten ?	has the zebra that remembered her walruses hasn't eaten ?
SRC	has your peacock that hasn't amused the unicorns eaten ?	hasn't your peacock that amused the unicorns eaten ? ?
SRC	haven't your salamanders that have accepted my walrus slept ?	have your salamanders that accepted my walrus haven't slept ?
SRC	hasn't her walrus who my xylophone has entertained slept ?	has her walrus who my xylophone entertained hasn't slept ?
SRC	has your tyrannosaurus that hasn't moved entertained our peacocks ?	hasn't your tyrannosaurus that moved ? entertained our peacocks ?
SRC	has our unicorn who hasn't remembered some vultures swum ?	hasn't our unicorn who remembered some vultures swum ?
SRC	has her newt that hasn't amused the quails eaten ?	hasn't her newt that amused the quails has eaten ?
SRC	have some orangutans that haven't moved remembered my zebra ?	haven't some orangutans that moved moved remembered my zebra ?
SRC	has your unicorn who your yak hasn't amused giggled ?	hasn't your unicorn who your yak amused has giggled ?
SRC	haven't her tyrannosauruses that your quails have confused read ?	have her tyrannosauruses that your quails confused haven't read ?
SRC	have my zebras who haven't giggled annoyed my salamanders ?	haven't my zebras who giggled annoyed my salamanders ? ?
SRC	has the zebra who the walrus hasn't remembered smiled ?	hasn't the zebra who the walrus remembered has smiled ?
SRC	haven't my newts who have comforted my orangutan swum ?	have my newts who comforted my orangutan swum ?
SRC	haven't some newts that your vultures have applauded slept ?	have some newts that your vultures applauded haven't slept ?
SRC	has my tyrannosaurus who hasn't entertained my peacocks smiled ?	hasn't my tyrannosaurus who my entertained my has smiled ?
SRC	have my walruses that her walruses haven't entertained swum ?	haven't my walruses that her walruses entertained have swum ?
SRC	have some walruses who your xylophones haven't applauded eaten ?	haven't some walruses who your xylophones applauded have eaten ?
SRC	have some orangutans who my vultures haven't amused smiled ?	haven't some orangutans who my vultures amused have smiled ?
SRC	hasn't some newt who has admired some yaks moved ?	has some newt who some admired some moved ?
SRC	have our unicorns who our yaks haven't amused confused your zebra ?	haven't our unicorns who our yaks amused confused your zebra ? ?
SRC	has my salamander who our salamander hasn't accepted confused our newt ?	hasn't my salamander who our salamander accepted our newt confused our newt ?
SRC	haven't your walruses who have accepted my peacocks remembered our peacocks ?	have your walruses who my peacocks my remembered our peacocks ? ?
SRC	have some vultures who my ravens haven't confused applauded her xylophone ?	haven't some vultures who my ravens confused have applauded her xylophone ?
SRC	has the newt that your zebra hasn't remembered amused the newts ?	hasn't the newt that your zebra remembered has amused the newts ?
SRC	hasn't your raven that our orangutan has applauded applauded the salamanders ?	has your raven that our orangutan applauded applauded the salamanders ? ?
SRC	has my quail that hasn't remembered your peacock confused some ravens ?	hasn't my quail that remembered your peacock has confused some ravens ?
SRC	has my orangutan who hasn't remembered her xylophones confused my salamanders ?	hasn't my orangutan who her xylophones remembered has confused my salamanders ?
SRC	has the unicorn who the zebra hasn't annoyed remembered your newt ?	hasn't the unicorn who the zebra annoyed remembered remembered your newt ?
SRC	haven't your quails who her quails have confused comforted some yaks ?	have your quails who her quails confused some comforted some yaks ?
SRC	hasn't your unicorn who her vulture has remembered swum ?	has your unicorn who her vulture remembered swum ?
SRC	have your yaks that some quails haven't comforted eaten ?	haven't your yaks that some quails comforted eaten ?
SRC	haven't your quails who have moved comforted your ravens ?	have your quails who have comforted your ravens ? ?
SRC	haven't her ravens who our unicorns have amused swum ?	have her ravens who our unicorns amused haven't swum ?
SRC	haven't some newts that have swum accepted our newts ?	have some newts that swum accepted our newts ?
SRC	has your quail that hasn't moved read ?	hasn't your quail that moved ? read ?
SRC	haven't the unicorns that have giggled waited ?	have the unicorns that giggled waited waited ?
SRC	hasn't the vulture who has changed changed ?	hasn't the vulture who changed changed changed ?
SRC	hasn't some tyrannosaurus who has swum giggled ?	has some tyrannosaurus who swum giggled ?
SRC	has my newt that hasn't slept giggled ?	hasn't my newt that slept giggled ?
SRC	has some walrus that hasn't annoyed her vulture waited ?	hasn't some walrus that annoyed her vulture has waited ?
SRC	have your salamanders who haven't applauded some vultures waited ?	haven't your salamanders who applauded some vultures waited ? ?
SRC	have some salamanders that haven't applauded my vultures swum ?	haven't some salamanders that applauded my vultures swum ?
SRC	hasn't my raven that has eaten admired her newts ?	hasn't my raven that eaten eaten admired her newts ?
SRC	haven't some walruses that your yaks have remembered moved ?	have some walruses that your yaks remembered haven't moved ?
SRC	has the newt that hasn't amused my xylophone slept ?	hasn't the newt that amused my xylophone has slept ?
SRC	have my xylophones that haven't amused our salamander changed ?	haven't my xylophones that our amused our salamander changed ?
SRC	hasn't my newt that has smiled amused our walruses ?	hasn't my newt that smiled smiled our walruses ? ?
SRC	have your salamanders that our yaks haven't accepted read ?	haven't your salamanders that our yaks accepted have read ?
SRC	have our walruses who the tyrannosauruses haven't remembered swum ?	haven't our walruses who the tyrannosauruses remembered swum ?
SRC	haven't our salamanders that have admired my xylophone swum ?	have our salamanders that admired my xylophone haven't swum ?
SRC	have your tyrannosauruses that her yaks haven't amused smiled ?	haven't your tyrannosauruses that her yaks amused have smiled ?
SRC	haven't some vultures that have entertained her salamander swum ?	have some vultures that her entertained her swum ?
SRC	haven't some ravens that have amused the quails slept ?	have some ravens that amused the quails haven't slept ?
SRC	has our newt who the vulture hasn't accepted read ?	hasn't our newt who the vulture accepted has read ?
SRC	hasn't my peacock that has remembered the peacock waited ?	has my peacock that remembered the peacock hasn't waited ?
SRC	have my peacocks that haven't entertained the unicorn slept ?	haven't my peacocks that entertained the unicorn slept ? ?
SRC	haven't my tyrannosauruses that have comforted the orangutan slept ?	have my tyrannosauruses that comforted the orangutan slept ? ?
SRC	haven't my xylophones who have accepted the orangutan slept ?	have my xylophones who the accepted the orangutan ? ?
SRC	have your xylophones who haven't comforted her salamander swum ?	haven't your xylophones who comforted her salamander have swum ?
SRC	hasn't our walrus who her raven has remembered confused the newts ?	has our walrus who her raven remembered hasn't confused the newts ?
SRC	have the yaks that haven't accepted your zebras confused some raven ?	haven't the yaks that your accepted your confused some raven ? ?
SRC	has some xylophone who hasn't applauded some walrus applauded our salamander ?	hasn't some xylophone who applauded some walrus has applauded our salamander ?
SRC	hasn't some walrus who has entertained your yak comforted some peacocks ?	has some walrus who your yak hasn't comforted some peacocks ? ?
SRC	haven't your peacocks who the tyrannosauruses have remembered accepted my xylophone ?	have your peacocks who the tyrannosauruses remembered haven't accepted my xylophone ?
SRC	haven't my unicorns who have admired your xylophone accepted your zebra ?	have my unicorns who your admired your xylophone accepted your zebra ?
SRC	has our salamander that hasn't applauded my ravens remembered my salamanders ?	hasn't our salamander that applauded my ravens remembered my salamanders remembered ?
SRC	has our xylophone that hasn't applauded our vulture accepted my unicorns ?	hasn't our xylophone that applauded our vulture has accepted my unicorns ?
SRC	have your xylophones that haven't confused her vulture moved ?	haven't your xylophones that her confused her moved ? ? ?
SRC	hasn't her walrus that has entertained your zebra moved ?	has her walrus that your entertained your moved ? ? ?
SRC	haven't your unicorns that our walruses have admired annoyed our vultures by her raven ?	have your unicorns that our walruses admired haven't annoyed our vultures by her raven ?
SRC	have the newts who your peacocks haven't remembered applauded your walrus behind her yak ?	haven't the newts who your peacocks remembered have applauded your walrus behind her yak ?
SRC	has your xylophone who our orangutan hasn't annoyed annoyed the quail below some quail ?	hasn't your xylophone who our orangutan annoyed annoyed the quail below some quail ? ?
SRC	haven't your peacocks who have confused my raven amused your tyrannosauruses upon my unicorn ?	have your peacocks who my raven raven amused your tyrannosauruses upon my unicorn ?
SRC	haven't your vultures who have accepted your xylophones remembered our orangutans above our ravens ?	have your vultures who your xylophones accepted our remembered our orangutans above our ravens ?
SRC	has your raven that hasn't changed read ?	hasn't your raven that changed read ?
SRC	has some yak that hasn't swum swum ?	hasn't some yak that swum swum ?
SRC	haven't our tyrannosauruses that have swum slept ?	have our tyrannosauruses that swum slept ?
SRC	hasn't your yak that has slept moved ?	has your yak that slept moved ?
SRC	hasn't my vulture who has eaten changed ?	has my vulture who eaten eaten ?
SRC	hasn't her zebra who the peacock has confused moved ?	has her zebra who the peacock confused hasn't moved ?
SRC	hasn't my xylophone that has annoyed my xylophone eaten ?	has my xylophone that has annoyed my xylophone eaten ?
SRC	has our raven that hasn't confused your newt waited ?	hasn't our raven that your confused your waited ? ?
SRC	hasn't my yak that has admired my walruses eaten ?	has my yak that admired my walruses hasn't eaten ?
SRC	haven't her tyrannosauruses who her zebras have comforted smiled ?	have her tyrannosauruses who her zebras comforted haven't smiled ?
SRC	have the xylophones who the walruses haven't admired giggled ?	haven't the xylophones who the walruses admired have giggled ?
SRC	haven't your tyrannosauruses that have slept annoyed your yak ?	have your tyrannosauruses that have annoyed your yak ?
SRC	have our salamanders that haven't comforted our orangutans read ?	haven't our salamanders that our comforted our orangutans read ?
SRC	has your quail who hasn't entertained my xylophone giggled ?	hasn't your quail who my entertained my xylophone giggled ?
SRC	hasn't our raven who has amused your peacocks giggled ?	has our raven who your peacocks your giggled ? ?
SRC	have our xylophones who haven't waited swum ?	haven't our xylophones who have swum ?
SRC	have some ravens who haven't read read ?	haven't some ravens who read read ?
SRC	haven't our vultures that have slept read ?	have our vultures that have read ?
SRC	has some newt that hasn't moved eaten ?	hasn't some newt that moved moved eaten ?
SRC	has her yak that hasn't moved swum ?	hasn't her yak that moved ? swum ?
SRC	have some zebras who our walruses haven't annoyed moved ?	haven't some zebras who our walruses annoyed have moved ?
SRC	haven't the zebras who have annoyed her vultures smiled ?	have the zebras who her annoyed her smiled ? ?
SRC	have my tyrannosauruses who haven't read confused my vulture ?	haven't my tyrannosauruses who have confused my vulture ? ?
SRC	haven't my peacocks that have annoyed your raven waited ?	have my peacocks that your annoyed your waited ? ?
SRC	have your tyrannosauruses that haven't giggled amused my raven ?	haven't your tyrannosauruses that giggled amused my raven ? ?
SRC	have my vultures who haven't eaten slept ?	haven't my vultures who eaten eaten ?
SRC	have your zebras who haven't moved smiled ?	haven't your zebras who moved moved ? ?
SRC	has your xylophone who hasn't waited changed ?	hasn't your xylophone who has changed ?
SRC	have your vultures who haven't smiled moved ?	haven't your vultures who smiled moved ?
SRC	has her yak that hasn't giggled changed ?	hasn't her yak that giggled changed changed ?
SRC	haven't my orangutans who have amused her vulture read ?	have my orangutans who her amused her read ? ?
SRC	hasn't her walrus that has amused some orangutans waited ?	has her walrus that amused some orangutans hasn't waited ?
SRC	hasn't some yak who has giggled comforted her tyrannosauruses ?	hasn't some yak who giggled comforted her tyrannosauruses ? ?
SRC	has my zebra who hasn't comforted some raven waited ?	hasn't my zebra who some comforted some has waited ?
SRC	hasn't the raven who has annoyed her ravens giggled ?	has the raven who her annoyed her giggled ? ?
SRC	hasn't our orangutan who has changed swum ?	hasn't our orangutan who changed swum ?
SRC	hasn't the walrus that has smiled moved ?	hasn't the walrus that smiled smiled moved ?
SRC	hasn't your orangutan who has waited waited ?	hasn't your orangutan who waited waited waited ?
SRC	haven't our zebras that have giggled moved ?	have our zebras that giggled moved ?
SRC	hasn't my xylophone who has swum moved ?	has my xylophone who swum moved ?
SRC	have the ravens who her orangutans haven't comforted eaten ?	haven't the ravens who her orangutans comforted eaten ?
SRC	have the tyrannosauruses that haven't comforted her xylophone read ?	haven't the tyrannosauruses that comforted her xylophone read ? ?
SRC	haven't your orangutans that your orangutans have entertained eaten ?	have your orangutans that your orangutans entertained haven't eaten ?
SRC	has your salamander who hasn't admired my quails waited ?	hasn't your salamander who my quails my quails waited ?
SRC	hasn't your zebra that the peacock has accepted read ?	has your zebra that the peacock accepted hasn't read ?
SRC	hasn't my salamander who has smiled moved ?	hasn't my salamander who smiled moved ?
SRC	hasn't some yak that has slept giggled ?	has some yak that hasn't giggled ?
SRC	has your vulture who hasn't giggled read ?	hasn't your vulture who giggled read ?
SRC	haven't some yaks that have swum smiled ?	have some yaks that swum smiled ?
SRC	have her walruses who haven't moved eaten ?	haven't her walruses who moved ? eaten ?
SRC	have your ravens that haven't read annoyed our xylophones ?	haven't your ravens that have annoyed our xylophones ? ?
SRC	have some tyrannosauruses who haven't annoyed my tyrannosauruses waited ?	haven't some tyrannosauruses who annoyed my tyrannosauruses have waited ?
SRC	hasn't our vulture that some quail has annoyed waited ?	has our vulture that some quail annoyed hasn't waited ?
SRC	have your xylophones who our salamanders haven't remembered giggled ?	haven't your xylophones who our salamanders remembered have giggled ?
SRC	has your vulture who hasn't admired our vulture slept ?	hasn't your vulture who our vulture our vulture slept ?
SRC	have my vultures that haven't remembered my ravens admired your unicorns above my unicorns ?	haven't my vultures that remembered my ravens have admired your unicorns above my unicorns ?
SRC	hasn't our raven that has entertained our vulture accepted my peacock near your raven ?	has our raven that has entertained our vulture accepted my peacock near your raven ?
SRC	has your newt that the newt hasn't entertained remembered the zebra around her unicorn ?	hasn't your newt that the newt entertained has remembered the zebra around her unicorn ?
SRC	haven't your zebras who have admired our quail admired the quail behind some unicorn ?	have your zebras who our quail admired our quail admired the unicorn behind some unicorn ?
SRC	hasn't my newt who her zebra has confused entertained her orangutan below my yak ?	has my newt who her zebra confused hasn't entertained her orangutan below my yak ?
SRC	has my unicorn that hasn't swum swum ?	hasn't my unicorn that swum swum ?
SRC	hasn't our salamander who has giggled slept ?	hasn't our salamander who giggled slept ?
SRC	have her unicorns who haven't read smiled ?	haven't her unicorns who read smiled ?
SRC	has my newt who hasn't changed moved ?	hasn't my newt who changed moved ?
SRC	has her raven that hasn't moved moved ?	hasn't her raven that moved moved ?
SRC	haven't the orangutans that have waited changed ?	have the orangutans that haven't changed changed ?
SRC	haven't your vultures who have swum giggled ?	have your vultures who have giggled giggled ?
SRC	haven't her tyrannosauruses that have smiled moved ?	have her tyrannosauruses that smiled moved ?
SRC	hasn't my peacock who has waited slept ?	hasn't my peacock who has slept ?
SRC	have your zebras who haven't smiled changed ?	haven't your zebras who smiled changed changed ?
SRC	hasn't your orangutan who has changed waited ?	hasn't your orangutan who changed waited ?
SRC	haven't your salamanders that have swum eaten ?	have your salamanders that swum ?
SRC	hasn't my unicorn who has changed swum ?	has my unicorn who changed swum ?
SRC	haven't some salamanders who have eaten waited ?	have some salamanders who eaten eaten ?
SRC	have some yaks that haven't eaten smiled ?	haven't some yaks that eaten eaten ?
SRC	haven't the peacocks who some salamanders have accepted admired the peacocks ?	have the peacocks who some salamanders accepted haven't admired the peacocks ?
SRC	has my raven that our newt hasn't entertained accepted her zebra ?	hasn't my raven that our newt entertained has accepted her zebra ?
SRC	has your newt that hasn't remembered the salamander comforted my unicorn ?	hasn't your newt that remembered the salamander has comforted my unicorn ?
SRC	have her newts who my vultures haven't remembered amused your unicorns ?	haven't her newts who my vultures remembered amused your unicorns ? ?
SRC	hasn't your xylophone that has annoyed some orangutans admired the yaks ?	has your xylophone that some orangutans admired hasn't admired the yaks ?
SRC	hasn't her unicorn that has entertained your salamander entertained our unicorns ?	has her unicorn that your entertained your salamander entertained our unicorns ?
SRC	have some vultures that haven't accepted our vulture remembered her orangutans ?	haven't some vultures that accepted our vulture remembered her orangutans ? ?
SRC	haven't our orangutans that have accepted some peacocks entertained the zebras ?	have our orangutans that some accepted some entertained the zebras ? ?
SRC	hasn't your orangutan who has admired my vultures applauded her unicorn ?	has your orangutan who my vultures applauded my hasn't applauded her unicorn ?
SRC	haven't your salamanders that the newts have entertained admired my newts ?	have your salamanders that the newts entertained haven't admired my newts ?
SRC	has my orangutan that her raven hasn't amused annoyed the unicorn above her vulture ?	hasn't my orangutan that her raven amused has annoyed the unicorn above her vulture ?
SRC	have our zebras that some orangutans haven't admired applauded her walruses behind some walrus ?	haven't our zebras that some orangutans admired have applauded her walruses behind some walrus ?
SRC	hasn't her salamander that has amused some vultures amused some zebras around my salamander ?	has her salamander that amused some vultures amused some zebras around my salamander around ?
SRC	has my tyrannosaurus who hasn't changed amused the yak below our vulture ?	hasn't my tyrannosaurus who changed amused the yak below our yak below ? ?
SRC	hasn't my raven who has smiled admired my xylophone behind her salamander ?	hasn't my raven who smiled admired my xylophone behind her xylophone behind ? ?
SRC	has my raven that some salamander hasn't applauded read ?	hasn't my raven that some salamander applauded has read ?
SRC	haven't your orangutans that have entertained our zebras giggled ?	have your orangutans that our zebras our giggled ? ?
SRC	have the yaks who haven't amused the peacock waited ?	haven't the yaks who the amused the waited ? ?
SRC	haven't her unicorns who my orangutans have admired read ?	have her unicorns who my orangutans admired haven't read ?
SRC	hasn't my walrus that her tyrannosaurus has amused giggled ?	has my walrus that her tyrannosaurus amused hasn't giggled ?
SRC	hasn't the raven that has comforted some vulture accepted my walruses below some raven ?	has the raven that some comforted some vulture hasn't accepted my walruses below some raven ?
SRC	haven't our unicorns who the ravens have remembered admired the ravens behind your peacock ?	have our unicorns who the ravens remembered admired the ravens behind your peacock ? ?
SRC	haven't her zebras that some unicorns have accepted admired my xylophone with my unicorn ?	have her zebras that some unicorns accepted haven't admired my xylophone with my unicorn ?
SRC	hasn't my tyrannosaurus who has confused your salamanders annoyed some peacocks around the tyrannosaurus ?	has my tyrannosaurus who your salamanders your salamanders annoyed some peacocks around the tyrannosaurus ?
SRC	have the ravens that our unicorns haven't confused amused our zebra below her zebra ?	haven't the ravens that our unicorns confused amused our zebra below her zebra ? ?
SRC	hasn't your walrus that has changed giggled ?	hasn't your walrus that changed giggled ?
SRC	haven't my quails that have giggled eaten ?	have my quails that giggled eaten ?
SRC	hasn't your newt that has slept smiled ?	hasn't your newt that slept smiled ?
SRC	has our walrus who hasn't eaten giggled ?	hasn't our walrus who eaten eaten ?
SRC	have your ravens who haven't waited read ?	haven't your ravens who have read ?
SRC	hasn't some zebra who has moved amused some salamander above the zebras ?	hasn't some zebra who moved moved amused some salamander above the zebras ?
SRC	have my vultures who haven't slept amused some quail with the vultures ?	haven't my vultures who slept amused some quail with the quail ? ?
SRC	haven't my ravens who have waited amused my newt around her unicorns ?	have my ravens who have amused my newt around her newt ? ?
SRC	have the peacocks that haven't smiled accepted the tyrannosauruses around your walruses ?	haven't the peacocks that smiled accepted the tyrannosauruses around your walruses ? ?
SRC	have our quails that haven't changed remembered her xylophones around your peacocks ?	haven't our quails that changed remembered her xylophones around your peacocks around your
SRC	has our yak who your walrus hasn't amused eaten ?	hasn't our yak who your walrus amused has eaten ?
SRC	has my orangutan who your zebra hasn't annoyed slept ?	hasn't my orangutan who your zebra annoyed has slept ?
SRC	have my quails that her orangutans haven't amused eaten ?	haven't my quails that her orangutans amused have eaten ?
SRC	haven't some newts who have moved remembered the zebras ?	have some newts who moved moved the zebras ? ?
SRC	has some tyrannosaurus that hasn't read comforted our vulture ?	hasn't some tyrannosaurus that read comforted our vulture ? ?
SRC	have your newts who the peacocks haven't admired eaten ?	haven't your newts who the peacocks admired have eaten ?
SRC	have our peacocks that our salamanders haven't annoyed slept ?	haven't our peacocks that our salamanders annoyed annoyed slept ?
SRC	haven't our xylophones that have applauded her orangutans moved ?	have our xylophones that applauded her orangutans haven't moved ?
SRC	has some raven who her unicorn hasn't comforted changed ?	hasn't some raven who her unicorn comforted has changed ?
SRC	have my salamanders that haven't entertained her yaks changed ?	haven't my salamanders that her entertained her changed ? ?
SRC	have your unicorns that haven't comforted your zebras swum ?	haven't your unicorns that comforted your zebras have swum ?
SRC	have the salamanders who the unicorns haven't accepted slept ?	haven't the salamanders who the unicorns accepted have slept ?
SRC	have our orangutans who haven't moved confused some vultures ?	haven't our orangutans who moved moved some vultures ? ?
SRC	hasn't the newt who has comforted the vultures changed ?	has the newt who the comforted the vultures ? ?
SRC	hasn't her tyrannosaurus who your newt has comforted eaten ?	has her tyrannosaurus who your newt comforted eaten ?
SRC	have her orangutans who haven't accepted the newt slept ?	haven't her orangutans who the accepted the slept ? ?
SRC	have the orangutans who haven't eaten amused my vultures ?	haven't the orangutans who eaten eaten amused my vultures ?
SRC	has some vulture who hasn't annoyed my walruses moved ?	hasn't some vulture who annoyed my walruses has moved ?
SRC	haven't my ravens that have admired the vultures eaten ?	have my ravens that the admired the vultures eaten ?
SRC	hasn't some tyrannosaurus who has slept accepted the unicorns ?	hasn't some tyrannosaurus who slept accepted the unicorns ?
SRC	hasn't her orangutan who has swum waited ?	hasn't her orangutan who swum waited ?
SRC	hasn't her orangutan who has smiled smiled ?	hasn't her orangutan who smiled smiled smiled ?
SRC	haven't her tyrannosauruses that have eaten giggled ?	have her tyrannosauruses that eaten eaten ?
SRC	haven't the zebras that have eaten changed ?	have the zebras that eaten eaten ?
SRC	haven't the unicorns that have eaten smiled ?	have the unicorns that eaten eaten ?
SRC	have her orangutans who haven't giggled eaten ?	haven't her orangutans who giggled eaten ?
SRC	have my xylophones who haven't swum swum ?	haven't my xylophones who swum swum ?
SRC	has some orangutan that hasn't eaten swum ?	hasn't some orangutan that eaten eaten ?
SRC	haven't your quails who have waited slept ?	have your quails who have slept ?
SRC	have her zebras who haven't slept giggled ?	haven't her zebras who slept giggled ?
SRC	haven't my yaks that my walruses have applauded applauded your unicorns ?	have my yaks that my walruses applauded applauded your unicorns ?
SRC	have the orangutans who my peacocks haven't applauded annoyed your zebras ?	haven't the orangutans who my peacocks applauded annoyed your zebras ?
SRC	haven't your yaks that have annoyed your tyrannosaurus amused some vultures ?	have your yaks that your annoyed your amused some vultures ?
SRC	has my xylophone that hasn't applauded your unicorn accepted our walruses ?	hasn't my xylophone that applauded your unicorn accepted our walruses ?
SRC	hasn't our yak that her zebra has confused confused my peacock ?	has our yak that her zebra confused confused my peacock ?
SRC	hasn't some yak who has eaten giggled ?	has some yak who eaten eaten ?
SRC	has your tyrannosaurus that hasn't slept smiled ?	hasn't your tyrannosaurus that slept smiled ?
SRC	has the unicorn who hasn't swum smiled ?	hasn't the unicorn who swum smiled ?
SRC	haven't my walruses that have moved moved ?	have my walruses that moved moved ?
SRC	hasn't our walrus who has slept changed ?	hasn't our walrus who slept changed changed ?
SRC	have some vultures that haven't smiled accepted the newts ?	haven't some vultures that smiled accepted the newts ? ?
SRC	haven't some orangutans who have smiled applauded your peacocks ?	have some orangutans who smiled applauded applauded your peacocks ?
SRC	haven't some ravens who have remembered her ravens swum ?	have some ravens who have remembered her swum ?
SRC	haven't our yaks who have annoyed our tyrannosauruses waited ?	have our yaks who annoyed our tyrannosauruses haven't waited ?
SRC	hasn't some yak who has entertained the walruses giggled ?	has some yak who the walruses the giggled ? ?
SRC	haven't the xylophones that some ravens have annoyed slept ?	have the xylophones that some ravens annoyed haven't slept ?
SRC	hasn't your tyrannosaurus that has applauded our peacock eaten ?	has your tyrannosaurus that applauded our peacock hasn't eaten ?
SRC	haven't some peacocks that my peacocks have remembered moved ?	have some peacocks that my peacocks remembered haven't moved ?
SRC	haven't her ravens who have amused some quail read ?	have her ravens who some amused some read ? ?
SRC	hasn't her walrus that some orangutan has entertained waited ?	has her walrus that some orangutan entertained hasn't waited ?
SRC	haven't her zebras who her quails have admired waited ?	have her zebras who her quails admired haven't waited ?
SRC	has the salamander that hasn't smiled confused her peacock ?	hasn't the salamander that smiled smiled her peacock ? ?
SRC	haven't our peacocks who have applauded her zebras smiled ?	have our peacocks who applauded her zebras haven't smiled ?
SRC	haven't the orangutans that your newts have applauded moved ?	have the orangutans that your newts applauded applauded ? ?
SRC	has our peacock that your orangutan hasn't amused slept ?	hasn't our peacock that your orangutan amused has slept ?
SRC	hasn't the orangutan who has entertained your orangutan swum ?	has the orangutan who your orangutan orangutan hasn't swum ?
SRC	have the peacocks who her quails haven't comforted smiled ?	haven't the peacocks who her quails comforted smiled ? ?
SRC	has some yak who hasn't entertained my salamander read ?	hasn't some yak who my entertained my salamander read ?
SRC	haven't our yaks who have entertained the yak slept ?	have our yaks who the entertained the slept ? ?
SRC	have your quails who haven't remembered the xylophones changed ?	haven't your quails who the xylophones changed changed ? ?
SRC	haven't our peacocks that have changed read ?	have our peacocks that have read ?
SRC	haven't our unicorns who have eaten smiled ?	have our unicorns who eaten eaten ?
SRC	have some yaks who haven't read swum ?	haven't some yaks who have swum ?
SRC	have the unicorns that haven't smiled swum ?	haven't the unicorns that smiled smiled swum ?
SRC	has some zebra that hasn't swum changed ?	hasn't some zebra that swum changed changed ?
SRC	has your vulture who hasn't moved swum ?	hasn't your vulture who moved ? swum ?
SRC	have our ravens that haven't slept waited ?	haven't our ravens that have waited waited ?
SRC	has my newt that hasn't eaten giggled ?	hasn't my newt that eaten eaten ?
SRC	hasn't her newt who has eaten eaten ?	has her newt who eaten eaten ?
SRC	hasn't some orangutan who has changed eaten ?	hasn't some orangutan who changed eaten ?
SRC	haven't your ravens who our walruses have comforted giggled ?	have your ravens who our walruses comforted giggled ? ?
SRC	have your peacocks who my vultures haven't annoyed waited ?	haven't your peacocks who my vultures annoyed waited ? ?
SRC	has the xylophone that hasn't amused your unicorns moved ?	hasn't the xylophone that amused your unicorns moved ? ?
SRC	hasn't our tyrannosaurus who our raven has entertained swum ?	has our tyrannosaurus who our raven entertained hasn't swum ?
SRC	hasn't our vulture who has entertained some newt waited ?	has our vulture who some entertained some waited ? ?
SRC	hasn't your yak who her unicorn has accepted moved ?	has your yak who her unicorn accepted hasn't moved ?
SRC	has my vulture who hasn't entertained some yaks moved ?	hasn't my vulture who some yaks some moved ? ?
SRC	hasn't her walrus who her unicorn has applauded giggled ?	has her walrus who her unicorn applauded hasn't giggled ?
SRC	haven't your quails who have amused our quail giggled ?	have your quails who our amused our giggled ? ?
SRC	has some peacock who hasn't confused our quails eaten ?	hasn't some peacock who our confused our eaten ? ?
SRC	have the salamanders that haven't swum giggled ?	haven't the salamanders that swum giggled ?
SRC	has my peacock who hasn't moved smiled ?	hasn't my peacock who moved moved ? ?
SRC	hasn't my xylophone that has moved moved ?	has my xylophone that moved moved moved ?
SRC	haven't her vultures that have giggled giggled ?	have her vultures that giggled giggled giggled ?
SRC	hasn't some raven that has swum moved ?	has some raven that swum moved ?
SRC	have our quails who haven't admired your peacock remembered the unicorn ?	haven't our quails who your peacock admired remembered the unicorn ? ?
SRC	have some quails that the quails haven't comforted amused your walrus ?	haven't some quails that the quails comforted amused your walrus ? ?
SRC	hasn't my orangutan that your newt has amused confused our unicorns ?	has my orangutan that your newt amused hasn't confused our unicorns ?
SRC	haven't your walruses that some salamanders have comforted comforted her xylophones ?	have your walruses that some salamanders comforted comforted her xylophones ? ?
SRC	have her unicorns who haven't annoyed the unicorns remembered the ravens ?	haven't her unicorns who annoyed the unicorns remembered the ravens ? ?
SRC	hasn't my raven that has remembered the xylophones applauded our orangutans ?	has my raven that remembered the xylophones hasn't applauded our orangutans ?
SRC	has our raven who hasn't annoyed her newts confused your walrus ?	hasn't our raven who her annoyed her confused your walrus ? ?
SRC	has your unicorn who some raven hasn't remembered applauded my newt ?	hasn't your unicorn who some raven remembered has applauded my newt ?
SRC	has our walrus who her vulture hasn't accepted entertained my quail ?	hasn't our walrus who her vulture accepted has entertained my quail ?
SRC	haven't her walruses that have accepted my yaks annoyed your salamander ?	have her walruses that accepted my yaks haven't annoyed your salamander ?
SRC	hasn't some orangutan who the raven has confused waited ?	has some orangutan who the raven confused hasn't waited ?
SRC	has some xylophone that hasn't admired my tyrannosaurus swum ?	hasn't some xylophone that admired my tyrannosaurus has swum ?
SRC	haven't your orangutans that have changed admired some unicorns ?	have your orangutans that have admired some unicorns ?
SRC	have the ravens that the ravens haven't annoyed read ?	haven't the ravens that the ravens annoyed some read ?
SRC	have her tyrannosauruses that her zebras haven't admired moved ?	haven't her tyrannosauruses that her zebras admired have moved ?
SRC	have the newts who haven't admired some walrus remembered our raven ?	haven't the newts who some walrus walrus remembered our raven ? ?
SRC	have your peacocks that my orangutans haven't confused annoyed my tyrannosaurus ?	haven't your peacocks that my orangutans confused have annoyed my tyrannosaurus ?
SRC	has my raven that hasn't entertained your newts annoyed your newts ?	hasn't my raven that your entertained your annoyed your newts ? ?
SRC	has our vulture that the yak hasn't entertained amused your walruses ?	hasn't our vulture that the yak entertained has amused your walruses ?
SRC	have our peacocks that some newts haven't comforted admired our peacock ?	haven't our peacocks that some newts comforted our admired our peacock ?
SRC	hasn't my tyrannosaurus who your yak has remembered comforted our unicorns ?	has my tyrannosaurus who your yak remembered our comforted our unicorns ?
SRC	haven't her walruses that have annoyed my xylophone confused some salamander ?	have her walruses that have annoyed my xylophone confused some salamander ?
SRC	has the raven who hasn't remembered some orangutans amused her vultures ?	hasn't the raven who some remembered some orangutans amused her vultures ?
SRC	haven't my newts who have entertained our zebra remembered some xylophone ?	have my newts who entertained our zebra remembered some xylophone ? ?
SRC	hasn't my vulture that her xylophone has annoyed amused some xylophones ?	has my vulture that her xylophone annoyed hasn't amused some xylophones ?
SRC	have our walruses that haven't swum admired your ravens near her quail ?	haven't our walruses that swum admired your ravens near her ravens ? ?
SRC	has my peacock that hasn't eaten confused your quail with the newt ?	hasn't my peacock that eaten eaten eaten your quail with the newt ?
SRC	has some raven that hasn't giggled annoyed my zebras with our tyrannosauruses ?	hasn't some raven that giggled annoyed my zebras with our tyrannosauruses with ?
SRC	haven't the vultures who have giggled admired my vultures with my newts ?	have the vultures who giggled admired my vultures with my newts ? ?
SRC	hasn't her salamander who has read accepted my tyrannosaurus with your raven ?	hasn't her salamander who has accepted my tyrannosaurus with my tyrannosaurus with ?
SRC	has our peacock that hasn't entertained your ravens slept ?	hasn't our peacock that your entertained your slept ?
SRC	hasn't your yak that has entertained my quail moved ?	has your yak that my entertained my moved ?
SRC	haven't our newts that have changed comforted our salamanders ?	have our newts that have comforted our salamanders ?
SRC	hasn't our tyrannosaurus that has smiled annoyed the unicorns ?	hasn't our tyrannosaurus that smiled annoyed the unicorns ?
SRC	has your orangutan that hasn't annoyed our ravens read ?	hasn't your orangutan that annoyed our ravens read ?
SRC	have our zebras who haven't waited swum ?	haven't our zebras who have swum ?
SRC	haven't my orangutans who have slept smiled ?	have my orangutans who slept smiled ?
SRC	haven't our orangutans who have giggled waited ?	have our orangutans who giggled waited ?
SRC	has the yak who hasn't read swum ?	hasn't the yak who has swum ?
SRC	has our yak who hasn't giggled moved ?	hasn't our yak who giggled moved ?
SRC	haven't my salamanders that our unicorns have amused smiled ?	have my salamanders that our unicorns amused haven't smiled ?
SRC	have your tyrannosauruses who some walruses haven't confused changed ?	haven't your tyrannosauruses who some walruses confused have changed ?
SRC	haven't my yaks who my ravens have confused smiled ?	have my yaks who my ravens confused smiled ? ?
SRC	have some salamanders who haven't giggled comforted the yak ?	haven't some salamanders who giggled comforted the yak ?
SRC	have the peacocks who haven't accepted her ravens waited ?	haven't the peacocks who her accepted her waited ? ?
SRC	haven't the orangutans who have annoyed some yaks read ?	have the orangutans who some yaks some yaks read ?
SRC	has your orangutan that our tyrannosaurus hasn't entertained smiled ?	hasn't your orangutan that our tyrannosaurus entertained has smiled ?
SRC	hasn't our orangutan that has remembered the orangutans giggled ?	has our orangutan that remembered the orangutans hasn't giggled ?
SRC	have some orangutans that the vultures haven't annoyed waited ?	haven't some orangutans that the vultures annoyed waited ? ?
SRC	has some peacock that your raven hasn't confused waited ?	hasn't some peacock that your raven confused has waited ?
SRC	hasn't our tyrannosaurus that my raven has comforted giggled ?	has our tyrannosaurus that my raven comforted giggled ? ?
SRC	has the salamander that hasn't confused my ravens giggled ?	hasn't the salamander that my confused my giggled ? ?
SRC	haven't the zebras that have applauded my quails giggled ?	have the zebras that applauded my quails haven't giggled ?
SRC	has the vulture that hasn't accepted my peacocks read ?	hasn't the vulture that accepted my peacocks has read ?
SRC	haven't her xylophones that have swum amused the newt ?	have her xylophones that swum amused the newt ? ?
SRC	haven't my peacocks that have remembered my quails smiled ?	have my peacocks that remembered my quails haven't smiled ?
SRC	have the unicorns that haven't applauded some unicorn read ?	haven't the unicorns that applauded some unicorn read ? ?
SRC	hasn't the newt that my salamander has applauded changed ?	has the newt that my salamander applauded hasn't changed ?
SRC	have some yaks who haven't annoyed your yak eaten ?	haven't some yaks who your yak have eaten ?
SRC	has the raven who my quail hasn't annoyed read ?	hasn't the raven who my quail annoyed has read ?
SRC	haven't your quails who have amused the tyrannosauruses moved ?	have your quails who have amused the tyrannosauruses moved ?
SRC	have your vultures that haven't remembered our walrus eaten ?	haven't your vultures that our walrus our walrus eaten ?
SRC	has some newt who the xylophone hasn't accepted moved ?	hasn't some newt who the xylophone accepted has moved ?
SRC	has my salamander that hasn't entertained your tyrannosauruses changed ?	hasn't my salamander that your entertained your tyrannosauruses has changed ?
SRC	have her tyrannosauruses who her salamanders haven't entertained smiled ?	haven't her tyrannosauruses who her salamanders entertained have smiled ?
SRC	hasn't the vulture that your salamander has amused read ?	has the vulture that your salamander amused hasn't read ?
SRC	have some quails who haven't amused my tyrannosaurus eaten ?	haven't some quails who my amused my tyrannosaurus eaten ?
SRC	have her newts who haven't read confused the zebra ?	haven't her newts who have confused the zebra ? ?
SRC	hasn't your tyrannosaurus that your zebra has annoyed eaten ?	has your tyrannosaurus that your zebra annoyed hasn't eaten ?
SRC	hasn't your xylophone that your salamander has annoyed giggled ?	has your xylophone that your salamander annoyed hasn't giggled ?
SRC	hasn't your zebra that has changed slept ?	has your zebra that changed slept ?
SRC	have her yaks that haven't changed moved ?	haven't her yaks that changed moved ?
SRC	haven't the unicorns who have moved swum ?	have the unicorns who moved moved swum ?
SRC	have my walruses that haven't giggled waited ?	haven't my walruses that giggled waited ?
SRC	haven't my unicorns who have slept slept ?	have my unicorns who slept slept ?
SRC	hasn't my unicorn who has remembered my peacock moved ?	has my unicorn who remembered my peacock hasn't moved ?
SRC	have some salamanders that some quails haven't confused giggled ?	haven't some salamanders that some quails confused have giggled ?
SRC	have the quails that your vultures haven't amused slept ?	haven't the quails that your vultures amused have slept ?
SRC	has the unicorn that hasn't entertained her tyrannosauruses giggled ?	hasn't the unicorn that her entertained her giggled ? ?
SRC	hasn't her raven who my peacock has admired swum ?	has her raven who my peacock admired hasn't swum ?
SRC	have your newts who haven't annoyed our newts smiled ?	haven't your newts who our newts newts have smiled ?
SRC	have my salamanders that my xylophones haven't admired moved ?	haven't my salamanders that my xylophones admired admired ? ?
SRC	haven't the unicorns who have entertained our zebras moved ?	have the unicorns who entertained our zebras haven't moved ?
SRC	have the vultures that haven't entertained your peacock eaten ?	haven't the vultures that your entertained your peacock eaten ?
SRC	hasn't some peacock who has entertained my quail changed ?	has some peacock who my entertained my quail hasn't changed ?
SRC	hasn't her tyrannosaurus that has applauded the vultures annoyed the zebras below some ravens ?	has her tyrannosaurus that applauded the vultures annoyed the zebras below some ravens below some ravens
SRC	hasn't some salamander who her walrus has entertained accepted our walrus with her yak ?	has some salamander who her walrus entertained hasn't accepted our walrus with her yak ?
SRC	haven't our zebras who the ravens have annoyed comforted your orangutans near your ravens ?	have our zebras who the ravens annoyed haven't comforted your orangutans near your ravens ?
SRC	has our tyrannosaurus that your unicorn hasn't entertained comforted your peacock with your orangutan ?	hasn't our tyrannosaurus that your unicorn entertained has comforted your peacock with your orangutan ?
SRC	has my peacock who hasn't applauded her unicorn entertained some peacocks around my ravens ?	hasn't my peacock who applauded her unicorn entertained has entertained some ravens around my ravens ?
SRC	hasn't your orangutan who her yak has remembered moved ?	has your orangutan who her yak remembered hasn't moved ?
SRC	haven't the newts that have swum amused some xylophone ?	have the newts that have amused some xylophone ? ?
SRC	hasn't her salamander that has remembered my raven smiled ?	has her salamander that remembered my raven hasn't smiled ?
SRC	haven't some salamanders that have moved applauded our tyrannosaurus ?	have some salamanders that moved moved our tyrannosaurus ?
SRC	hasn't my zebra that our yak has entertained read ?	has my zebra that our yak entertained hasn't read ?
SRC	hasn't your raven who has annoyed our salamanders swum ?	has your raven who our salamanders our salamanders swum ?
SRC	has our orangutan that hasn't confused my salamanders changed ?	hasn't our orangutan that my confused my changed ? ?
SRC	hasn't the vulture that has comforted the walruses smiled ?	has the vulture that the comforted the walruses smiled ?
SRC	have my newts that haven't moved accepted her yak ?	haven't my newts that moved moved her yak ?
SRC	haven't my salamanders that some zebras have admired changed ?	have my salamanders that some zebras admired haven't changed ?
SRC	hasn't my orangutan that my vulture has applauded admired my newt around her newt ?	has my orangutan that my vulture applauded hasn't admired my newt around her newt ?
SRC	has my yak who hasn't remembered our salamander entertained your vulture behind some raven ?	hasn't my yak who our salamander has entertained your vulture behind some raven behind ?
SRC	haven't our quails who have comforted my salamander annoyed her ravens behind some orangutans ?	have our quails who comforted my salamander annoyed her ravens behind some orangutans ?
SRC	have her zebras that my unicorns haven't annoyed entertained some ravens around the ravens ?	haven't her zebras that my unicorns annoyed have entertained some ravens around the ravens ?
SRC	hasn't her zebra that has accepted my yaks amused the tyrannosauruses near some walruses ?	has her zebra that accepted my yaks hasn't amused the tyrannosauruses near some walruses ?
SRC	hasn't my xylophone that has swum remembered my quails behind the ravens ?	has my xylophone that swum remembered my quails behind the quails ?
SRC	haven't her zebras that have slept amused some vulture behind your tyrannosaurus ?	have her zebras that haven't amused some vulture behind your vulture ?
SRC	hasn't her yak that has applauded your unicorns confused our vultures ?	has her yak that applauded your unicorns confused our vultures ? ?
SRC	have some walruses that my peacocks haven't remembered applauded my walrus ?	haven't some walruses that my peacocks remembered have applauded my walrus ?
SRC	haven't our quails that have applauded some quail confused some salamanders ?	have our quails that applauded some quail haven't confused some salamanders ?
SRC	haven't her vultures who have moved waited ?	have her vultures who moved moved ?
SRC	has some tyrannosaurus that hasn't eaten waited ?	hasn't some tyrannosaurus that eaten eaten ?
SRC	hasn't the yak that has smiled read ?	has the yak that smiled smiled ?
SRC	haven't our salamanders that have slept changed ?	have our salamanders that have changed changed ?
SRC	hasn't the unicorn who has giggled changed ?	hasn't the unicorn who giggled changed ?
SRC	haven't my vultures who have annoyed some orangutan annoyed her quail ?	have my vultures who annoyed some orangutan annoyed her quail ? ?
SRC	haven't your ravens that have comforted our xylophone applauded my quails ?	have your ravens that our comforted our xylophone applauded my quails ?
SRC	hasn't my quail who has remembered the xylophones amused my quails ?	has my quail who the xylophones xylophones amused my quails ? ?
SRC	has the vulture who my yak hasn't comforted amused my walrus ?	hasn't the vulture who my yak comforted amused my walrus ? ?
SRC	haven't our tyrannosauruses that have amused our tyrannosauruses remembered some vultures ?	have our tyrannosauruses that amused our tyrannosauruses haven't remembered some vultures ?
SRC	have some ravens who your newts haven't confused annoyed the peacocks ?	haven't some ravens who your newts confused have annoyed the peacocks ?
SRC	has her raven who hasn't confused the newt confused your peacock ?	hasn't her raven who the confused the newt confused your peacock ?
SRC	have the ravens who haven't amused our newt confused her raven ?	haven't the ravens who our newt our confused her confused her raven ?
SRC	has her salamander that hasn't remembered her raven comforted some unicorn ?	hasn't her salamander that remembered her raven has comforted some unicorn ?
SRC	hasn't your unicorn that has annoyed our walruses accepted some quails ?	has your unicorn that annoyed our walruses hasn't accepted some quails ?
SRC	hasn't your quail that has accepted my quail slept ?	has your quail that accepted my quail slept ? ?
SRC	hasn't her zebra that your orangutan has remembered moved ?	has her zebra that your orangutan remembered hasn't moved ?
SRC	have my quails that the peacocks haven't remembered swum ?	haven't my quails that the peacocks remembered swum ? ?
SRC	hasn't her yak that your xylophone has remembered eaten ?	has her yak that your xylophone remembered hasn't eaten ?
SRC	have our zebras who haven't amused my zebras read ?	haven't our zebras who my zebras my zebras read ?
SRC	has my zebra who hasn't applauded the orangutans moved ?	hasn't my zebra who applauded the orangutans moved ? ?
SRC	has our walrus that hasn't amused some orangutans read ?	hasn't our walrus that amused some orangutans has read ?
SRC	hasn't my salamander who some salamander has accepted changed ?	has my salamander who some salamander accepted hasn't changed ?
SRC	have my peacocks who some quails haven't remembered giggled ?	haven't my peacocks who some quails remembered have giggled ?
SRC	has my zebra that our xylophone hasn't entertained swum ?	hasn't my zebra that our xylophone entertained has swum ?
SRC	haven't your peacocks who have giggled admired our tyrannosauruses with her salamanders ?	have your peacocks who giggled admired our tyrannosauruses with her tyrannosauruses with ?
SRC	have your tyrannosauruses who haven't moved annoyed the raven behind some quail ?	haven't your tyrannosauruses who moved moved annoyed the raven behind some quail ?
SRC	have your tyrannosauruses who haven't slept annoyed our xylophone near your peacock ?	haven't your tyrannosauruses who slept annoyed our xylophone near your peacock near your peacock
SRC	hasn't her raven that has waited amused some orangutans near my unicorns ?	has her raven that waited waited amused some orangutans near my unicorns ?
SRC	haven't my zebras who have slept entertained your tyrannosaurus above some quail ?	have my zebras who slept entertained your tyrannosaurus above some tyrannosaurus ? ?
SRC	hasn't some salamander that has comforted her orangutan moved ?	has some salamander that comforted her orangutan hasn't moved ?
SRC	hasn't your vulture that our newt has comforted swum ?	has your vulture that our newt comforted swum ?
SRC	haven't my peacocks who our xylophones have amused changed ?	have my peacocks who our xylophones amused haven't changed ?
SRC	haven't my ravens that have amused some yak eaten ?	have my ravens that amused some yak eaten ?
SRC	have my yaks that the tyrannosauruses haven't applauded waited ?	haven't my yaks that the tyrannosauruses applauded applauded ? ?
SRC	haven't my xylophones that have accepted her vultures annoyed your ravens near your tyrannosaurus ?	have my xylophones that accepted her vultures haven't annoyed your ravens near your tyrannosaurus ?
SRC	haven't her walruses who some yaks have amused entertained our raven by my walruses ?	have her walruses who some yaks amused haven't entertained our raven by my walruses ?
SRC	has your zebra who our vulture hasn't applauded annoyed your salamanders below our peacock ?	hasn't your zebra who our vulture applauded annoyed your salamanders below our peacock ? ?
SRC	haven't some vultures that her newts have entertained confused my tyrannosauruses by some tyrannosaurus ?	have some vultures that her newts entertained haven't confused my tyrannosauruses by some tyrannosaurus ?
SRC	have the tyrannosauruses who haven't comforted my tyrannosaurus entertained some xylophone behind the salamanders ?	haven't the tyrannosauruses who my comforted my tyrannosaurus entertained some xylophone behind the salamanders ?
SRC	haven't the unicorns that have confused our newts giggled ?	have the unicorns that our confused our newts giggled ?
SRC	haven't my unicorns that our unicorns have admired smiled ?	have my unicorns that our unicorns admired haven't smiled ?
SRC	have some tyrannosauruses that haven't applauded your peacock waited ?	haven't some tyrannosauruses that applauded your peacock waited ? ?
SRC	haven't our tyrannosauruses who have remembered our ravens giggled ?	have our tyrannosauruses who remembered our ravens haven't giggled ?
SRC	haven't my newts who some walruses have accepted changed ?	have my newts who some walruses accepted haven't changed ?
SRC	haven't some yaks that have amused our vulture swum ?	have some yaks that amused our vulture haven't swum ?
SRC	has some quail that hasn't read accepted our orangutan ?	hasn't some quail that has accepted our orangutan ? ?
SRC	hasn't some vulture who has entertained our newt changed ?	has some vulture who entertained our newt changed ?
SRC	have her quails that haven't slept confused our unicorn ?	haven't her quails that slept confused our unicorn ? ?
SRC	haven't my yaks that have entertained your yak read ?	have my yaks that your entertained your read ? ?
SRC	hasn't some zebra who has comforted our unicorn swum ?	has some zebra who our comforted our unicorn ?
SRC	hasn't my tyrannosaurus that has applauded your unicorn moved ?	has my tyrannosaurus that applauded your unicorn moved ? ?
SRC	has your raven that hasn't applauded my unicorn swum ?	hasn't your raven that applauded my unicorn has swum ?
SRC	hasn't our yak that my salamander has confused moved ?	has our yak that my salamander confused hasn't moved ?
SRC	has our orangutan that hasn't accepted the salamanders waited ?	hasn't our orangutan that the accepted the waited ? ?
SRC	hasn't some unicorn who has applauded your walrus smiled ?	has some unicorn who your walrus walrus hasn't smiled ?
SRC	have her yaks that some quails haven't accepted giggled ?	haven't her yaks that some quails accepted have giggled ?
SRC	hasn't our unicorn that your tyrannosaurus has remembered moved ?	has our unicorn that your tyrannosaurus remembered hasn't moved ?
SRC	has some vulture that our salamander hasn't annoyed eaten ?	hasn't some vulture that our salamander annoyed has eaten ?
SRC	has her xylophone who the unicorn hasn't amused eaten ?	hasn't her xylophone who the unicorn amused has eaten ?
SRC	have your salamanders who haven't swum swum ?	haven't your salamanders who swum swum ?
SRC	has some unicorn who hasn't smiled moved ?	hasn't some unicorn who smiled moved ?
SRC	has our xylophone who hasn't slept waited ?	hasn't our xylophone who slept waited ?
SRC	has my vulture who hasn't changed waited ?	hasn't my vulture who changed waited ?
SRC	have our newts who haven't waited swum ?	haven't our newts who have swum ?
SRC	has her orangutan who hasn't applauded some quail comforted our unicorns ?	hasn't her orangutan who some quail some quail comforted our unicorns ?
SRC	have her peacocks who haven't admired the xylophone amused our tyrannosauruses ?	haven't her peacocks who the admired the xylophone amused our tyrannosauruses ?
SRC	hasn't my zebra who our tyrannosaurus has remembered confused the raven ?	has my zebra who our tyrannosaurus remembered hasn't confused the raven ?
SRC	hasn't your unicorn who your xylophone has confused annoyed my newts ?	has your unicorn who your xylophone confused hasn't annoyed my newts ?
SRC	hasn't her tyrannosaurus that has comforted her vultures accepted your quail ?	has her tyrannosaurus that comforted her vultures accepted your quail ? ?
SRC	has the salamander that hasn't remembered your peacock smiled ?	hasn't the salamander that remembered your peacock has smiled ?
SRC	haven't some walruses that her newts have confused read ?	have some walruses that her newts confused haven't read ?
SRC	haven't her walruses who have changed admired the quail ?	have her walruses who changed admired the quail ? ?
SRC	has some peacock who her unicorn hasn't confused read ?	hasn't some peacock who her unicorn confused has read ?
SRC	hasn't your salamander that has comforted her yaks eaten ?	has your salamander that comforted her yaks hasn't eaten ?
SRC	has some raven who hasn't annoyed some tyrannosaurus eaten ?	hasn't some raven who some tyrannosaurus some eaten ?
SRC	have our ravens that haven't changed confused our quail ?	haven't our ravens that changed confused our quail ? ?
SRC	have her xylophones who haven't applauded her xylophone slept ?	haven't her xylophones who applauded her xylophone slept ? ?
SRC	haven't the vultures that have accepted your unicorns smiled ?	have the vultures that your accepted your unicorns smiled ?
SRC	haven't your orangutans that have accepted her quail moved ?	have your orangutans that accepted her quail haven't moved ?
SRC	has some raven that her salamander hasn't entertained slept ?	hasn't some raven that her salamander entertained has slept ?
SRC	haven't some zebras who the xylophones have confused swum ?	have some zebras who the xylophones confused swum ?
SRC	have some salamanders that haven't applauded some peacocks smiled ?	haven't some salamanders that applauded some peacocks have smiled ?
SRC	hasn't some peacock that your peacock has entertained swum ?	has some peacock that your peacock entertained hasn't swum ?
SRC	haven't her peacocks who our peacocks have remembered swum ?	have her peacocks who our peacocks remembered haven't swum ?
SRC	haven't the tyrannosauruses that her peacocks have confused eaten ?	have the tyrannosauruses that her peacocks confused eaten ?
SRC	has some quail who hasn't accepted some vultures read ?	hasn't some quail who some accepted some vultures read ?
SRC	have your walruses who your orangutans haven't comforted smiled ?	haven't your walruses who your orangutans comforted smiled ? ?
SRC	has her newt who hasn't applauded my quails moved ?	hasn't her newt who applauded my quails has moved ?
SRC	haven't our xylophones that have applauded some raven read ?	have our xylophones that applauded some raven haven't read ?
SRC	have our xylophones that haven't changed accepted my newt behind your yaks ?	haven't our xylophones that changed accepted my newt behind your yaks behind ?
SRC	hasn't our raven who has waited confused some tyrannosauruses behind some vulture ?	hasn't our raven who has confused some tyrannosauruses behind some vulture ? ?
SRC	haven't your zebras that have eaten remembered the newt above your walrus ?	have your zebras that eaten eaten remembered the newt above your walrus ?
SRC	haven't her peacocks who have eaten remembered our raven above your orangutan ?	have her peacocks who eaten eaten remembered our raven above your orangutan ?
SRC	hasn't our orangutan who has slept remembered some salamander below my tyrannosauruses ?	hasn't our orangutan who slept remembered some salamander below my tyrannosauruses below ?
SRC	have the zebras who haven't remembered the tyrannosauruses comforted the salamander behind your peacock ?	haven't the zebras who the remembered the tyrannosauruses have comforted the salamander behind your peacock ?
SRC	have her tyrannosauruses that haven't annoyed the salamander comforted her newt above some salamander ?	haven't her tyrannosauruses that the annoyed the salamander comforted her newt above some salamander ?
SRC	have her walruses who the newts haven't remembered admired her raven around the orangutans ?	haven't her walruses who the newts remembered have admired her raven around the orangutans ?
SRC	have our xylophones who your walruses haven't comforted accepted my vultures upon your zebras ?	haven't our xylophones who your walruses comforted my vultures my vultures upon your zebras ?
SRC	has our peacock that hasn't annoyed some xylophones remembered your orangutan with her xylophone ?	hasn't our peacock that annoyed some xylophones remembered your orangutan with her xylophone ?
SRC	has the raven who the vulture hasn't admired admired her quail ?	hasn't the raven who the vulture admired admired her quail ? ?
SRC	hasn't our yak who has admired some ravens confused my xylophones ?	has our yak who some ravens some ravens confused my xylophones ?
SRC	have our quails that some tyrannosauruses haven't comforted confused some ravens ?	haven't our quails that some tyrannosauruses comforted confused some ravens ? ?
SRC	has my orangutan who your salamander hasn't comforted entertained your walruses ?	hasn't my orangutan who your salamander comforted entertained has entertained your walruses ?
SRC	have my walruses who haven't applauded the tyrannosaurus accepted her zebras ?	haven't my walruses who applauded the tyrannosaurus have accepted her zebras ?
SRC	has the yak that some unicorn hasn't admired eaten ?	hasn't the yak that some unicorn admired has eaten ?
SRC	haven't the ravens that have amused some walrus changed ?	have the ravens that some amused some walrus changed ?
SRC	haven't the unicorns that her tyrannosauruses have admired giggled ?	have the unicorns that her tyrannosauruses admired giggled ? ?
SRC	have my newts that haven't annoyed some unicorns waited ?	haven't my newts that annoyed some unicorns have waited ?
SRC	haven't our peacocks who some orangutans have entertained moved ?	have our peacocks who some orangutans entertained haven't moved ?
SRC	hasn't some raven who has confused her walrus entertained her tyrannosauruses behind my xylophone ?	has some raven who her confused her entertained her tyrannosauruses behind my xylophone ?
SRC	haven't your tyrannosauruses who my walruses have applauded admired our salamanders near her quail ?	have your tyrannosauruses who my walruses applauded our salamanders admired our salamanders near her quail ?
SRC	has her zebra who hasn't comforted some xylophone annoyed our quails by our walrus ?	hasn't her zebra who some comforted some xylophone annoyed our quails by our walrus ?
SRC	has the unicorn that hasn't amused her tyrannosauruses remembered her unicorn behind your orangutan ?	hasn't the unicorn that her amused her remembered her unicorn behind your orangutan ?
SRC	have her yaks who her newts haven't amused amused your xylophone upon some xylophones ?	haven't her yaks who her newts amused amused your xylophone upon some xylophones ? ?
SRC	hasn't the raven who our raven has applauded confused some walruses above our vulture ?	has the raven who our raven applauded some confused some walruses above our vulture ?
SRC	haven't my zebras that your zebras have accepted annoyed your yaks by her salamanders ?	have my zebras that your zebras accepted haven't annoyed your yaks by her salamanders ?
SRC	haven't her zebras who have annoyed the tyrannosauruses amused some salamander upon our newt ?	have her zebras who the annoyed the tyrannosauruses amused some salamander upon our newt ?
SRC	has our newt that our unicorn hasn't annoyed annoyed my salamander upon her unicorn ?	hasn't our newt that our unicorn annoyed annoyed my salamander upon her unicorn ?
SRC	haven't your peacocks who have annoyed our yaks amused your raven above her quails ?	have your peacocks who our yaks our yaks amused your raven above her quails ?
SRC	haven't your zebras that have entertained her walrus admired my newt ?	have your zebras that her entertained her admired my newt ? ?
SRC	have some vultures who haven't annoyed some walrus admired our unicorns ?	haven't some vultures who annoyed some walrus admired our unicorns ? ?
SRC	hasn't her zebra who has applauded some tyrannosauruses admired the peacock ?	has her zebra who applauded some tyrannosauruses hasn't admired the peacock ?
SRC	haven't the xylophones who have applauded the salamanders admired some newt ?	have the xylophones who applauded the salamanders haven't admired some newt ?
SRC	hasn't your vulture who has confused my orangutans accepted the yaks ?	has your vulture who my orangutans confused hasn't accepted the yaks ?
SRC	have my newts who haven't amused your zebras waited ?	haven't my newts who your zebras amused have waited ?
SRC	has the orangutan that hasn't changed confused our newt ?	hasn't the orangutan that changed confused our newt ? ?
SRC	has the raven that her zebra hasn't comforted eaten ?	hasn't the raven that her zebra comforted has eaten ?
SRC	hasn't her raven that the quail has amused moved ?	has her raven that the quail amused hasn't moved ?
SRC	have some salamanders that her zebras haven't remembered changed ?	haven't some salamanders that her zebras remembered have changed ?
SRC	haven't my vultures who your zebras have comforted annoyed some ravens near some yak ?	have my vultures who your zebras comforted annoyed some ravens near some yak ?
SRC	haven't my tyrannosauruses that our xylophones have annoyed applauded your peacock behind our raven ?	have my tyrannosauruses that our xylophones annoyed haven't applauded your peacock behind our raven ?
SRC	have my zebras who our ravens haven't annoyed accepted some unicorns near your raven ?	haven't my zebras who our ravens annoyed some accepted some unicorns near your raven ?
SRC	haven't her walruses who have accepted the yaks annoyed some walruses upon my tyrannosauruses ?	have her walruses who the accepted the yaks annoyed some walruses upon my tyrannosauruses ?
SRC	have your orangutans who our xylophones haven't entertained comforted our quail around her vultures ?	haven't your orangutans who our xylophones entertained have comforted our quail around her vultures ?
SRC	has the tyrannosaurus that hasn't moved accepted your orangutan ?	hasn't the tyrannosaurus that moved moved your orangutan ? ?
SRC	have the ravens who some ravens haven't admired smiled ?	haven't the ravens who some ravens admired have smiled ?
SRC	has her newt that hasn't changed amused your quails ?	hasn't her newt that changed amused your quails ? ?
SRC	has our salamander who hasn't remembered her walruses read ?	hasn't our salamander who her remembered her read ? ?
SRC	haven't my quails who the ravens have annoyed changed ?	have my quails who the ravens annoyed haven't changed ?
SRC	haven't our tyrannosauruses that have comforted your yaks swum ?	have our tyrannosauruses that comforted your yaks haven't swum ?
SRC	haven't the orangutans who my ravens have accepted smiled ?	have the orangutans who my ravens accepted haven't smiled ?
SRC	hasn't your tyrannosaurus who has amused my ravens waited ?	has your tyrannosaurus who my amused my ravens waited ?
SRC	haven't the xylophones who have confused your unicorn read ?	have the xylophones who your confused your read ? ?
SRC	have our newts that our orangutans haven't accepted moved ?	haven't our newts that our orangutans accepted have moved ?
SRC	haven't my xylophones who have admired your vultures remembered her walruses above the raven ?	have my xylophones who your vultures remembered haven't remembered her walruses above the raven ?
SRC	haven't the peacocks who the ravens have confused admired my xylophone upon some tyrannosauruses ?	have the peacocks who the ravens confused admired my xylophone admired some tyrannosauruses ? ?
SRC	hasn't her walrus that your orangutan has entertained remembered my xylophone upon our tyrannosauruses ?	has her walrus that your orangutan entertained hasn't remembered my xylophone upon our tyrannosauruses ?
SRC	has my raven that my newt hasn't annoyed amused her yak upon your tyrannosauruses ?	hasn't my raven that my newt annoyed has amused her yak upon your tyrannosauruses ?
SRC	have our unicorns that our yaks haven't entertained eaten ?	haven't our unicorns that our yaks entertained have eaten ?
SRC	has the newt who hasn't amused her unicorn changed ?	hasn't the newt who her amused her changed ? ?
SRC	has her orangutan who hasn't remembered her walrus changed ?	hasn't her orangutan who remembered her walrus has changed ?
SRC	hasn't my newt who your raven has comforted waited ?	has my newt who your raven comforted waited ?
SRC	haven't some salamanders that the orangutans have confused moved ?	have some salamanders that the orangutans confused haven't moved ?
SRC	has my newt that hasn't admired your vulture slept ?	hasn't my newt that your vulture vulture has slept ?
SRC	haven't her tyrannosauruses that my salamanders have accepted swum ?	have her tyrannosauruses that my salamanders accepted haven't swum ?
SRC	hasn't the vulture that your newt has entertained read ?	has the vulture that your newt entertained hasn't read ?
SRC	have the walruses who haven't moved annoyed some quail ?	haven't the walruses who moved moved annoyed some quail ?
SRC	have your walruses that the salamanders haven't admired changed ?	haven't your walruses that the salamanders admired have changed ?
SRC	hasn't the yak that has eaten slept ?	has the yak that eaten eaten ?
SRC	haven't our ravens who have moved read ?	have our ravens who moved moved read ?
SRC	haven't your unicorns who have waited swum ?	have your unicorns who have swum ?
SRC	have my xylophones who haven't waited waited ?	haven't my xylophones who have waited waited ?
SRC	haven't the walruses who have eaten moved ?	have the walruses who eaten eaten ?
SRC	haven't your tyrannosauruses that have remembered my salamander remembered her raven around our zebras ?	have your tyrannosauruses that remembered my salamander remembered her raven around our zebras ?
SRC	haven't her unicorns who my yaks have applauded accepted the walruses upon your unicorns ?	have her unicorns who my yaks applauded accepted the walruses behind your unicorns ?
SRC	have some yaks that the unicorns haven't accepted confused her vulture upon my unicorn ?	haven't some yaks that the unicorns accepted have confused her vulture upon my unicorn ?
SRC	haven't my walruses that have amused our vultures confused some orangutans near your xylophones ?	have my walruses that our amused our vultures confused some orangutans near your xylophones ?
SRC	hasn't my peacock that your xylophone has entertained comforted some tyrannosaurus with the orangutans ?	has my peacock that your xylophone entertained hasn't comforted some tyrannosaurus with the orangutans ?
SRC	has my unicorn who hasn't waited moved ?	hasn't my unicorn who has moved ?
SRC	haven't her xylophones that have giggled slept ?	have her xylophones that giggled slept ?
SRC	has your zebra that hasn't slept slept ?	hasn't your zebra that slept slept ? ?
SRC	hasn't the salamander who has smiled smiled ?	hasn't the salamander who smiled smiled smiled ?
SRC	hasn't her orangutan that has waited giggled ?	has her orangutan that waited waited ?
SRC	haven't her newts who have annoyed our xylophones eaten ?	have her newts who our xylophones xylophones haven't eaten ?
SRC	have your vultures that haven't accepted our walrus eaten ?	haven't your vultures that accepted our walrus have eaten ?
SRC	have the quails that haven't amused my quails read ?	haven't the quails that amused my quails have read ?
SRC	have her salamanders who the zebras haven't applauded changed ?	haven't her salamanders who the zebras applauded have changed ?
SRC	haven't our vultures who have amused my newts eaten ?	have our vultures who have amused my newts eaten ?
SRC	have your orangutans that haven't applauded her yaks giggled ?	haven't your orangutans that applauded her yaks have giggled ?
SRC	has the peacock who hasn't amused some vulture swum ?	hasn't the peacock who some amused some has swum ?
SRC	has the tyrannosaurus that my vulture hasn't confused read ?	hasn't the tyrannosaurus that my vulture confused has read ?
SRC	have my vultures who haven't moved annoyed some quails ?	haven't my vultures who moved moved annoyed some quails ?
SRC	has her vulture that her orangutan hasn't entertained moved ?	hasn't her vulture that her orangutan entertained has moved ?
SRC	has my xylophone that hasn't swum applauded your walruses near our zebras ?	hasn't my xylophone that swum applauded applauded your walruses near our zebras ?
SRC	has my salamander who hasn't read comforted my ravens near some orangutans ?	hasn't my salamander who read comforted comforted my ravens near some orangutans ?
SRC	have your orangutans who haven't swum admired her salamander behind the raven ?	haven't your orangutans who have admired her salamander behind the salamander ? ?
SRC	haven't some quails who have smiled accepted some xylophone near your yaks ?	have some quails who have accepted some xylophone near your yaks near your
SRC	hasn't my tyrannosaurus that has waited applauded some zebra by some zebras ?	has my tyrannosaurus that hasn't applauded some zebra by some zebras ? ?
SRC	have my yaks that haven't applauded her newts giggled ?	haven't my yaks that applauded her newts have giggled ?
SRC	has some vulture that your xylophone hasn't comforted slept ?	hasn't some vulture that your xylophone comforted has slept ?
SRC	haven't some orangutans who have admired our ravens swum ?	have some orangutans who our ravens ravens haven't swum ?
SRC	have my peacocks who your yaks haven't accepted swum ?	haven't my peacocks who your yaks accepted have swum ?
SRC	hasn't our tyrannosaurus that has comforted her salamander waited ?	has our tyrannosaurus that comforted her salamander hasn't waited ?
SRC	has the quail who hasn't giggled giggled ?	hasn't the quail who giggled giggled ?
SRC	have the zebras who haven't smiled giggled ?	haven't the zebras who smiled ? giggled ?
SRC	hasn't your quail that has moved moved ?	has your quail that moved moved moved ?
SRC	hasn't the salamander that has smiled read ?	hasn't the salamander that smiled smiled ?
SRC	hasn't her quail that has slept read ?	has her quail that slept read ?
SRC	have our quails who haven't admired my vulture changed ?	haven't our quails who my vulture vulture have changed ?
SRC	has her xylophone that my orangutan hasn't comforted read ?	hasn't her xylophone that my orangutan comforted has read ?
SRC	haven't my salamanders that have moved comforted her tyrannosauruses ?	have my salamanders that have comforted her tyrannosauruses ? ?
SRC	haven't our zebras who your xylophones have applauded changed ?	have our zebras who your xylophones applauded haven't changed ?
SRC	have our xylophones that our newts haven't amused read ?	haven't our xylophones that our newts amused have read ?
SRC	haven't my orangutans who her vultures have amused slept ?	have my orangutans who her vultures amused haven't slept ?
SRC	has our walrus who hasn't amused your yak giggled ?	hasn't our walrus who your yak has giggled ? ?
SRC	have her tyrannosauruses that haven't giggled eaten ?	haven't her tyrannosauruses that giggled eaten ? ? ?
SRC	haven't my newts that have swum slept ?	have my newts that swum slept ? ? ?
SRC	hasn't your yak who has slept waited ?	hasn't your yak who slept waited ? ? ?
SRC	hasn't the newt who has confused some xylophone amused my xylophones ?	has the newt who some confused some xylophone amused my xylophones ?
SRC	hasn't your zebra who our walrus has entertained annoyed my orangutans ?	has your zebra who our walrus entertained hasn't annoyed my orangutans ?
SRC	haven't her zebras that have accepted some zebra remembered my vultures ?	have her zebras that some accepted some remembered my vultures ? ?
SRC	have the ravens that some newts haven't amused entertained the quail ?	haven't the ravens that some newts amused the quail entertained the quail ?
SRC	haven't her walruses who my unicorns have entertained accepted your walruses ?	have her walruses who my unicorns entertained haven't accepted your walruses ?
SRC	have her tyrannosauruses who haven't eaten smiled ?	haven't her tyrannosauruses who eaten eaten ?
SRC	have some quails that haven't swum read ?	haven't some quails that swum ? read ?
SRC	hasn't the newt that has moved moved ?	hasn't the newt that moved moved moved ?
SRC	hasn't the quail that has moved moved ?	has the quail that moved moved moved ?
SRC	has our zebra who hasn't giggled giggled ?	hasn't our zebra who giggled giggled ?
SRC	hasn't some newt who has swum read ?	has some newt who swum read ?
SRC	has her salamander that hasn't giggled smiled ?	hasn't her salamander that giggled smiled ?
SRC	haven't the peacocks that have giggled waited ?	have the peacocks that giggled waited waited ?
SRC	have the walruses who haven't slept moved ?	haven't the walruses who slept moved ?
SRC	have my vultures that haven't waited slept ?	haven't my vultures that have slept ?
SRC	has our vulture who hasn't comforted her vulture waited ?	hasn't our vulture who her vulture her waited ? ?
SRC	hasn't our yak who the orangutan has remembered eaten ?	has our yak who the orangutan remembered hasn't eaten ?
SRC	has our orangutan who hasn't waited confused your salamander ?	hasn't our orangutan who has confused your salamander ? ?
SRC	haven't our walruses who have confused the quail smiled ?	have our walruses who the quail the quail smiled ?
SRC	has your salamander who hasn't moved comforted my zebras ?	hasn't your salamander who moved ? comforted my zebras ?
SRC	hasn't our tyrannosaurus that my orangutan has accepted giggled ?	has our tyrannosaurus that my orangutan accepted hasn't giggled ?
SRC	have our xylophones who haven't accepted our orangutan moved ?	haven't our xylophones who our orangutan accepted our moved ?
SRC	haven't the xylophones who have read accepted the ravens ?	have the xylophones who haven't accepted the ravens ? ?
SRC	has your raven that hasn't entertained her zebras slept ?	hasn't your raven that her entertained her slept ? ?
SRC	haven't some yaks that have moved remembered our tyrannosaurus ?	have some yaks that moved moved our tyrannosaurus ?
SRC	haven't our yaks that some quails have confused remembered our raven by my xylophone ?	have our yaks that some quails confused remembered our raven by my xylophone by my
SRC	have her walruses that our zebras haven't applauded accepted the unicorns around your walruses ?	haven't her walruses that our zebras applauded accepted the unicorns around your walruses around your walruses
SRC	hasn't her vulture who has entertained her walruses amused our xylophone below my yaks ?	has her vulture who her entertained her amused our xylophone below my yaks below my
SRC	haven't your newts that have admired the ravens confused the tyrannosaurus behind our walruses ?	have your newts that the admired the ravens confused the tyrannosaurus behind our walruses ?
SRC	hasn't my zebra who has entertained the xylophones annoyed some walrus behind your ravens ?	has my zebra who the xylophones entertained hasn't annoyed some walrus behind your ravens ?
SRC	haven't her newts that have applauded our vultures entertained our quails ?	have her newts that applauded our vultures entertained our quails ? ?
SRC	hasn't the salamander who the vulture has remembered entertained our ravens ?	has the salamander who the vulture remembered entertained our ravens ? ?
SRC	hasn't her salamander who your vulture has applauded remembered my salamanders ?	has her salamander who your vulture applauded my remembered my salamanders ?
SRC	haven't your ravens who the vultures have confused applauded the salamanders ?	have your ravens who the vultures confused the salamanders applauded the salamanders ?
SRC	have some xylophones who haven't applauded my zebras comforted some peacock ?	haven't some xylophones who applauded my zebras have comforted some peacock ?
SRC	hasn't our xylophone that has waited changed ?	has our xylophone that waited waited changed ?
SRC	hasn't the raven that has read moved ?	hasn't the raven that has moved ?
SRC	have some quails that haven't giggled smiled ?	haven't some quails that giggled smiled ?
SRC	has some orangutan that hasn't smiled read ?	hasn't some orangutan that smiled smiled ?
SRC	have your xylophones who haven't smiled read ?	haven't your xylophones who smiled smiled ?
SRC	has your peacock that hasn't entertained my quails applauded some walruses above your xylophones ?	hasn't your peacock that my entertained my quails applauded some walruses above your xylophones ?
SRC	have the newts that my unicorns haven't confused entertained my salamander around some vulture ?	haven't the newts that my unicorns confused have entertained my salamander around some vulture ?
SRC	haven't my newts that your xylophones have annoyed amused your vultures upon my quails ?	have my newts that your xylophones annoyed haven't amused your vultures upon my quails ?
SRC	hasn't your quail who has amused my quails remembered some quail by your peacocks ?	has your quail who my amused my quails remembered some quail by your peacocks ?
SRC	haven't my orangutans that have comforted some ravens remembered her unicorns above our zebras ?	have my orangutans that comforted some ravens haven't remembered her unicorns above our zebras ?
SRC	has your walrus that hasn't waited remembered our newt with our quails ?	hasn't your walrus that waited waited remembered our newt with our quails ?
SRC	hasn't some walrus that has smiled confused her unicorns by my salamanders ?	hasn't some walrus that smiled smiled her unicorns by my salamanders by my ?
SRC	has our yak that hasn't giggled admired our zebras by our orangutans ?	hasn't our yak that giggled admired our zebras by our orangutans ? ?
SRC	has some yak who hasn't giggled annoyed your walrus around my newts ?	hasn't some yak who giggled annoyed your walrus around my newts around ?
SRC	haven't my yaks that have eaten remembered the quail around some orangutan ?	have my yaks that eaten eaten remembered the quail around some orangutan ?
SRC	has the xylophone that hasn't changed comforted some newt near my newts ?	hasn't the xylophone that changed comforted some newt near my newts near my ?
SRC	have the orangutans that haven't waited confused your yaks around some zebras ?	haven't the orangutans that have confused your yaks around some zebras ? ?
SRC	has some yak who hasn't eaten confused our walruses below her quails ?	hasn't some yak who eaten eaten eaten our walruses below her quails ?
SRC	haven't her quails that have waited applauded my unicorns around her tyrannosauruses ?	have her quails that haven't applauded applauded my unicorns around her tyrannosauruses ?
SRC	hasn't your walrus who has swum annoyed our xylophones around some quails ?	hasn't your walrus who swum annoyed our xylophones around some quails around some ?
SRC	have some vultures that some zebras haven't comforted moved ?	haven't some vultures that some zebras comforted have moved ?
SRC	have her vultures who haven't comforted the walruses changed ?	haven't her vultures who comforted the walruses have changed ?
SRC	have her vultures that haven't eaten comforted some quail ?	haven't her vultures that eaten eaten eaten ? ?
SRC	hasn't some unicorn who has amused your peacocks smiled ?	has some unicorn who amused your peacocks hasn't smiled ?
SRC	hasn't the unicorn who has admired your yaks waited ?	has the unicorn who your yaks your waited ? ?
SRC	has some tyrannosaurus that hasn't changed confused my newts ?	hasn't some tyrannosaurus that changed confused my newts ? ?
SRC	has our zebra who some vulture hasn't accepted slept ?	hasn't our zebra who some vulture accepted has slept ?
SRC	hasn't some salamander who has swum entertained my vultures ?	has some salamander who swum entertained my vultures ? ?
SRC	has your orangutan that hasn't admired some unicorns waited ?	hasn't your orangutan that some admired some waited ? ?
SRC	hasn't your newt who your zebra has confused moved ?	has your newt who your zebra confused hasn't moved ?
SRC	hasn't her unicorn that my vulture has confused applauded some walruses ?	has her unicorn that my vulture confused hasn't applauded some walruses ?
SRC	have some unicorns who haven't remembered some tyrannosaurus annoyed your zebra ?	haven't some unicorns who remembered some tyrannosaurus have annoyed your zebra ?
SRC	hasn't some quail who some newt has amused accepted our walruses ?	has some quail who some newt amused hasn't accepted our walruses ?
SRC	haven't your newts who have comforted your peacock slept ?	have your newts who your peacock haven't slept ? ? ?
SRC	has some vulture who our zebra hasn't entertained giggled ?	hasn't some vulture who our zebra entertained has giggled ? ?
SRC	has our raven that hasn't eaten changed ?	hasn't our raven that eaten eaten ?
SRC	hasn't the yak who has eaten moved ?	hasn't the yak who eaten eaten ?
SRC	has some xylophone who hasn't smiled changed ?	hasn't some xylophone who smiled ? changed ?
SRC	hasn't her xylophone who has changed read ?	has her xylophone who changed read ?
SRC	have some unicorns who haven't giggled read ?	haven't some unicorns who giggled read ?
SRC	hasn't our raven that her peacock has applauded changed ?	has our raven that her peacock applauded hasn't changed ?
SRC	hasn't her zebra that the tyrannosaurus has annoyed changed ?	has her zebra that the tyrannosaurus annoyed hasn't changed ?
SRC	have our salamanders that haven't annoyed your unicorn smiled ?	haven't our salamanders that your annoyed your unicorn smiled ?
SRC	has some walrus who hasn't remembered my orangutans giggled ?	hasn't some walrus who remembered my orangutans has giggled ?
SRC	have her unicorns who haven't confused the vulture changed ?	haven't her unicorns who the confused the vulture changed ?
SRC	hasn't the raven who your salamander has admired accepted our vultures behind your vulture ?	has the raven who your salamander admired our vultures behind our vulture behind your vulture ?
SRC	has the walrus who hasn't entertained my peacocks confused the salamander below her yaks ?	hasn't the walrus who my entertained my has confused the salamander below her yaks ?
SRC	haven't your xylophones that your xylophones have entertained admired some salamanders by my vultures ?	have your xylophones that your xylophones entertained haven't admired some salamanders by my vultures ?
SRC	hasn't her newt who her raven has comforted entertained your peacock above your peacock ?	has her newt who her raven comforted entertained hasn't entertained your peacock above your peacock ?
SRC	has my zebra who hasn't confused my newts comforted some tyrannosauruses by my yaks ?	hasn't my zebra who my newts comforted some tyrannosauruses by some tyrannosauruses by my yaks ?
SRC	hasn't your tyrannosaurus that has comforted some walruses giggled ?	has your tyrannosaurus that comforted some walruses hasn't giggled ?
SRC	has some peacock who hasn't accepted my xylophone moved ?	hasn't some peacock who my accepted my xylophone moved ?
SRC	hasn't her orangutan who has moved annoyed our quail ?	hasn't her orangutan who moved moved our quail ? ?
SRC	have your yaks who haven't comforted your orangutans changed ?	haven't your yaks who your comforted your orangutans have changed ?
SRC	hasn't some xylophone that has smiled entertained her tyrannosaurus ?	has some xylophone that smiled entertained her tyrannosaurus ?
SRC	hasn't my raven who has annoyed the xylophone read ?	has my raven who the annoyed the xylophone read ?
SRC	hasn't your tyrannosaurus that has amused the yaks giggled ?	has your tyrannosaurus that amused the yaks hasn't giggled ?
SRC	has our salamander who hasn't eaten entertained the xylophone ?	hasn't our salamander who eaten eaten entertained the xylophone ?
SRC	hasn't your newt who some xylophone has accepted read ?	has your newt who some xylophone accepted hasn't read ?
SRC	haven't her peacocks that have admired the quail eaten ?	have her peacocks that the admired the quail eaten ?
SRC	hasn't your peacock that has changed giggled ?	has your peacock that changed giggled giggled ?
SRC	hasn't some xylophone who has moved waited ?	hasn't some xylophone who moved moved ?
SRC	hasn't your unicorn who has smiled eaten ?	hasn't your unicorn who smiled eaten ?
SRC	have some newts who haven't waited changed ?	haven't some newts who have changed changed ?
SRC	have her unicorns that haven't waited swum ?	haven't her unicorns that waited waited swum ?
SRC	has the orangutan that hasn't giggled swum ?	hasn't the orangutan that giggled swum ?
SRC	has the unicorn who hasn't giggled waited ?	hasn't the unicorn who giggled waited ?
SRC	haven't your newts who have swum slept ?	have your newts who have slept ?
SRC	has our zebra who hasn't changed read ?	hasn't our zebra who changed read ?
SRC	has our yak that hasn't moved smiled ?	hasn't our yak that moved moved ?
SRC	haven't our ravens that her yaks have comforted read ?	have our ravens that her yaks comforted haven't read ?
SRC	hasn't her tyrannosaurus who has amused our unicorn read ?	has her tyrannosaurus who our amused our unicorn read ?
SRC	have our vultures who the yaks haven't admired eaten ?	haven't our vultures who the yaks admired have eaten ?
SRC	have the walruses that haven't accepted her quail smiled ?	haven't the walruses that accepted her quail have smiled ?
SRC	hasn't the xylophone that our xylophone has applauded giggled ?	has the xylophone that our xylophone applauded hasn't giggled ?
SRC	has some zebra that hasn't slept slept ?	hasn't some zebra that slept slept ?
SRC	haven't her orangutans that have changed changed ?	have her orangutans that changed changed changed ?
SRC	has the zebra that hasn't slept swum ?	hasn't the zebra that slept swum ?
SRC	have your newts who haven't read read ?	haven't your newts who have read ?
SRC	have your yaks that haven't read giggled ?	haven't your yaks that have giggled giggled ?
SRC	has my salamander that the tyrannosaurus hasn't entertained smiled ?	hasn't my salamander that the tyrannosaurus entertained has smiled ?
SRC	have some peacocks who our tyrannosauruses haven't comforted moved ?	haven't some peacocks who our tyrannosauruses comforted have moved ?
SRC	have your xylophones that haven't amused my tyrannosauruses read ?	haven't your xylophones that amused my tyrannosauruses have read ?
SRC	hasn't my peacock that has applauded the salamander smiled ?	has my peacock that applauded the salamander hasn't smiled ?
SRC	haven't your unicorns that have amused my quails eaten ?	have your unicorns that have amused my eaten ?
